2.819924970000001e+008    4.468345886460e+006   -1.716979861480e+006    4.947040498513e+006   -5.530943306688e+003    6.181451588699e+002    5.184261679405e+003
2.819925569999997e+008    4.126930775048e+006   -1.676150317242e+006    5.246991853840e+006   -5.845449943674e+003    7.422857403363e+002    4.810229522161e+003
2.819926169999999e+008    3.767405320337e+006   -1.627965146399e+006    5.523850033722e+006   -6.134326674328e+003    8.631948300008e+002    4.415035405130e+003
2.819926770000001e+008    3.391350036685e+006   -1.572636567381e+006    5.776406450131e+006   -6.396291345971e+003    9.803317307392e+002    4.000327216095e+003
2.819927370000003e+008    3.000411466256e+006   -1.510406234069e+006    6.003539906210e+006   -6.630255801719e+003    1.093178651593e+003    3.567923160379e+003
2.819927969999999e+008    2.596305263992e+006   -1.441546895836e+006    6.204252091212e+006   -6.835072739061e+003    1.201226182788e+003    3.119931347668e+003
2.819928570000001e+008    2.180803525066e+006   -1.366359676266e+006    6.377656601276e+006   -7.009913789283e+003    1.304007734399e+003    2.658130409094e+003
2.819929170000002e+008    1.755728869710e+006   -1.285174260550e+006    6.522986449065e+006   -7.154049774477e+003    1.401109809276e+003    2.184489140171e+003
2.819929769999998e+008    1.322946255299e+006   -1.198346424327e+006    6.639598577237e+006   -7.266762820403e+003    1.492029481071e+003    1.701156351008e+003
2.819930370000000e+008    8.843550533735e+005   -1.106255943702e+006    6.726970871453e+006   -7.347597395815e+003    1.576471997638e+003    1.210221288792e+003
2.819930970000002e+008    4.418805299326e+005   -1.009305727605e+006    6.784717674321e+006   -7.396168490339e+003    1.653957818660e+003    7.139833075292e+002
2.819931569999998e+008   -2.534818661671e+003   -9.079210673511e+005    6.812573799539e+006   -7.412286938165e+003    1.724215882930e+003    2.142120892797e+002
2.819932169999999e+008   -4.469391507028e+005   -8.025469183830e+005    6.810408044887e+006   -7.395808590405e+003    1.786898191506e+003   -2.864626128782e+002
2.819932770000002e+008   -8.893784303849e+005   -6.936440420854e+005    6.778223204058e+006   -7.346787444367e+003    1.841777327902e+003   -7.860507182174e+002
2.819933369999998e+008   -1.327906882001e+006   -5.816908142049e+005    6.716145083607e+006   -7.265479871160e+003    1.888568597224e+003   -1.282441818572e+003
2.819933969999999e+008   -1.760593643385e+006   -4.671788351798e+005    6.624441014018e+006   -7.152139251428e+003    1.927039359297e+003   -1.773275507959e+003
2.819934570000001e+008   -2.185532324119e+006   -3.506105996462e+005    6.503501865366e+006   -7.007269942679e+003    1.957057363690e+003   -2.256550967180e+003
2.819935170000003e+008   -2.600848625754e+006   -2.324988113815e+005    6.353848559779e+006   -6.831499938225e+003    1.978484970612e+003   -2.730067175492e+003
2.819935769999999e+008   -3.004708658145e+006   -1.133627707873e+005    6.176129085156e+006   -6.625565426825e+003    1.991198924936e+003   -3.191712935261e+003
2.819936370000001e+008   -3.395328435055e+006    6.272580627581e+003    5.971121010685e+006   -6.390298921163e+003    1.995130136121e+003   -3.639526889583e+003
2.819936970000003e+008   -3.770978296139e+006    1.258808498293e+005    5.739711494220e+006   -6.126755685618e+003    1.990278552558e+003   -4.071337315034e+003
2.819937569999998e+008   -4.129993379616e+006    2.449339187125e+005    5.482912299359e+006   -5.836068262039e+003    1.976623780314e+003   -4.485422363775e+003
2.819938170000001e+008   -4.470782983597e+006    3.629058039897e+005    5.201850310858e+006   -5.519460600767e+003    1.954252064382e+003   -4.879840033825e+003
2.819938770000002e+008   -4.791835482940e+006    4.792764027278e+005    4.897758042810e+006   -5.178334117365e+003    1.923255894201e+003   -5.252838033914e+003
2.819939369999998e+008   -5.091722659983e+006    5.935303217830e+005    4.571972145645e+006   -4.814195234623e+003    1.883724251657e+003   -5.602693901831e+003
2.819939970000000e+008   -5.369111741637e+006    7.051620436562e+005    4.225928925973e+006   -4.428665319716e+003    1.835880492633e+003   -5.927844982105e+003
2.819940570000002e+008   -5.622766274007e+006    8.136766045951e+005    3.861153348034e+006   -4.023389336155e+003    1.779875018709e+003   -6.226858584336e+003
2.819941169999998e+008   -5.851558144562e+006    9.185933459894e+005    3.479256553451e+006   -3.600195489264e+003    1.716004807687e+003   -6.498341712822e+003
2.819941769999999e+008   -6.054467625897e+006    1.019447842653e+006    3.081926861380e+006   -3.160942050853e+003    1.644508748938e+003   -6.741091325789e+003
2.819942370000002e+008   -6.230590723155e+006    1.115791783344e+006    2.670923780468e+006   -2.707643966323e+003    1.565722143297e+003   -6.953954121772e+003
2.819942969999997e+008   -6.379142415261e+006    1.207199162271e+006    2.248068014407e+006   -2.242232632992e+003    1.479996021809e+003   -7.136016935135e+003
2.819943569999999e+008   -6.499461637230e+006    1.293263681820e+006    1.815234769919e+006   -1.766900506986e+003    1.387720214426e+003   -7.286426173041e+003
2.819944170000001e+008   -6.591013131819e+006    1.373604683788e+006    1.374344360036e+006   -1.283659676861e+003    1.289270015099e+003   -7.404498537591e+003
2.819944769999997e+008   -6.653392516184e+006    1.447866141373e+006    9.273535122964e+005   -7.948289970846e+002    1.185147834125e+003   -7.489700225271e+003
2.819945369999999e+008   -6.686325139993e+006    1.515719836543e+006    4.762467670115e+005   -3.025041005699e+002    1.075780171659e+003   -7.541637800119e+003
2.819945970000001e+008   -6.689669928382e+006    1.576867245920e+006    2.302698360504e+004    1.910546530120e+002    9.616710716604e+002   -7.560117554420e+003
2.819946570000002e+008   -6.663415264555e+006    1.631036206932e+006   -4.302964662715e+005    6.836802227020e+002    8.433526717724e+002   -7.545025931434e+003
2.819947169999998e+008   -6.607688028029e+006    1.677992518313e+006   -8.817107834827e+005    1.173149377370e+003    7.213169003577e+002   -7.496539285080e+003
2.819947770000000e+008   -6.522743515527e+006    1.717528895969e+006   -1.329215658366e+006    1.657221488778e+003    5.961079646010e+002   -7.414783938504e+003
2.819948370000002e+008   -6.408969971961e+006    1.749474501701e+006   -1.770828762923e+006    2.133804677378e+003    4.683473085934e+002   -7.300226454269e+003
2.819948969999998e+008   -6.266883485434e+006    1.773691033712e+006   -2.204596459330e+006    2.600679665655e+003    3.385676707501e+002   -7.153373191413e+003
2.819949570000000e+008   -6.097126625834e+006    1.790076926422e+006   -2.628602801989e+006    3.055807409055e+003    2.074116479526e+002   -6.974940798050e+003
2.819950170000002e+008   -5.900464636444e+006    1.798562544370e+006   -3.040976543957e+006    3.497133198748e+003    7.540365721331e+001   -6.765785902371e+003
2.819950769999998e+008   -5.677783499785e+006    1.799117706596e+006   -3.439903039778e+006    3.922812540368e+003   -5.689080864153e+001   -6.526845473479e+003
2.819951369999999e+008   -5.430079935122e+006    1.791743315483e+006   -3.823626162173e+006    4.330852078456e+003   -1.887781286070e+002   -6.259246232251e+003
2.819951970000001e+008   -5.158463330872e+006    1.776477740234e+006   -4.190463098620e+006    4.719602665810e+003   -3.197704593237e+002   -5.964185470144e+003
2.819952569999997e+008   -4.864146327438e+006    1.753394374273e+006   -4.538807866821e+006    5.087270989776e+003   -4.492679227920e+002   -5.643070238807e+003
2.819953169999999e+008   -4.548440408732e+006    1.722600520360e+006   -4.867137821950e+006    5.432293935924e+003   -5.766953256535e+002   -5.297307966256e+003
2.819953770000001e+008   -4.212751208776e+006    1.684238802846e+006   -5.174023164251e+006    5.753230862769e+003   -7.014885661054e+002   -4.928456280861e+003
2.819954370000003e+008   -3.858563647696e+006    1.638480756648e+006   -5.458126463560e+006    6.048630875215e+003   -8.231018152110e+002   -4.538242795352e+003
2.819954969999999e+008   -3.487447190434e+006    1.585534525567e+006   -5.718216650405e+006    6.317279420067e+003   -9.409906595865e+002   -4.128335507689e+003
2.820039000000003e+008    4.276906110871e+006   -1.684603323975e+006    5.123431562524e+006   -5.717370191262e+003    6.776021667592e+002    4.970464880502e+003
2.820039599999998e+008    3.924729374026e+006   -1.640279002131e+006    5.410167390751e+006   -6.017467872464e+003    7.992699808406e+002    4.583989044482e+003
2.820040200000001e+008    3.555333449336e+006   -1.588757668183e+006    5.673099581044e+006   -6.291216955079e+003    9.174263497901e+002    4.177230082676e+003
2.820040800000002e+008    3.170337547628e+006   -1.530264504773e+006    5.911070982902e+006   -6.537280570849e+003    1.031574990663e+003    3.752225796279e+003
2.820041399999998e+008    2.771429044821e+006   -1.465055546096e+006    6.123030333458e+006   -6.754755517458e+003    1.141189454791e+003    3.310574691169e+003
2.820042000000000e+008    2.360358235194e+006   -1.393416727922e+006    6.308043766086e+006   -6.942588491832e+003    1.245828077796e+003    2.854305033131e+003
2.820042600000002e+008    1.938927405548e+006   -1.315661692704e+006    6.465293828302e+006   -7.099981624323e+003    1.345017529774e+003    2.385385502625e+003
2.820043199999998e+008    1.508984186084e+006   -1.232130197544e+006    6.594081492683e+006   -7.226210111527e+003    1.438278073703e+003    1.905974899122e+003
2.820043799999999e+008    1.072415874241e+006   -1.143188459647e+006    6.693838166105e+006   -7.320738440327e+003    1.525287472548e+003    1.418002337555e+003
2.820044400000002e+008    6.311381329376e+005   -1.049226342136e+006    6.764117208288e+006   -7.383155509673e+003    1.605586251005e+003    9.236471295319e+002
2.820044999999997e+008    1.870879184252e+005   -9.506549879510e+005    6.804601443431e+006   -7.413110367127e+003    1.678859295869e+003    4.252086915355e+002
2.820045599999999e+008   -2.577844707622e+005   -8.479063911968e+005    6.815105673198e+006   -7.410533411843e+003    1.744755039105e+003   -7.521310344807e+001
2.820046200000001e+008   -7.015237147274e+005   -7.414310221002e+005    6.795573190375e+006   -7.375360353510e+003    1.803055320493e+003   -5.755483676241e+002
2.820046800000003e+008   -1.142178893312e+006   -6.316958204731e+005    6.746079794327e+006   -7.307736886475e+003    1.853388401022e+003   -1.073536877924e+003
2.820047399999999e+008   -1.577810607572e+006   -5.191823199378e+005    6.666834302685e+006   -7.207987790674e+003    1.895612209367e+003   -1.567018108909e+003
2.820048000000001e+008   -2.006499802543e+006   -4.043843799088e+005    6.558173565822e+006   -7.076432764566e+003    1.929495376511e+003   -2.053751547479e+003
2.820048600000002e+008   -2.426356690906e+006   -2.878069336749e+005    6.420564981456e+006   -6.913671171899e+003    1.954937121664e+003   -2.531616218902e+003
2.820049199999998e+008   -2.835529814801e+006   -1.699625923796e+005    6.254602509566e+006   -6.720389181474e+003    1.971728193222e+003   -2.998461012011e+003
2.820049800000000e+008   -3.232209807559e+006   -5.136925805602e+004    6.061009678639e+006   -6.497414720465e+003    1.979833122512e+003   -3.452314576797e+003
2.820050400000002e+008   -3.614642921210e+006    6.744970064835e+004    5.840625107686e+006   -6.245656537499e+003    1.979262947084e+003   -3.891105429259e+003
2.820050999999998e+008   -3.981136991960e+006    1.859705995044e+005    5.594413016213e+006   -5.966295619012e+003    1.969919751612e+003   -4.312951647107e+003
2.820051600000000e+008   -4.330067554167e+006    3.036702949689e+005    5.323450734206e+006   -5.660449917076e+003    1.951902173904e+003   -4.715831401437e+003
2.820052200000002e+008   -4.659885527256e+006    4.200287562914e+005    5.028926214778e+006   -5.329452557248e+003    1.925250681774e+003   -5.098032515836e+003
2.820052799999998e+008   -4.969127016798e+006    5.345319519245e+005    4.712133050262e+006   -4.974795504606e+003    1.890072351401e+003   -5.457872552000e+003
2.820053399999999e+008   -5.256416608735e+006    6.466728624423e+005    4.374464477622e+006   -4.597983909810e+003    1.846530592805e+003   -5.793649047493e+003
2.820054000000001e+008   -5.520476491115e+006    7.559550089175e+005    4.017409893473e+006   -4.200754447809e+003    1.794832471420e+003   -6.103879160859e+003
2.820054599999997e+008   -5.760130145044e+006    8.618937618212e+005    3.642543860145e+006   -3.784752735846e+003    1.735103455075e+003   -6.387100202860e+003
2.820055199999999e+008   -5.974311358601e+006    9.640213998455e+005    3.251525320604e+006   -3.351931240716e+003    1.667758272628e+003   -6.642078971056e+003
2.820055800000001e+008   -6.162065227288e+006    1.061883177147e+006    2.846082799879e+006   -2.904180514805e+003    1.593002426075e+003   -6.867692373798e+003
2.820056400000003e+008   -6.322555377069e+006    1.155046422909e+006    2.428012617254e+006   -2.443524052087e+003    1.511233100205e+003   -7.062807093853e+003
2.820056999999999e+008   -6.455068884484e+006    1.243097860347e+006    1.999167694149e+006   -1.971854238258e+003    1.422678231783e+003   -7.226700036071e+003
2.820057600000001e+008   -6.559013049603e+006    1.325647093665e+006    1.561449849007e+006   -1.491649977574e+003    1.327892443957e+003   -7.358457134053e+003
2.820058200000002e+008   -6.633927894362e+006    1.402327722102e+006    1.116801617711e+006   -1.004647731829e+003    1.227166808953e+003   -7.457615544125e+003
2.820058799999998e+008   -6.679484294944e+006    1.472801755197e+006    6.671970507260e+005   -5.132679810837e+002    1.121052172296e+003   -7.523641295764e+003
2.820059400000000e+008   -6.695481977048e+006    1.536757125285e+006    2.146312097082e+005   -1.968064350395e+001    1.009961969383e+003   -7.556310833559e+003
2.820060000000002e+008   -6.681856085569e+006    1.593912562413e+006   -2.388871215732e+005    4.738556178433e+002    8.944503423387e+002   -7.555420450941e+003
2.820060599999998e+008   -6.638673896716e+006    1.644016651192e+006   -6.913452426493e+005    9.651908387613e+002    7.750137792241e+002   -7.520996621455e+003
2.820061200000000e+008   -6.566132276040e+006    1.686848829602e+006   -1.140738240463e+006    1.451888980101e+003    6.522439426601e+002   -7.453215348224e+003
2.820061800000002e+008   -6.464570158854e+006    1.722225249249e+006   -1.585073568761e+006    1.932111806213e+003    5.265986767162e+002   -7.352453615013e+003
2.820062399999998e+008   -6.334445683635e+006    1.749991529371e+006   -2.022385785717e+006    2.403608845729e+003    3.986763711458e+002   -7.219207727420e+003
2.820062999999999e+008   -6.176349372848e+006    1.770029734366e+006   -2.450741732128e+006    2.864235999787e+003    2.690875160360e+002   -7.054074163934e+003
2.820063600000001e+008   -5.990994598192e+006    1.782256214535e+006   -2.868252047070e+006    3.311959182687e+003    1.383326729616e+002   -6.857789587621e+003
2.820064199999997e+008   -5.779213810667e+006    1.786620347737e+006   -3.273074974102e+006    3.744756254575e+003    7.122465758262e+000   -6.631360671546e+003
2.820064799999999e+008   -5.541958647172e+006    1.783110309678e+006   -3.663430760844e+006    4.160776689465e+003   -1.240588798304e+002   -6.375754378928e+003
2.820065400000001e+008   -5.280292032446e+006    1.771745898183e+006   -4.037605872182e+006    4.558238648642e+003   -2.545970328993e+002   -6.092127779075e+003
2.820066000000003e+008   -4.995380771484e+006    1.752580646215e+006   -4.393953802243e+006    4.935280225727e+003   -3.838865215341e+002   -5.781867811524e+003
2.820066599999998e+008   -4.688497755313e+006    1.725709840015e+006   -4.730928070466e+006    5.290367510282e+003   -5.114040777521e+002   -5.446381954142e+003
2.820067200000001e+008   -4.361008003536e+006    1.691255517325e+006   -5.047053245012e+006    5.621973169518e+003   -6.366371062912e+002   -5.087107696039e+003
2.820067800000002e+008   -4.014362535401e+006    1.649370033884e+006   -5.340941952601e+006    5.928656103928e+003   -7.589328024440e+002   -4.705702660564e+003
2.820068399999998e+008   -3.650099205544e+006    1.600247742715e+006   -5.611329676651e+006    6.209015129905e+003   -8.778287307304e+002   -4.303964545178e+003
2.820149980000002e+008    5.614988382800e+006   -1.777452252049e+006    3.571497720182e+006   -4.075327230260e+003    9.129313542436e+001    6.419114765803e+003
2.820150579999997e+008    5.358329148181e+006   -1.768079461086e+006    3.948505237447e+006   -4.476823698619e+003    2.210088709722e+002    6.143184935922e+003
2.820151179999999e+008    5.078159319806e+006   -1.750948577318e+006    4.308139619747e+006   -4.858712218621e+003    3.497515697544e+002    5.840253071331e+003
2.820151780000001e+008    4.775708870824e+006   -1.726135347480e+006    4.648819157162e+006   -5.219271366070e+003    4.769923747321e+002    5.511586342789e+003
2.820152380000003e+008    4.452302832198e+006   -1.693747769882e+006    4.969043683409e+006   -5.556939739096e+003    6.021458651117e+002    5.158662179409e+003
2.820152979999999e+008    4.109359446026e+006   -1.653928165232e+006    5.267402878752e+006   -5.870246949593e+003    7.246401854265e+002    4.783018159325e+003
2.820153580000001e+008    3.748384918261e+006   -1.606850308469e+006    5.542583778705e+006   -6.157813306017e+003    8.439654385144e+002    4.386322011573e+003
2.820154180000003e+008    3.370959577663e+006   -1.552721486438e+006    5.793374296492e+006   -6.418395901213e+003    9.595901128530e+002    3.970281687116e+003
2.820154779999998e+008    2.978739744437e+006   -1.491778988816e+006    6.018667720170e+006   -6.650790018640e+003    1.071028993207e+003    3.536765201541e+003
2.820155380000001e+008    2.573446082498e+006   -1.424289162231e+006    6.217471731668e+006   -6.854011578694e+003    1.177731945091e+003    3.087670926953e+003
2.820155980000002e+008    2.156856893495e+006   -1.350547974884e+006    6.388909417693e+006   -7.027212035834e+003    1.279310893701e+003    2.624867463998e+003
2.820156579999998e+008    1.730799331690e+006   -1.270877214301e+006    6.532222784225e+006   -7.169545924105e+003    1.375289178974e+003    2.150453414407e+003
2.820157180000000e+008    1.297141464832e+006   -1.185627890867e+006    6.646774269298e+006   -7.280434543853e+003    1.465236349301e+003    1.666527816866e+003
2.820157780000002e+008    8.577875244717e+005   -1.095172086813e+006    6.732054251137e+006   -7.359355969845e+003    1.548778950028e+003    1.175149805238e+003
2.820158379999998e+008    4.146656349051e+005   -9.999055731530e+005    6.787683568036e+006   -7.405982872565e+003    1.625525517785e+003    6.784488297573e+002
2.820158979999999e+008   -3.027789148237e+004   -9.002459131273e+005    6.813408027735e+006   -7.420085912383e+003    1.695176764103e+003    1.786945049281e+002
2.820159580000001e+008   -4.750882373390e+005   -7.966302634479e+005    6.809106923319e+006   -7.401549894485e+003    1.757365120433e+003   -3.220433722388e+002
2.820160179999997e+008   -9.178106256359e+005   -6.895119955546e+005    6.774788547297e+006   -7.350472764337e+003    1.811853204905e+003   -8.214846508781e+002
2.820160779999999e+008   -1.356496954302e+006   -5.793613826675e+005    6.710594202390e+006   -7.267055055443e+003    1.858402418802e+003   -1.317539013238e+003
2.820161380000001e+008   -1.789215271227e+006   -4.666613337487e+005    6.616797717174e+006   -7.151616721317e+003    1.896796393205e+003   -1.807935945637e+003
2.820161979999996e+008   -2.214058865983e+006   -3.519081715400e+005    6.493798460853e+006   -7.004646882882e+003    1.926866415710e+003   -2.290544656590e+003
2.820162579999999e+008   -2.629153991039e+006   -2.356055161606e+005    6.342127856143e+006   -6.826784888196e+003    1.948409607167e+003   -2.763284111457e+003
2.820163180000001e+008   -3.032668058068e+006   -1.182646513989e+005    6.162444892604e+006   -6.618755486395e+003    1.961409239277e+003   -3.224013127451e+003
2.820163780000002e+008   -3.422817817765e+006   -4.025178330577e+002    5.955530640068e+006   -6.381443572620e+003    1.965795323378e+003   -3.670700263444e+003
2.820164379999998e+008   -3.797877753898e+006    1.174613687434e+005    5.722286762460e+006   -6.115931315950e+003    1.961502500871e+003   -4.101313756543e+003
2.820164980000000e+008   -4.156185646752e+006    2.348081362053e+005    5.463733027019e+006   -5.823285864345e+003    1.948556766603e+003   -4.514001864210e+003
2.820165580000002e+008   -4.496153210770e+006    3.511188012231e+005    5.181001821592e+006   -5.504805717319e+003    1.926983804370e+003   -4.906912466831e+003
2.820166179999998e+008   -4.816272221439e+006    4.658803837250e+005    4.875335664913e+006   -5.161872391817e+003    1.896899179006e+003   -5.278243305243e+003
2.820166780000000e+008   -5.115120399275e+006    5.785840082664e+005    4.548076716086e+006   -4.796040149526e+003    1.858448823132e+003   -5.626351837469e+003
2.820167380000002e+008   -5.391367417047e+006    6.887313748495e+005    4.200666784692e+006   -4.408820884624e+003    1.811744794353e+003   -5.949695592310e+003
2.820167979999998e+008   -5.643784228147e+006    7.958341558320e+005    3.834637845948e+006   -4.002033389565e+003    1.757051197954e+003   -6.246731591075e+003
2.820168579999999e+008   -5.871250925747e+006    8.994202041290e+005    3.451609053814e+006   -3.577360911604e+003    1.694518084936e+003   -6.516187081763e+003
2.820169180000001e+008   -6.072747508528e+006    9.990279313867e+005    3.053270425655e+006   -3.136720396807e+003    1.624466105520e+003   -6.756838923367e+003
2.820169779999997e+008   -6.247379516336e+006    1.094216789957e+006    2.641388084532e+006   -2.682173695396e+003    1.547283602079e+003   -6.967523735508e+003
2.820170379999999e+008   -6.394371199085e+006    1.184565156534e+006    2.217787247953e+006   -2.215688048943e+003    1.463166195939e+003   -7.147328301500e+003
2.820170980000001e+008   -6.513065764543e+006    1.269670770147e+006    1.784344928280e+006   -1.739352326199e+003    1.372625440742e+003   -7.295419191409e+003
2.820171580000003e+008   -6.602938411303e+006    1.349159429623e+006    1.342984254396e+006   -1.255314763327e+003    1.275992083660e+003   -7.411122887331e+003
2.820172179999999e+008   -6.663593193569e+006    1.422678908252e+006    8.956658662837e+005   -7.657337587646e+002    1.173715808286e+003   -7.493985849374e+003
2.820172780000001e+008   -6.694761587488e+006    1.489903090628e+006    4.443730128788e+005   -2.728687082528e+002    1.066282061217e+003   -7.543564371284e+003
2.820173380000002e+008   -6.696310313019e+006    1.550536363784e+006   -8.891334976724e+003    2.212010844040e+002    9.540966163272e+002   -7.559635044398e+003
2.820173979999998e+008   -6.668239545406e+006    1.604311217992e+006   -4.621166875749e+005    7.140950784114e+002    8.377429654644e+002   -7.542243960882e+003
2.820174580000000e+008   -6.610681784480e+006    1.650992244777e+006   -9.132928380012e+005    1.203727875705e+003    7.177244698653e+002   -7.491387697675e+003
2.820175180000002e+008   -6.523899631021e+006    1.690375304150e+006   -1.360422065811e+006    1.687848312405e+003    5.945689051680e+002   -7.407362560713e+003
2.820175779999998e+008   -6.408292682234e+006    1.722289785360e+006   -1.801523125685e+006    2.164252798373e+003    4.688504287863e+002   -7.290554931331e+003
2.820176379999999e+008   -6.264382022703e+006    1.746597602873e+006   -2.234645572768e+006    2.630912304418e+003    3.411333773811e+002   -7.141531476048e+003
2.820176980000002e+008   -6.092819474114e+006    1.763195829247e+006   -2.657876747478e+006    3.085702634422e+003    2.119803021343e+002   -6.960978706461e+003
2.820177579999997e+008   -5.894377386689e+006    1.772015588283e+006   -3.069350492201e+006    3.526567554579e+003    8.197094993150e+001   -6.749753244300e+003
2.820178179999999e+008   -5.669946696526e+006    1.773021764010e+006   -3.467254254479e+006    3.951660338270e+003   -4.835845645083e+001   -6.508842054989e+003
2.820178780000001e+008   -5.420536290180e+006    1.766218719832e+006   -3.849839887785e+006    4.359013992555e+003   -1.783288240919e+002   -6.239341901197e+003
2.820179380000003e+008   -5.147258561377e+006    1.751638051014e+006   -4.215428475651e+006    4.746882000952e+003   -3.074668359579e+002   -5.942469914907e+003
2.820545990000000e+008    6.269531631713e+006   -1.707185350340e+006    2.294867879646e+006   -2.705836204167e+003   -3.368811221045e+002    7.096240756778e+003
2.820546590000002e+008    6.093549398138e+006   -1.723639163593e+006    2.715283966164e+006   -3.158059213017e+003   -2.113873560074e+002    6.912484508364e+003
2.820547189999998e+008    5.890839847466e+006   -1.732532135103e+006    3.123759014907e+006   -3.596469922971e+003   -8.496790835593e+001    6.698275712333e+003
2.820547789999999e+008    5.662286712826e+006   -1.733825386168e+006    3.518491082403e+006   -4.019197026817e+003    4.185244553750e+001    6.454601291112e+003
2.820548390000001e+008    5.408895924920e+006   -1.727512564956e+006    3.897748724303e+006   -4.424221481966e+003    1.684915104392e+002    6.182497923406e+003
2.820548989999997e+008    5.131773189422e+006   -1.713620618352e+006    4.259855531925e+006   -4.809871295030e+003    2.943739292674e+002    5.883232855087e+003
2.820549589999999e+008    4.832134778953e+006   -1.692210796781e+006    4.603219114637e+006   -5.174466638077e+003    4.189925122375e+002    5.558013322338e+003
2.820550190000001e+008    4.511293989688e+006   -1.663375891643e+006    4.926329622089e+006   -5.516348430471e+003    5.417685792429e+002    5.208336592320e+003
2.820550790000003e+008    4.170658299533e+006   -1.627243213409e+006    5.227764248725e+006   -5.833951469435e+003    6.621452103440e+002    4.835840086655e+003
2.820551389999998e+008    3.811723964586e+006   -1.583970918329e+006    5.506197542785e+006   -6.126103037438e+003    7.796390631165e+002    4.441921870752e+003
2.820551990000001e+008    3.436062339557e+006   -1.533748633074e+006    5.760401428615e+006   -6.391336073280e+003    8.937402834503e+002    4.028499529040e+003
2.820552590000002e+008    3.045322583092e+006   -1.476795694374e+006    5.989257702344e+006   -6.628540262030e+003    1.003914736562e+003    3.597281226907e+003
2.820553219999999e+008    2.620692503055e+006   -1.410025643453e+006    6.201171226120e+006   -6.846297496317e+003    1.114843928171e+003    3.127451160736e+003
2.820553820000001e+008    2.204461863103e+006   -1.340086629435e+006    6.375032631646e+006   -7.022952787838e+003    1.215513885141e+003    2.665813537806e+003
2.820554420000003e+008    1.778554669795e+006   -1.264265262003e+006    6.520832064375e+006   -7.168794267794e+003    1.310846498196e+003    2.192355352002e+003
2.820555019999998e+008    1.344837896901e+006   -1.182893246222e+006    6.637920960403e+006   -7.283144610454e+003    1.400453074260e+003    1.709195482859e+003
2.820555620000001e+008    9.052152461493e+005   -1.096327547017e+006    6.725778694901e+006   -7.365582476025e+003    1.483933273169e+003    1.218363227123e+003
2.820556220000002e+008    4.616162192013e+005   -1.004946775265e+006    6.784017600129e+006   -7.415621159277e+003    1.560914235553e+003    7.221377764685e+002
2.820556819999998e+008    1.598830625226e+004   -9.091510309417e+005    6.812362478167e+006   -7.433180162217e+003    1.631035526102e+003    2.224789857911e+002
2.820557420000000e+008   -4.297092981515e+005   -8.093606357351e+005    6.810690611288e+006   -7.418013935378e+003    1.694017102032e+003   -2.782735551942e+002
2.820558020000002e+008   -8.735183230969e+005   -7.060127511437e+005    6.778994282673e+006   -7.370204724248e+003    1.749571753426e+003   -7.779097221986e+002
2.820558619999998e+008   -1.313486350880e+006   -5.995604094084e+005    6.717404284542e+006   -7.290002522495e+003    1.797448222145e+003   -1.274279115525e+003
2.820559219999999e+008   -1.747675516521e+006   -4.904711083051e+005    6.626180932401e+006   -7.177676175061e+003    1.837448051328e+003   -1.765291302340e+003
2.820559820000001e+008   -2.174172953191e+006   -3.792239662261e+005    6.505716082232e+006   -7.033703612086e+003    1.869351791101e+003   -2.248745509334e+003
2.820560419999997e+008   -2.591097215580e+006   -2.663078870243e+005    6.356527641053e+006   -6.858694323991e+003    1.893055226935e+003   -2.722480743179e+003
2.820561019999999e+008   -2.996608169805e+006   -1.522187750200e+005    6.179263083197e+006   -6.653408990183e+003    1.908425254970e+003   -3.184265765002e+003
2.820561620000001e+008   -3.388914299010e+006   -3.746014624353e+004    5.974692962196e+006   -6.418672381919e+003    1.915398304151e+003   -3.632249228609e+003
2.820562220000003e+008   -3.766279851328e+006    7.746437174281e+004    5.743709422799e+006   -6.155543430707e+003    1.913933121909e+003   -4.064389404307e+003
2.820562819999999e+008   -4.127033417504e+006    1.920472975439e+005    5.487322214788e+006   -5.865146655173e+003    1.904020909978e+003   -4.478764454014e+003
2.820563420000001e+008   -4.469575798241e+006    3.057827578202e+005    5.206654206072e+006   -5.548693932669e+003    1.885692459201e+003   -4.873552395368e+003
2.820564020000002e+008   -4.792387398959e+006    4.181685493509e+005    4.902934894837e+006   -5.207606313935e+003    1.859030364039e+003   -5.246840902075e+003
2.820564619999998e+008   -5.094031137022e+006    5.287071916926e+005    4.577499914345e+006   -4.843436799396e+003    1.824178110683e+003   -5.597027430078e+003
2.820565220000000e+008   -5.373166597366e+006    6.369097827119e+005    4.231782056198e+006   -4.457705477414e+003    1.781214615989e+003   -5.922619492186e+003
2.820565820000002e+008   -5.628553170956e+006    7.422977458162e+005    3.867308275543e+006   -4.052040715651e+003    1.730367037627e+003   -6.222074417576e+003
2.820566419999998e+008   -5.859053279307e+006    8.444043285712e+005    3.485687896380e+006   -3.628384410240e+003    1.671855559499e+003   -6.494039024253e+003
2.820567020000000e+008   -6.063640162873e+006    9.427760347361e+005    3.088609624343e+006   -3.188573057993e+003    1.605913529211e+003   -6.737190301724e+003
2.820567620000002e+008   -6.241400396047e+006    1.036976033865e+006    2.677826550935e+006   -2.734566473265e+003    1.532883969741e+003   -6.950515033583e+003
2.820568219999998e+008   -6.391544074117e+006    1.126588345062e+006    2.255161670356e+006   -2.268388860481e+003    1.453060329313e+003   -7.133049900706e+003
2.820568819999999e+008   -6.513403041776e+006    1.211214088126e+006    1.822489076412e+006   -1.792071568946e+003    1.366729880418e+003   -7.284001572845e+003
2.820569420000001e+008   -6.606435001352e+006    1.290479130123e+006    1.381727869562e+006   -1.307844050918e+003    1.274408346732e+003   -7.402606385933e+003
2.820570020000004e+008   -6.670229563985e+006    1.364032443428e+006    9.348344667096e+005   -8.178863750239e+002    1.176465915598e+003   -7.488300763521e+003
2.820570619999999e+008   -6.704506232305e+006    1.431549353253e+006    4.837927980381e+005   -3.242793121131e+002    1.073263559382e+003   -7.540841292124e+003
2.820571220000001e+008   -6.709117195972e+006    1.492731674951e+006    3.060371156932e+004    1.706325405517e+002    9.653812243516e+002   -7.559864117407e+003
2.820571820000003e+008   -6.684047337261e+006    1.547309083182e+006   -4.227217267786e+005    6.646636580423e+002    8.532434078515e+002   -7.545365652363e+003
2.820572419999999e+008   -6.629416675948e+006    1.595044354231e+006   -8.741717289742e+005    1.155606148188e+003    7.373445339805e+002   -7.497412270385e+003
2.820573020000001e+008   -6.545475778270e+006    1.635727596929e+006   -1.321746192651e+006    1.641264336805e+003    6.182831142874e+002   -7.416230360264e+003
2.820573620000002e+008   -6.432610973938e+006    1.669182389196e+006   -1.763463392323e+006    2.119505259656e+003    4.964660043583e+002   -7.302236422270e+003
2.820574219999998e+008   -6.291331682705e+006    1.695264151640e+006   -2.197369400158e+006    2.588074443689e+003    3.725920556431e+002   -7.155966745092e+003
2.820574820000000e+008   -6.122277312070e+006    1.713861807028e+006   -2.621547274661e+006    3.044963624539e+003    2.471410993127e+002   -6.978098029603e+003
2.820575420000002e+008   -5.926209323091e+006    1.724897233014e+006   -3.034126373663e+006    3.488169852763e+003    1.206412227134e+002   -6.769486983408e+003
2.820659979999998e+008    6.187089834340e+006   -1.702594679613e+006    2.509987242865e+006   -2.937155002338e+003   -2.801163787931e+002    7.006768865033e+003
2.820660580000000e+008    5.997416600485e+006   -1.715653922449e+006    2.924565010112e+006   -3.382955250286e+003   -1.550764190042e+002    6.807401636198e+003
2.820661180000002e+008    5.781433655330e+006   -1.721187223660e+006    3.326275927100e+006   -3.813839492925e+003   -2.933584104149e+001    6.578070056871e+003
2.820661779999998e+008    5.540082222536e+006   -1.719169151570e+006    3.713352656441e+006   -4.228110060581e+003    9.654294004119e+001    6.319791333183e+003
2.820662379999999e+008    5.274426057395e+006   -1.709608100755e+006    4.084091559397e+006   -4.623857009731e+003    2.219893530728e+002    6.033642324675e+003
2.820662980000002e+008    4.985625598095e+006   -1.692545098975e+006    4.436860038115e+006   -4.999260452388e+003    3.464687117789e+002    5.720980039874e+003
2.820663579999997e+008    4.674948594052e+006   -1.668056191564e+006    4.770106018203e+006   -5.352824809404e+003    4.694632647707e+002    5.383122017205e+003
2.820664179999999e+008    4.343755505701e+006   -1.636247147871e+006    5.082360772789e+006   -5.682863394476e+003    5.903802380312e+002    5.021565480157e+003
2.820664780000001e+008    3.993500581992e+006   -1.597258289472e+006    5.372249420568e+006   -5.987997296864e+003    7.086937290209e+002    4.637868157539e+003
2.820665380000003e+008    3.625720236925e+006   -1.551259792836e+006    5.638495944988e+006   -6.266852533089e+003    8.239290712423e+002    4.233727788750e+003
2.820665979999999e+008    3.242027563983e+006   -1.498454227858e+006    5.879927203091e+006   -6.518222968983e+003    9.355416219467e+002    3.811002384112e+003
2.820666580000001e+008    2.844105632352e+006   -1.439072047177e+006    6.095482436671e+006   -6.741006430624e+003    1.043047171319e+003    3.371400126145e+003
2.820667180000003e+008    2.433699025724e+006   -1.373373503311e+006    6.284204285984e+006   -6.934225645972e+003    1.145983263410e+003    2.916929402568e+003
2.820667779999998e+008    2.012607768858e+006   -1.301646310281e+006    6.445260799794e+006   -7.097022416008e+003    1.243927153198e+003    2.449538797122e+003
2.820668380000001e+008    1.582679357345e+006   -1.224205203349e+006    6.577935948385e+006   -7.228698919071e+003    1.336420891432e+003    1.971347153861e+003
2.820668980000002e+008    1.145800869535e+006   -1.141388064714e+006    6.681645636628e+006   -7.328613267456e+003    1.423047435965e+003    1.484343409803e+003
2.820669579999998e+008    7.038897918741e+005   -1.053557695389e+006    6.755926218861e+006   -7.396371349528e+003    1.503458420699e+003    9.907469096595e+002
2.820670180000000e+008    2.588866580980e+005   -9.610992365932e+005    6.800443511023e+006   -7.431642087223e+003    1.577275145043e+003    4.925670993387e+002
2.820670780000002e+008   -1.872539328528e+005   -8.644175409179e+005    6.814992305431e+006   -7.434286347626e+003    1.644166455134e+003   -7.886259521576e+000
2.820671379999998e+008   -6.325708697350e+005   -7.639365738507e+005    6.799499883133e+006   -7.404196520783e+003    1.703857611586e+003   -5.084833515240e+002
2.820671979999999e+008   -1.075105990304e+006   -6.600963482722e+005    6.754026529487e+006   -7.341572492341e+003    1.756109113637e+003   -1.006893857722e+003
2.820672580000001e+008   -1.512911599901e+006   -5.533524924799e+005    6.678760546438e+006   -7.246622423615e+003    1.800639394269e+003   -1.501107448008e+003
2.820673179999997e+008   -1.944059617103e+006   -4.441733508432e+005    6.574024267579e+006   -7.119710973156e+003    1.837271488109e+003   -1.988943531974e+003
2.820673779999999e+008   -2.366649041176e+006   -3.330386444051e+005    6.440268070388e+006   -6.961431603890e+003    1.865790242233e+003   -2.468101147508e+003
2.820674380000001e+008   -2.778815578948e+006   -2.204372640303e+005    6.278066892029e+006   -6.772405766740e+003    1.886119265142e+003   -2.936619280996e+003
2.820674979999996e+008   -3.178738143312e+006   -1.068641255886e+005    6.088126240101e+006   -6.553431411074e+003    1.898168110719e+003   -3.392496631473e+003
2.820675579999999e+008   -3.564648585047e+006    7.180787533606e+003    5.871272708548e+006   -6.305497558389e+003    1.901840803871e+003   -3.833401586078e+003
2.820676180000001e+008   -3.934837970503e+006    1.211939554722e+005    5.628453487964e+006   -6.029660150141e+003    1.897146949716e+003   -4.257552418731e+003
2.820676780000002e+008   -4.287666128148e+006    2.346725917079e+005    5.360732881361e+006   -5.726995623728e+003    1.884040420229e+003   -4.663137372431e+003
2.820677379999998e+008   -4.621567221389e+006    3.471161005710e+005    5.069280813306e+006   -5.398921686026e+003    1.862610964526e+003   -5.048294127206e+003
2.820677980000000e+008   -4.935059257465e+006    4.580266653932e+005    4.755380845467e+006   -5.046949930974e+003    1.832970691003e+003   -5.411170208941e+003
2.820678580000002e+008   -5.226747795387e+006    5.669135377840e+005    4.420413682838e+006   -4.672477463857e+003    1.795207565666e+003   -5.750243331878e+003
2.820679179999998e+008   -5.495336769553e+006    6.732954723402e+005    4.065856191499e+006   -4.277211233977e+003    1.749515835539e+003   -6.063990699976e+003
2.820679780000000e+008   -5.739629560299e+006    7.767010470871e+005    3.693272400367e+006   -3.862878416843e+003    1.696041521173e+003   -6.350899486444e+003
2.820680380000002e+008   -5.958538627868e+006    8.766715968591e+005    3.304308717029e+006   -3.431400780943e+003    1.635047509613e+003   -6.609726542124e+003
2.820680979999998e+008   -6.151088572088e+006    9.727645697975e+005    2.900686932880e+006   -2.984599348635e+003    1.566849906515e+003   -6.839298879940e+003
2.820681579999999e+008   -6.316421926934e+006    1.064553494152e+006    2.484194732557e+006   -2.524510886503e+003    1.491648070953e+003   -7.038593166397e+003
2.820682180000001e+008   -6.453802314430e+006    1.151631270992e+006    2.056677999218e+006   -2.053168862792e+003    1.409845080370e+003   -7.206696064329e+003
2.820682779999997e+008   -6.562619730164e+006    1.233613097818e+006    1.620033023285e+006   -1.572736735344e+003    1.321817616728e+003   -7.342764025847e+003
2.820683379999999e+008   -6.642390799234e+006    1.310134613064e+006    1.176197502760e+006   -1.085341720924e+003    1.227949053221e+003   -7.446263562350e+003
2.820683980000001e+008   -6.692764639749e+006    1.380858257857e+006    7.271419530672e+005   -5.932115794270e+002    1.128633091202e+003   -7.516701020850e+003
2.820684580000003e+008   -6.713520642338e+006    1.445472230077e+006    2.748596033598e+005   -9.844525662741e+001    1.024360814825e+003   -7.553782954405e+003
2.820685179999999e+008   -6.704570459892e+006    1.503688904089e+006   -1.786429003174e+005    3.966345535958e+002    9.155234834152e+002   -7.557345555814e+003
2.820685780000001e+008   -6.665963644755e+006    1.555255889583e+006   -6.313522853447e+005    8.897528547382e+002    8.027045360919e+002   -7.527375087223e+003
2.820686380000002e+008   -6.597879934514e+006    1.599945067196e+006   -1.081262165632e+006    1.378792651756e+003    6.863983095449e+002   -7.464058072903e+003
2.820686979999998e+008   -6.500631362189e+006    1.637561947155e+006   -1.526378937765e+006    1.861559060065e+003    5.670624054717e+002   -7.367680911914e+003
2.820687580000000e+008   -6.374661174410e+006    1.667944438617e+006   -1.964733182841e+006    2.335861976600e+003    4.453156977936e+002   -7.238710004091e+003
2.820688180000002e+008   -6.220538046498e+006    1.690960481827e+006   -2.394386176033e+006    2.799602383792e+003    3.216529141715e+002   -7.077771903764e+003
2.820688779999998e+008   -6.038962257202e+006    1.706514082767e+006   -2.813442476257e+006    3.250704918620e+003    1.966425872766e+002   -6.885603200700e+003
2.820689379999999e+008   -5.830744750632e+006    1.714540340769e+006   -3.220052860566e+006    3.687169804109e+003    7.086693626966e+001   -6.663120607644e+003
2.820689980000002e+008   -5.596826978761e+006    1.715008999425e+006   -3.612430291645e+006    4.107177820156e+003   -5.518814372969e+001   -6.411311136402e+003
