2.814582449999998e+008    3.910965097360e+006   -2.099474679816e+006    5.263406874949e+006   -2.133613868276e+003    2.923497349104e+003    4.786928775057e+003
2.814583049999999e+008    3.558042996138e+006   -2.013089436992e+006    5.539171454163e+006   -6.016300490616e+003    1.514442891903e+003    4.396731233265e+003
2.814583650000002e+008    3.189521620573e+006   -1.917868933957e+006    5.790592328988e+006   -6.263096709147e+003    1.658218946070e+003    3.981169517340e+003
2.814584249999997e+008    2.807021507512e+006   -1.814243611500e+006    6.016564836593e+006   -6.482253646426e+003    1.794601490093e+003    3.548442387140e+003
2.814584849999999e+008    2.412220044350e+006   -1.702667269058e+006    6.216098720600e+006   -6.672991529107e+003    1.923137700673e+003    3.100158553481e+003
2.814585450000001e+008    2.006845527898e+006   -1.583630204649e+006    6.388308140150e+006   -6.834555129699e+003    2.043240102077e+003    2.638156761302e+003
2.814590659999999e+008   -1.683654782302e+006   -3.220612828505e+005    6.657542941989e+006   -6.939725910089e+003    2.665176936689e+003   -1.633849169093e+003
2.814591260000001e+008   -2.096035031616e+006   -1.615664352269e+005    6.544945265738e+006   -6.801531076505e+003    2.682610424350e+003   -2.118074274612e+003
2.814591859999997e+008   -2.499208174225e+006   -3.476338649698e+002    6.403470574110e+006   -6.632773863922e+003    2.689054046169e+003   -2.595469685740e+003
2.814592459999999e+008   -2.891382772905e+006    1.608905791802e+005    6.233708915929e+006   -6.435114801111e+003    2.683181918260e+003   -3.060172749026e+003
2.814593650000001e+008   -3.629959299852e+006    4.778849527565e+005    5.816564631830e+006   -5.959968702364e+003    2.636677674563e+003   -3.940610505264e+003
2.814594250000002e+008   -3.979303001254e+006    6.349193642011e+005    5.567459857029e+006   -5.680527098474e+003    2.595784237088e+003   -4.359818399918e+003
2.814594849999998e+008   -4.311120704316e+006    7.891597509588e+005    5.293766853665e+006   -5.375956116013e+003    2.543531824309e+003   -4.759997743942e+003
2.814595450000000e+008   -4.623936445844e+006    9.399172009706e+005    4.996677186440e+006   -5.047485931373e+003    2.479948527015e+003   -5.139296528240e+003
2.814596050000002e+008   -4.916368114708e+006    1.086534845796e+006    4.677498574674e+006   -4.696607310609e+003    2.405400730259e+003   -5.496092303766e+003
2.814596649999998e+008   -5.187111543753e+006    1.228357917768e+006    4.337628864971e+006   -4.324868478596e+003    2.320258229170e+003   -5.828702527629e+003
2.814597319999997e+008   -5.462339813491e+006    1.380295829167e+006    3.935496040278e+006   -3.887246061485e+003    2.213040991101e+003   -6.169731149722e+003
2.814597919999999e+008   -5.683327142237e+006    1.509928494111e+006    3.556865922175e+006   -3.476627092652e+003    2.106599690455e+003   -6.446455634677e+003
2.814598520000001e+008   -5.879211858749e+006    1.632893419694e+006    3.162482463192e+006   -3.051031356698e+003    1.991105340725e+003   -6.694544901526e+003
2.814599119999997e+008   -6.049122075552e+006    1.748645387430e+006    2.754087420057e+006   -2.611340131531e+003    1.866331433869e+003   -6.913167523063e+003
2.814599719999999e+008   -6.192296824642e+006    1.856669615950e+006    2.333486831772e+006   -2.159728501605e+003    1.733279707279e+003   -7.101449906960e+003
2.814600320000001e+008   -6.308131377895e+006    1.956511900451e+006    1.902558894874e+006   -1.698383216701e+003    1.592380638957e+003   -7.258308467969e+003
2.814602050000003e+008   -6.484542391455e+006    2.194467746419e+006    6.196166311750e+005   -3.346365390964e+002    1.149980073785e+003   -7.527841692845e+003
2.814602649999999e+008   -6.490270640723e+006    2.258568001945e+006    1.669073770489e+005    1.437864884813e+002    9.858397125898e+002   -7.556888963440e+003
2.814603250000001e+008   -6.467302249785e+006    2.312682941457e+006   -2.865407040540e+005    6.215946401210e+002    8.173091471388e+002   -7.552445383763e+003
2.814603850000002e+008   -6.415737462824e+006    2.356573296719e+006   -7.387173565809e+005    1.096610692171e+003    6.451777698663e+002   -7.514517369317e+003
2.814604449999998e+008   -6.335819994207e+006    2.390049377720e+006   -1.187617688896e+006    1.563421694087e+003    4.712864987626e+002   -7.442986013986e+003
2.814605050000000e+008   -6.227881333200e+006    2.412956304577e+006   -1.631256164745e+006    2.029674438472e+003    2.932049579132e+002   -7.339153893023e+003
2.814605650000002e+008   -6.092436325932e+006    2.425205787762e+006   -2.067666246034e+006    2.483484736479e+003    1.149886647071e+002   -7.202501452094e+003
2.814606249999998e+008   -5.930088510978e+006    2.426747385848e+006   -2.494919248450e+006    2.926188211945e+003   -6.366105177388e+001   -7.034030883035e+003
2.814606849999999e+008   -5.741559675938e+006    2.417573859306e+006   -2.911127993053e+006    3.355814254592e+003   -2.419696519170e+002   -6.834478939977e+003
2.814607450000002e+008   -5.527696792142e+006    2.397733338736e+006   -3.314456194437e+006    3.770305100721e+003   -4.190708883653e+002   -6.604852231209e+003
2.814608010000001e+008   -5.306077777431e+006    2.369672877458e+006   -3.677705955792e+006    4.142047332246e+003   -5.826717006896e+002   -6.364255218866e+003
