2.829586770000000e+008    5.348743522371e+006   -7.707974526969e+005    4.258237259946e+006   -4.795053969242e+003   -5.704399094998e+002    5.883504586841e+003
2.829587370000002e+008    5.049485442155e+006   -8.033012126681e+005    4.601595568085e+006   -5.176517949583e+003   -5.126865697110e+002    5.557580103444e+003
2.829587969999998e+008    4.728012552944e+006   -8.322708629673e+005    4.924653810249e+006   -5.535251148902e+003   -4.526692184148e+002    5.207098560923e+003
2.829588570000000e+008    4.385737493822e+006   -8.575792201266e+005    5.225983182901e+006   -5.869696179893e+003   -3.906715958073e+002    4.833567403425e+003
2.829589170000002e+008    4.024162907783e+006   -8.791137041026e+005    5.504251734893e+006   -6.178334588429e+003   -3.269370722727e+002    4.438664140827e+003
2.829589769999998e+008    3.644878913698e+006   -8.967797102296e+005    5.758229871444e+006   -6.459798944748e+003   -2.617678377105e+002    4.024146527032e+003
2.829590369999999e+008    3.249551896184e+006   -9.104988712728e+005    5.986791872534e+006   -6.712870416597e+003   -1.954286417565e+002    3.591812560524e+003
2.829590970000001e+008    2.839921010612e+006   -9.202107412435e+005    6.188927898553e+006   -6.936467446984e+003   -1.282320777643e+002    3.143530461859e+003
2.829591569999997e+008    2.417786825553e+006   -9.258711810823e+005    6.363740008922e+006   -7.129513877751e+003   -6.044502380107e+001    2.681378462846e+003
2.829592169999999e+008    1.985006519386e+006   -9.274551557276e+005    6.510454169824e+006   -7.291192184485e+003    7.594172771636e+000    2.207335214288e+003
2.829592770000001e+008    1.543484190463e+006   -9.249543654469e+005    6.628418770146e+006   -7.420794918163e+003    7.564670343035e+001    1.723359551504e+003
2.829593370000003e+008    1.095163056164e+006   -9.183795683310e+005    6.717104634104e+006   -7.517744921684e+003    1.433509880125e+002    1.231750517284e+003
2.829593969999999e+008    6.420161825674e+005   -9.077590628899e+005    6.776114036482e+006   -7.581574578476e+003    2.104481511127e+002    7.345773379345e+002
2.829594570000001e+008    1.860411115789e+005   -8.931381778327e+005    6.805185211429e+006   -7.612017966443e+003    2.766458044855e+002    2.340595678725e+002
2.829595170000002e+008   -2.707537160676e+005   -8.745810873839e+005    6.804179374543e+006   -7.608898927194e+003    3.416243622651e+002   -2.675830931395e+002
2.829595769999998e+008   -7.263555804386e+005   -8.521679598090e+005    6.773092233831e+006   -7.572244265738e+003    4.051325333226e+002   -7.682306106484e+002
2.829596370000000e+008   -1.178754094841e+006   -8.259970047034e+005    6.712055500416e+006   -7.502173869968e+003    4.668347683455e+002   -1.265562801874e+003
2.829596970000002e+008   -1.625953922161e+006   -7.961823224282e+005    6.621330909410e+006   -7.398976290508e+003    5.265332119485e+002   -1.757489202258e+003
2.829597569999998e+008   -2.065978495630e+006   -7.628551072064e+005    6.501308225926e+006   -7.263116252237e+003    5.838934437465e+002   -2.241789065737e+003
2.829598169999999e+008   -2.496885108233e+006   -7.261609618061e+005    6.352511269871e+006   -7.095137840806e+003    6.387149074409e+002   -2.716261510266e+003
2.829598770000002e+008   -2.916766853892e+006   -6.862611462872e+005    6.175588919040e+006   -6.895778175720e+003    6.907138681972e+002   -3.178975342745e+003
2.829599369999998e+008   -3.323767277852e+006   -6.433301350768e+005    5.971317633177e+006   -6.665907158436e+003    7.396956744650e+002   -3.627599148377e+003
2.829599969999999e+008   -3.716083755816e+006   -5.975574174698e+005    5.740593459388e+006   -6.406516120056e+003    7.854208125550e+002   -4.060371316882e+003
2.829600570000001e+008   -4.091978180032e+006   -5.491444869112e+005    5.484429049754e+006   -6.118692915975e+003    8.276906820176e+002   -4.475290077991e+003
2.829601170000003e+008   -4.449784772631e+006   -4.983042115185e+005    5.203954174117e+006   -5.803755148084e+003    8.662985777337e+002   -4.870443286599e+003
2.829601769999999e+008   -4.787915286201e+006   -4.452607819888e+005    4.900403228564e+006   -5.463108797284e+003    9.010906906995e+002   -5.244148650995e+003
2.829602370000001e+008   -5.104870153528e+006   -3.902481267106e+005    4.575119753725e+006   -5.098170650241e+003    9.319015577737e+002   -5.594643862257e+003
2.829602970000003e+008   -5.399242950946e+006   -3.335095283700e+005    4.229540442062e+006   -4.710627978637e+003    9.586177418200e+002   -5.920406167389e+003
2.829603569999998e+008   -5.669725351286e+006   -2.752955573473e+005    3.865193846059e+006   -4.302121020472e+003    9.810875424181e+002   -6.220012892180e+003
2.829604170000001e+008   -5.915118670642e+006   -2.158630890497e+005    3.483696097130e+006   -3.874581942958e+003    9.991837870070e+002   -6.491970884200e+003
2.829604770000002e+008   -6.134330995960e+006   -1.554762792003e+005    3.086733600852e+006   -3.429886063914e+003    1.012896360484e+003   -6.735097078727e+003
2.829605369999998e+008   -6.326396274673e+006   -9.440068740823e+004    2.676076568461e+006   -2.969964992127e+003    1.022111887849e+003   -6.948388324213e+003
2.829605970000000e+008   -6.490461620205e+006   -3.290783699962e+004    2.253541195837e+006   -2.496915611879e+003    1.026852820813e+003   -7.130871192640e+003
2.829606570000002e+008   -6.625803549781e+006    2.873105674861e+004    1.821005690358e+006   -2.012841451158e+003    1.026994115832e+003   -7.281642252236e+003
2.829607169999998e+008   -6.731827845601e+006    9.024155793525e+004    1.380389370480e+006   -1.519974372978e+003    1.022561417953e+003   -7.400107854773e+003
2.829607769999999e+008   -6.808070009820e+006    1.513520797689e+005    9.336496667645e+005   -1.020486541444e+003    1.013621626244e+003   -7.485724447640e+003
2.829608370000002e+008   -6.854200240344e+006    2.117913326940e+005    4.827672298694e+005   -5.166809404803e+002    1.000239551252e+003   -7.538078264742e+003
2.829608969999997e+008   -6.870029636045e+006    2.712961148693e+005    2.974684106062e+004   -1.078067300653e+001    9.824003233922e+002   -7.557025674625e+003
2.829609569999999e+008   -6.855496546946e+006    3.295989826614e+005   -4.234060107053e+005    4.949742931490e+002    9.602991770329e+002   -7.542463008301e+003
2.829610170000001e+008   -6.810681181265e+006    3.864458759809e+005   -8.746836040729e+005    9.982856786460e+002    9.339084842871e+002   -7.494556512466e+003
2.829610769999997e+008   -6.735795636853e+006    4.415865459816e+005   -1.322089302046e+006    1.496894875495e+003    9.034113453571e+002   -7.413462488548e+003
2.829611369999999e+008   -6.631185776316e+006    4.947776231392e+005   -1.763644248785e+006    1.988616693285e+003    8.689838822672e+002   -7.299657358658e+003
2.829611970000001e+008   -6.497345394167e+006    5.457885459689e+005   -2.197403946198e+006    2.471170551234e+003    8.307575728860e+002   -7.153657391209e+003
2.829612570000002e+008   -6.334868749040e+006    5.943938962930e+005   -2.621453131849e+006    2.942589491220e+003    7.888625345693e+002   -6.976149367280e+003
2.829613169999998e+008   -6.144497014310e+006    6.403820675471e+005   -3.033927502684e+006    3.400701755736e+003    7.435413973815e+002   -6.767969728152e+003
2.829685189999999e+008    3.703029049387e+006    6.107156627282e+005   -5.789094697358e+006    6.396029978959e+003   -7.672072653927e+002    4.008055252714e+003
2.829685790000001e+008    4.078451439138e+006    5.633859854332e+005   -5.536149718271e+006    6.113514257693e+003   -8.098061530055e+002    4.420375434374e+003
2.829686390000003e+008    4.436114563273e+006    5.136032902102e+005   -5.259031305082e+006    5.804279979309e+003   -8.489240587972e+002    4.813539427640e+003
2.829686989999998e+008    4.774452336935e+006    4.615831611288e+005   -4.958938889259e+006    5.469559053403e+003   -8.843726612629e+002    5.185895226510e+003
2.829687590000001e+008    5.091981437585e+006    4.075514634345e+005   -4.637175037136e+006    5.110854690851e+003   -9.159732084868e+002    5.535720381010e+003
2.829688190000002e+008    5.387306319157e+006    3.517426150850e+005   -4.295132958174e+006    4.729654794469e+003   -9.435910247803e+002    5.861522464336e+003
2.829688789999998e+008    5.659126663008e+006    2.943989343303e+005   -3.934300017180e+006    4.327629769068e+003   -9.671199493622e+002    6.161868750088e+003
2.829689390000000e+008    5.906243168278e+006    2.357705593376e+005   -3.556244943758e+006    3.906529372886e+003   -9.864166949670e+002    6.435386384016e+003
2.829689990000002e+008    6.127562117254e+006    1.761124351594e+005   -3.162614339913e+006    3.468040622456e+003   -1.001461133236e+003    6.680892608688e+003
2.829690589999998e+008    6.322102319593e+006    1.156842775469e+005   -2.755123391393e+006    3.014198202423e+003   -1.012101667372e+003    6.897204104767e+003
2.829691189999999e+008    6.488994645855e+006    5.474990744778e+004   -2.335551066956e+006    2.546902753900e+003   -1.018271590659e+003    7.083417768228e+003
2.829691790000001e+008    6.627498524481e+006   -6.422814846570e+003   -1.905732645327e+006    2.068216320822e+003   -1.020036396682e+003    7.238630224836e+003
2.829692389999997e+008    6.736988228081e+006   -6.756787261965e+004   -1.467548593056e+006    1.580164402075e+003   -1.017367592111e+003    7.362168164882e+003
2.829692989999999e+008    6.816968558987e+006   -1.284170078924e+005   -1.022918589954e+006    1.084899788764e+003   -1.010180926943e+003    7.453418073341e+003
2.829693590000001e+008    6.867074373623e+006   -1.887030277127e+005   -5.737936284702e+005    5.846805189393e+002   -9.985876548643e+002    7.511926253907e+003
2.829694189999996e+008    6.887071124560e+006   -2.481619204952e+005   -1.221463146645e+005    8.153172335033e+001   -9.826379038868e+002    7.537459394131e+003
2.829694789999999e+008    6.876856690503e+006   -3.065322264106e+005    3.300377288342e+005   -4.219231819601e+002   -9.623438000449e+002    7.529813205554e+003
2.829695390000001e+008    6.836463266256e+006   -3.635585993618e+005    7.807687595779e+005   -9.240501688582e+002   -9.378181826289e+002    7.489045012209e+003
2.829695990000002e+008    6.766055775915e+006   -4.189882243487e+005    1.228062218074e+006   -1.422104390758e+003   -9.091582308567e+002    7.415260323378e+003
2.829696589999998e+008    6.665935987458e+006   -4.725786515655e+005    1.669947020689e+006   -1.914085425159e+003   -8.765187677300e+002    7.308805862519e+003
2.829697190000000e+008    6.536528419903e+006   -5.240927149929e+005    2.104473782936e+006   -2.397890495049e+003   -8.400208144383e+002    7.170098187478e+003
2.829697790000002e+008    6.378395602261e+006   -5.733042088025e+005    2.529726194270e+006   -2.871242139275e+003   -7.998060749323e+002    6.999763569828e+003
2.829698389999998e+008    6.192224742635e+006   -6.199961682684e+005    2.943827239967e+006   -3.332118339678e+003   -7.560735376580e+002    6.798508695932e+003
2.829698990000000e+008    5.978829017530e+006   -6.639625129761e+005    3.344948098942e+006   -3.778468574580e+003   -7.089716263342e+002    6.567270208267e+003
2.829699590000002e+008    5.739140163767e+006   -7.050079050979e+005    3.731320655880e+006   -4.208259310865e+003   -6.587643937079e+002    6.307014771486e+003
2.829700189999998e+008    5.474207677679e+006   -7.429539355590e+005    4.101232002233e+006   -4.619582484548e+003   -6.056652606391e+002    6.018879257935e+003
2.829700789999999e+008    5.185193982749e+006   -7.776312316173e+005    4.453052944533e+006   -5.010682121206e+003   -5.498876571631e+002    5.704160788713e+003
2.829701390000001e+008    4.873365999772e+006   -8.088878957201e+005    4.785224517746e+006   -5.379749588113e+003   -4.916733684033e+002    5.364216397518e+003
2.829701989999997e+008    4.540093999234e+006   -8.365847541229e+005    5.096283787403e+006   -5.725200380571e+003   -4.313047840560e+002    5.000553482571e+003
2.829702589999999e+008    4.186840979395e+006   -8.606003605466e+005    5.384850866701e+006   -6.045549929987e+003   -3.689923065995e+002    4.614819609061e+003
2.829703190000001e+008    3.815160107502e+006   -8.808286924081e+005    5.649651220824e+006   -6.339281624027e+003   -3.050919547221e+002    4.208642282703e+003
2.829703790000003e+008    3.426685049538e+006   -8.971804188988e+005    5.889513182680e+006   -6.605113565084e+003   -2.398109524101e+002    3.783859400278e+003
2.829704389999998e+008    3.023124146913e+006   -9.095819028084e+005    6.103374962476e+006   -6.841940577079e+003   -1.734794033589e+002    3.342269141392e+003
2.829704990000001e+008    2.606252788045e+006   -9.179785079490e+005    6.290289660026e+006   -7.048650363332e+003   -1.063811452618e+002    2.885899676528e+003
2.829705590000002e+008    2.177905106705e+006   -9.223341001667e+005    6.449424778350e+006   -7.224361924781e+003   -3.881949533067e+001    2.416699553143e+003
2.829706189999998e+008    1.739966339558e+006   -9.226265921184e+005    6.580081736395e+006   -7.368250966514e+003    2.895345044396e+001    1.936837414122e+003
2.829706790000000e+008    1.294363067956e+006   -9.188559958555e+005    6.681672384569e+006   -7.479734065474e+003    9.659422368084e+001    1.448322291406e+003
2.829707390000002e+008    8.430574072491e+005   -9.110374617158e+005    6.753744514606e+006   -7.558267979150e+003    1.638452452827e+002    9.532832869039e+002
2.829707989999998e+008    3.880373301694e+005   -8.992035787345e+005    6.795975875261e+006   -7.603526575882e+003    2.303837583837e+002    4.538698542554e+002
2.829708589999999e+008   -6.869316396666e+004   -8.834074320457e+005    6.808171188225e+006   -7.615247392189e+003    2.959033732309e+002   -4.756844778578e+001
2.829709190000002e+008   -5.251207735401e+005   -8.637171671514e+005    6.790270659393e+006   -7.593416389484e+003    3.601312329480e+002   -5.489116531049e+002
2.829709789999997e+008   -9.792331881440e+005   -8.402174512248e+005    6.742344495606e+006   -7.538091465309e+003    4.228105308899e+002   -1.047979677154e+003
2.829710389999999e+008   -1.429026930249e+006   -8.130118231147e+005    6.664597917365e+006   -7.449496059867e+003    4.836221811841e+002   -1.542572167784e+003
2.829710990000001e+008   -1.872515696711e+006   -7.822189552351e+005    6.557366672637e+006   -7.328022718352e+003    5.423573186958e+002   -2.030528491163e+003
2.829711590000003e+008   -2.307740605591e+006   -7.479734389591e+005    6.421116053568e+006   -7.174152764975e+003    5.986714476106e+002   -2.509547874705e+003
2.829712189999999e+008   -2.732778155760e+006   -7.104258774680e+005    6.256440409486e+006   -6.988551533438e+003    6.523793344483e+002   -2.977649237774e+003
2.829712790000001e+008   -3.145748060569e+006   -6.697407524502e+005    6.064061159807e+006   -6.772050379555e+003    7.032169557939e+002   -3.432661231903e+003
2.829713390000003e+008   -3.544822964967e+006   -6.260965652640e+005    5.844820309906e+006   -6.525540276225e+003    7.509857644737e+002   -3.872662408328e+003
2.829713989999998e+008   -3.928233874711e+006   -5.796854989009e+005    5.599680460009e+006   -6.250134464887e+003    7.954012236364e+002   -4.295640958989e+003
2.829714590000001e+008   -4.294282907567e+006   -5.307114423286e+005    5.329722326124e+006   -5.946986806414e+003    8.363719018618e+002   -4.699675000193e+003
2.829715190000002e+008   -4.641346332319e+006   -4.793905945292e+005    5.036134244976e+006   -5.617509694173e+003    8.736340915668e+002   -5.082992234158e+003
2.829715789999998e+008   -4.967885148025e+006   -4.259493404314e+005    4.720213691400e+006   -5.263086730704e+003    9.070411430149e+002   -5.443860404523e+003
2.829716390000000e+008   -5.272449510606e+006   -3.706235272241e+005    4.383354785597e+006   -4.885306002907e+003    9.364376432656e+002   -5.780576921116e+003
2.829716990000002e+008   -5.553689086526e+006   -3.136566924420e+005    4.027049510154e+006   -4.485834670263e+003    9.616861338031e+002   -6.091859064165e+003
2.829717589999998e+008   -5.810353919578e+006   -2.553014996295e+005    3.652876211372e+006   -4.066476348964e+003    9.827056999851e+002   -6.376023887540e+003
2.829718189999999e+008   -6.041304820378e+006   -1.958160457733e+005    3.262491816423e+006   -3.629129543966e+003    9.993991356247e+002   -6.631928291472e+003
2.829718790000001e+008   -6.245520276004e+006   -1.354634967362e+005    2.857629044663e+006   -3.175594198511e+003    1.011608953743e+003   -6.858479340244e+003
2.829719389999997e+008   -6.422093634200e+006   -7.451220615439e+004    2.440082903006e+006   -2.708084495938e+003    1.019357527539e+003   -7.054523412184e+003
2.829719989999999e+008   -6.570248245686e+006   -1.322822870407e+004    2.011710711044e+006   -2.228557748239e+003    1.022616651872e+003   -7.219287308419e+003
2.829720590000001e+008   -6.689330061730e+006    4.811395424933e+004    1.574411788401e+006   -1.739350998332e+003    1.021334800353e+003   -7.351947210363e+003
2.829721189999996e+008   -6.778816654062e+006    1.092429736357e+005    1.130127770045e+006   -1.242473482850e+003    1.015534497347e+003   -7.452019832097e+003
2.829721789999999e+008   -6.838320503922e+006    1.698898812186e+005    6.808315116156e+005   -7.402547214255e+002    1.005235005286e+003   -7.518981364206e+003
2.829722390000001e+008   -6.867587931467e+006    2.297855471858e+005    2.285167875403e+005   -2.349955889279e+002    9.905120279833e+002   -7.552598041701e+003
2.829722990000002e+008   -6.866501108462e+006    2.886667203193e+005   -2.248107053906e+005    2.711325450188e+002    9.714489968607e+002   -7.552716310967e+003
2.829723589999998e+008   -6.835078277220e+006    3.462728273213e+005   -6.771424478291e+005    7.758256408369e+002    9.480345021353e+002   -7.519412406361e+003
2.829724190000000e+008   -6.773472711433e+006    4.023496076445e+005   -1.126475299399e+006    1.276839700729e+003    9.205086466430e+002   -7.452832648260e+003
2.829724790000002e+008   -6.681975150934e+006    4.566519202557e+005   -1.570823394591e+006    1.771909228081e+003    8.889176605021e+002   -7.353333331498e+003
2.829725389999998e+008   -6.561006162632e+006    5.089399391079e+005   -2.008224355441e+006    2.258846044350e+003    8.533995896665e+002   -7.221350872914e+003
2.829725990000000e+008   -6.411121164663e+006    5.589861567428e+005   -2.436750182985e+006    2.735466804312e+003    8.141648375243e+002   -7.057571694024e+003
2.829799779999999e+008    4.262967965137e+006    5.479571312008e+005   -5.396840588025e+006    5.960035031256e+003   -8.172113086316e+002    4.624549275562e+003
2.829800380000001e+008    4.611025202332e+006    4.977635349767e+005   -5.107780390804e+006    5.637616645708e+003   -8.552489963635e+002    5.007315214252e+003
2.829800979999996e+008    4.938989490112e+006    4.454008737545e+005   -4.796400411403e+006    5.290526746782e+003   -8.895056022859e+002    5.368301660297e+003
2.829801579999999e+008    5.245422388591e+006    3.910963155962e+005   -4.464052287723e+006    4.920154147967e+003   -9.199080168041e+002    5.705996344273e+003
2.829802180000001e+008    5.528974965728e+006    3.350852199964e+005   -4.112177303742e+006    4.528121615512e+003   -9.463637108916e+002    6.018936615102e+003
2.829802800000001e+008    5.796612151940e+006    2.756732583531e+005   -3.729683618388e+006    4.102057287937e+003   -9.693564754041e+002    6.314762693176e+003
2.829803400000003e+008    6.029896160186e+006    2.169510251288e+005   -3.342906311504e+006    3.671235131474e+003   -9.873093580800e+002    6.573106752490e+003
2.829803999999999e+008    6.236833443480e+006    1.572805323595e+005   -2.941482343509e+006    3.224156060779e+003   -1.000945517581e+003    6.802807575785e+003
2.829804600000001e+008    6.416504049400e+006    9.692191971060e+004   -2.527162599083e+006    2.762672741602e+003   -1.010237338339e+003    7.002812133213e+003
2.829805200000002e+008    6.568106947158e+006    3.613937459515e+004   -2.101758457270e+006    2.288794291778e+003   -1.015122955840e+003    7.172217140857e+003
2.829805799999998e+008    6.690961117335e+006   -2.480245159358e+004   -1.667129093418e+006    1.804745823286e+003   -1.015509236824e+003    7.310178963083e+003
2.829806400000000e+008    6.784512885066e+006   -8.563600996799e+004   -1.225178691058e+006    1.312471948045e+003   -1.011496142210e+003    7.416094413942e+003
2.829807000000002e+008    6.848337122819e+006   -1.460943381856e+005   -7.778457440260e+005    8.141571928056e+002   -1.003052387002e+003    7.489529921630e+003
2.829807599999998e+008    6.882140239930e+006   -2.059127671108e+005   -3.270941614307e+005    3.120978356136e+002   -9.901687383490e+002    7.530021730407e+003
2.829808200000000e+008    6.885758972819e+006   -2.648279678530e+005    1.250953343817e+005   -1.915364169835e+002   -9.729542888728e+002    7.537426286196e+003
2.829808800000002e+008    6.859163799579e+006   -3.225817467052e+005    5.767345020659e+005   -6.946330982885e+002   -9.514539900091e+002    7.511660131667e+003
2.829809399999998e+008    6.802460938149e+006   -3.789192043795e+005    1.025834678105e+006   -1.194776295472e+003   -9.257698423035e+002    7.452829310633e+003
2.829809999999999e+008    6.715884332732e+006   -4.335929856223e+005    1.470416889719e+006   -1.690006274605e+003   -8.960456665347e+002    7.361100611014e+003
2.829810600000001e+008    6.599804684633e+006   -4.863629658378e+005    1.908520340121e+006   -2.177924422770e+003   -8.623315497579e+002    7.236970107845e+003
2.829811199999997e+008    6.454726019189e+006   -5.369952405708e+005    2.338214214188e+006   -2.656313961934e+003   -8.248224784044e+002    7.080894166444e+003
2.829811799999999e+008    6.281275323465e+006   -5.852676550094e+005    2.757601895147e+006   -3.123223423329e+003   -7.836770298668e+002    6.893549588068e+003
2.829812400000001e+008    6.080211981663e+006   -6.309661641875e+005    3.164832049328e+006   -3.576531038991e+003   -7.390989304576e+002    6.675742893381e+003
2.829813000000003e+008    5.852409579545e+006   -6.738903382052e+005    3.558105055663e+006   -4.014137242076e+003   -6.912337455273e+002    6.428510642429e+003
2.829813599999998e+008    5.598866381465e+006   -7.138506913229e+005    3.935684788695e+006   -4.434164492663e+003   -6.403286402207e+002    6.152849753391e+003
2.829814200000001e+008    5.320693995584e+006   -7.506708272915e+005    4.295902937011e+006   -4.834817366550e+003   -5.866044253471e+002    5.849997280308e+003
2.829814800000002e+008    5.019112700557e+006   -7.841885851900e+005    4.637167510838e+006   -5.214193721442e+003   -5.302858951655e+002    5.521310102598e+003
2.829815399999998e+008    4.695446376495e+006   -8.142561951267e+005    4.957970350340e+006   -5.570725404059e+003   -4.716230470727e+002    5.168195644764e+003
2.829816000000000e+008    4.351117019004e+006   -8.407391569443e+005    5.256894134645e+006   -5.902746876030e+003   -4.109035180404e+002    4.792271170449e+003
2.829816600000002e+008    3.987636218702e+006   -8.635229828419e+005    5.532615895461e+006   -6.208810466909e+003   -3.483317426916e+002    4.395104303568e+003
2.829817199999998e+008    3.606603015756e+006   -8.825060206426e+005    5.783916520940e+006   -6.487623106171e+003   -2.842457177599e+002    3.978492914723e+003
2.829817799999999e+008    3.209693044452e+006   -8.976039663270e+005    6.009688273224e+006   -6.737868334127e+003   -2.189048677075e+002    3.544314840139e+003
2.829818400000002e+008    2.798651156075e+006   -9.087508135611e+005    6.208922300451e+006   -6.958479056515e+003   -1.525657609267e+002    3.094408323972e+003
2.829818999999997e+008    2.375286694574e+006   -9.158961787971e+005    6.380739644643e+006   -7.148498317895e+003   -8.557965105771e+001    2.630701786047e+003
2.829819599999999e+008    1.941461542515e+006   -9.190078157466e+005    6.524382261131e+006   -7.307024639354e+003   -1.818640653452e+001    2.155493742792e+003
2.829820200000001e+008    1.499085339372e+006   -9.180714640834e+005    6.639205026368e+006   -7.433396362595e+003    4.928449671892e+001    1.670543097830e+003
2.829820800000003e+008    1.050105575031e+006   -9.130914922028e+005    6.724698754133e+006   -7.527097674454e+003    1.165679166717e+002    1.178208997237e+003
2.829821399999999e+008    5.964988405038e+005   -9.040873109057e+005    6.780484210005e+006   -7.587591046193e+003    1.833500088115e+002    6.805005487424e+002
2.829822000000001e+008    1.402635811414e+005   -8.910995099424e+005    6.806301622906e+006   -7.614675014695e+003    2.493245131457e+002    1.797674105828e+002
2.829822600000002e+008   -3.165904066210e+005   -8.741826414735e+005    6.802040202671e+006   -7.608186390323e+003    3.142387323132e+002   -3.218706941204e+002
2.829823199999998e+008   -7.720486973297e+005   -8.534131141862e+005    6.767699650607e+006   -7.568167984467e+003    3.777589433948e+002   -8.222937092069e+002
2.829823800000000e+008   -1.224102770315e+006   -8.288774628754e+005    6.703432177349e+006   -7.494761971656e+003    4.396674383634e+002   -1.319211410149e+003
2.829824400000002e+008   -1.670756881156e+006   -8.006863008788e+005    6.609508013377e+006   -7.388255482706e+003    4.996284381028e+002   -1.810373341063e+003
2.829824999999998e+008   -2.110039767680e+006   -7.689602131262e+005    6.486339928882e+006   -7.249106635477e+003    5.574131957766e+002   -2.293738761482e+003
2.829825600000000e+008   -2.540008214210e+006   -7.338406803676e+005    6.334457739036e+006   -7.077919737891e+003    6.127366474669e+002   -2.767056694235e+003
2.829826200000002e+008   -2.958762848742e+006   -6.954794580922e+005    6.154532330371e+006   -6.875421298302e+003    6.653941222377e+002   -3.228275958633e+003
2.829826799999998e+008   -3.364448747721e+006   -6.540469712870e+005    5.947345661336e+006   -6.642474790411e+003    7.151176145485e+002   -3.675365153014e+003
2.829827399999999e+008   -3.755271530884e+006   -6.097236182251e+005    5.713810789059e+006   -6.380136361981e+003    7.616989633431e+002   -4.106272557610e+003
2.829828000000001e+008   -4.129497341919e+006   -5.627061684635e+005    5.454953868996e+006   -6.089491677694e+003    8.049042080845e+002   -4.519126405832e+003
2.829828599999997e+008   -4.485468984919e+006   -5.132001413519e+005    5.171914181690e+006   -5.771833118433e+003    8.445915212344e+002   -4.912024588436e+003
2.829829199999999e+008   -4.821606489325e+006   -4.614250398853e+005    4.865941633443e+006   -5.428601621403e+003    8.805400925887e+002   -5.283264757227e+003
2.829829770000000e+008   -5.121205332760e+006   -4.103446955097e+005    4.555255279268e+006   -5.080203802269e+003    9.111136835432e+002   -5.614363588100e+003
