2.819461180000001e+008    6.617007835839e+006   -1.458890767569e+006   -1.280652907351e+006    1.147094454243e+003   -1.270518730196e+003    7.402437501461e+003
2.819461780000002e+008    6.671293945122e+006   -1.531872770910e+006   -8.340200181191e+005    6.617076321224e+002   -1.161292673891e+003    7.479874631808e+003
2.819462379999998e+008    6.696357641768e+006   -1.598144568344e+006   -3.837254328654e+005    1.733200099847e+002   -1.046918839762e+003    7.524496866921e+003
2.819462980000000e+008    6.692075695162e+006   -1.657413807193e+006    6.825656138156e+004   -3.159651076789e+002   -9.279714089850e+002    7.536050747845e+003
2.819463580000002e+008    6.658464789686e+006   -1.709419218922e+006    5.199382478425e+005   -8.040246889510e+002   -8.049166376096e+002    7.514472788847e+003
2.819464179999998e+008    6.595661102224e+006   -1.753931126466e+006    9.693343132938e+005   -1.288554903469e+003   -6.782650919774e+002    7.459879207324e+003
2.819464780000000e+008    6.503939210920e+006   -1.790752323590e+006    1.414466617184e+006   -1.767642260906e+003   -5.486395151054e+002    7.372456852055e+003
2.819465380000002e+008    6.383696513464e+006   -1.819721465838e+006    1.853378716901e+006   -2.238976570089e+003   -4.166224885353e+002    7.252581926843e+003
2.819465979999998e+008    6.235450872642e+006   -1.840711962771e+006    2.284137471670e+006   -2.700554785450e+003   -2.827413406262e+002    7.100831139401e+003
2.819466579999999e+008    6.059865156201e+006   -1.853624013056e+006    2.704853302925e+006   -3.150344826734e+003   -1.476093345006e+002    6.917811145936e+003
2.819467180000001e+008    5.857698492491e+006   -1.858408143570e+006    3.113672172677e+006   -3.586307784519e+003   -1.179543550509e+001    6.704348593899e+003
2.819467779999997e+008    5.629830405820e+006   -1.855039223774e+006    3.508789545412e+006   -4.006575052479e+003    1.240335129978e+002    6.461380403940e+003
2.819468379999999e+008    5.377262806684e+006   -1.843532677854e+006    3.888470584083e+006   -4.409242162382e+003    2.593414753771e+002    6.190003444683e+003
2.819468980000001e+008    5.101104759859e+006   -1.823938545793e+006    4.251044475240e+006   -4.792640832819e+003    3.935153864834e+002    5.891364966357e+003
2.819469580000003e+008    4.802560221295e+006   -1.796341330905e+006    4.594913249041e+006   -5.154996024334e+003    5.259710388754e+002    5.566812046658e+003
2.819470179999999e+008    4.482951570912e+006   -1.760864706129e+006    4.918568740668e+006   -5.494699853343e+003    6.561183373975e+002    5.217762035741e+003
2.819470780000001e+008    4.143674011634e+006   -1.717662837491e+006    5.220584665111e+006   -5.810381300645e+003    7.833593047392e+002    4.845742669891e+003
2.819471380000002e+008    3.786215150262e+006   -1.666924713471e+006    5.499631585040e+006   -6.100507093495e+003    9.071865529341e+002    4.452431425244e+003
2.819471979999998e+008    3.412143669048e+006   -1.608872727402e+006    5.754479929353e+006   -6.363952356621e+003    1.027072808801e+003    4.039446443093e+003
2.819472580000000e+008    3.023100484513e+006   -1.543761913672e+006    5.984009007650e+006   -6.599440241512e+003    1.142426866660e+003    3.608715614133e+003
2.819473180000002e+008    2.620791309894e+006   -1.471877051328e+006    6.187205522495e+006   -6.805951316342e+003    1.252779854078e+003    3.162067254718e+003
2.819473779999998e+008    2.206981109131e+006   -1.393532183785e+006    6.363174078507e+006   -6.982651485054e+003    1.357664819370e+003    2.701429983760e+003
2.819474379999999e+008    1.783484742860e+006   -1.309071312345e+006    6.511135197574e+006   -7.128732311286e+003    1.456594209331e+003    2.228852461182e+003
2.819474980000002e+008    1.352159405914e+006   -1.218864371895e+006    6.630435831406e+006   -7.243528119437e+003    1.549123758289e+003    1.746363581846e+003
2.819475579999997e+008    9.148976755241e+005   -1.123305635421e+006    6.720544872938e+006   -7.326524177929e+003    1.634908923917e+003    1.256162491876e+003
2.819476179999999e+008    4.736186279067e+005   -1.022814592384e+006    6.781057170789e+006   -7.377404884117e+003    1.713532390576e+003    7.603986586705e+002
2.819476780000001e+008    3.025887418627e+004   -9.178294147636e+005    6.811708044217e+006   -7.395859675679e+003    1.784602974557e+003    2.609115586945e+002
2.819477380000003e+008   -4.132338309272e+005   -8.088145715988e+005    6.812337293136e+006   -7.381837923931e+003    1.847881631987e+003   -2.396588991518e+002
2.819477979999999e+008   -8.549108297044e+005   -6.962421191256e+005    6.782954715802e+006   -7.335350336857e+003    1.903080353445e+003   -7.394627093091e+002
2.819478580000001e+008   -1.292830331167e+006   -5.806086286744e+005    6.723667620586e+006   -7.256603937656e+003    1.949892553883e+003   -1.236109546121e+003
2.819479180000003e+008   -1.725063647876e+006   -4.624215396405e+005    6.634721836854e+006   -7.145921704299e+003    1.988177113222e+003   -1.727588887297e+003
2.819479779999998e+008   -2.149707675587e+006   -3.421991131750e+005    6.516507235341e+006   -7.003707305423e+003    2.017694515858e+003   -2.211540083165e+003
2.819480380000001e+008   -2.564889718033e+006   -2.204703973894e+005    6.369528235985e+006   -6.830603228476e+003    2.038355224734e+003   -2.685992087731e+003
2.819480980000002e+008   -2.968777358964e+006   -9.777008387742e+004    6.194422324304e+006   -6.627353600311e+003    2.050033692310e+003   -3.148793690663e+003
2.819481579999998e+008   -3.359585592690e+006    2.536106324683e+004    5.991950062998e+006   -6.394804670212e+003    2.052735520797e+003   -3.597823508729e+003
2.819482180000000e+008   -3.735588296533e+006    1.483821517976e+005    5.762996610955e+006   -6.133956438524e+003    2.046333880626e+003   -4.031229914577e+003
2.819482780000002e+008   -4.095115366075e+006    2.707477911539e+005    5.508557218350e+006   -5.845923725152e+003    2.030926797913e+003   -4.446981082451e+003
2.819483379999998e+008   -4.436576986328e+006    3.919191168599e+005    5.229747766785e+006   -5.531947916501e+003    2.006552659816e+003   -4.843264983243e+003
2.819483979999999e+008   -4.758457252612e+006    5.113610508820e+005    4.927790758740e+006   -5.193427576451e+003    1.973287209250e+003   -5.218229329541e+003
2.819484580000001e+008   -5.059324853699e+006    6.285444792356e+005    4.604014335102e+006   -4.831842787605e+003    1.931331383400e+003   -5.570351695325e+003
2.819485179999997e+008   -5.337843176898e+006    7.429523703919e+005    4.259842791937e+006   -4.448720744776e+003    1.880779780812e+003   -5.897849582446e+003
2.819693979999999e+008    6.058201899783e+006   -1.826861980784e+006    2.727358873268e+006   -3.173361435396e+003   -1.540513903751e+002    6.906751536253e+003
2.819694580000001e+008    5.854655466068e+006   -1.832090868327e+006    3.135465921147e+006   -3.609141747900e+003   -2.022193739519e+001    6.691698695144e+003
2.819695180000003e+008    5.625426330256e+006   -1.829284230993e+006    3.529778239637e+006   -4.029121073022e+003    1.137040819099e+002    6.447160025778e+003
2.819695779999998e+008    5.371521008511e+006   -1.818453899630e+006    3.908564182754e+006   -4.431361748653e+003    2.471458655273e+002    6.174372340472e+003
2.819696380000001e+008    5.094052331366e+006   -1.799646982672e+006    4.270156729453e+006   -4.814220685034e+003    3.794846470826e+002    5.874292930233e+003
2.819696980000002e+008    4.794238443003e+006   -1.772945212283e+006    4.612965785312e+006   -5.175977108881e+003    5.101585630654e+002    5.548428962676e+003
2.819697579999998e+008    4.473392314985e+006   -1.738466729543e+006    4.935481499573e+006   -5.514953904601e+003    6.386223439389e+002    5.198187677335e+003
2.819698180000000e+008    4.132921976702e+006   -1.696362829210e+006    5.236285564932e+006   -5.829856619019e+003    7.642717377068e+002    4.824976935617e+003
2.819698780000002e+008    3.774319525560e+006   -1.646816345131e+006    5.514053535559e+006   -6.119183581037e+003    8.865743632961e+002    4.430564264545e+003
2.819699379999998e+008    3.399157871264e+006   -1.590044192767e+006    5.767565832307e+006   -6.381626157608e+003    1.005005172414e+003    4.016677506526e+003
2.819699979999999e+008    3.009083049971e+006   -1.526298498624e+006    5.995699255197e+006   -6.616117772192e+003    1.119020096316e+003    3.585064898216e+003
2.819700580000001e+008    2.605804728557e+006   -1.455854954392e+006    6.197453499495e+006   -6.821596074930e+003    1.228127162721e+003    3.137584685746e+003
2.819701179999997e+008    2.191091711310e+006   -1.379023384675e+006    6.371936662536e+006   -6.997132992488e+003    1.331891402499e+003    2.676375337439e+003
2.819701779999999e+008    1.766761904113e+006   -1.296140079729e+006    6.518377260476e+006   -7.141992133420e+003    1.429798618643e+003    2.203215630351e+003
2.819702380000001e+008    1.334676759277e+006   -1.207567789237e+006    6.636126237368e+006   -7.255563939850e+003    1.521443554766e+003    1.720274554124e+003
2.819702979999996e+008    8.967316847780e+005   -1.113694423549e+006    6.724659980877e+006   -7.337283878595e+003    1.606430172780e+003    1.229721172327e+003
2.819703579999999e+008    4.548484707041e+005   -1.014930917578e+006    6.783582334743e+006   -7.386783689736e+003    1.684382053020e+003    7.335948696241e+002
2.819704180000001e+008    1.096730641374e+004   -9.117100255845e+005    6.812624611872e+006   -7.403862335757e+003    1.754959012649e+003    2.341753056173e+002
2.819704780000002e+008   -4.329623938320e+005   -8.044840057903e+005    6.811655609426e+006   -7.388387192879e+003    1.817848767256e+003   -2.664777474254e+002
2.819705379999998e+008   -8.749893247796e+005   -6.937231285086e+005    6.780663620840e+006   -7.340454400037e+003    1.872764225751e+003   -7.661341424663e+002
2.819705980000000e+008   -1.313169195208e+006   -5.799129954626e+005    6.719779450515e+006   -7.260190428109e+003    1.919451681564e+003   -1.262613681480e+003
2.819706580000002e+008   -1.745573544155e+006   -4.635523850154e+005    6.629260928281e+006   -7.147986520936e+003    1.957732108966e+003   -1.753595730662e+003
2.819707179999998e+008   -2.170296874410e+006   -3.451527063005e+005    6.509494921071e+006   -7.004283347863e+003    1.987401604632e+003   -2.237189577257e+003
2.819707780000000e+008   -2.585467083944e+006   -2.252345160548e+005    6.360994850104e+006   -6.829648135312e+003    2.008333196278e+003   -2.710954297671e+003
2.819708380000002e+008   -2.989251625065e+006   -1.043248005543e+005    6.184405701070e+006   -6.624895612904e+003    2.020433259688e+003   -3.173138563742e+003
2.819708979999998e+008   -3.379866682278e+006    1.704453156943e+004    5.980495039163e+006   -6.390826286734e+003    2.023639128967e+003   -3.621431068350e+003
2.819709579999999e+008   -3.755584773382e+006    1.383388393960e+005    5.750152021591e+006   -6.128510607787e+003    2.017921831779e+003   -4.053890062746e+003
2.819710180000001e+008   -4.114741748967e+006    2.590229720034e+005    5.494381409091e+006   -5.839023008913e+003    2.003326605502e+003   -4.468643788361e+003
2.819710779999997e+008   -4.455745519452e+006    3.785647433964e+005    5.214302580331e+006   -5.523614662610e+003    1.979873689910e+003   -4.863850199375e+003
2.819711379999999e+008   -4.777081931701e+006    4.964358855217e+005    4.911144041538e+006   -5.183673439463e+003    1.947648920041e+003   -5.237687023880e+003
2.819711980000001e+008   -5.077324485587e+006    6.121152297483e+005    4.586238942494e+006   -4.820688771840e+003    1.906824408374e+003   -5.588531820518e+003
2.819712580000003e+008   -5.355137495792e+006    7.250906103809e+005    4.241017081774e+006   -4.436252997048e+003    1.857565516584e+003   -5.914701980231e+003
2.819713179999999e+008   -5.609284220495e+006    8.348619960715e+005    3.877000620147e+006   -4.032095843494e+003    1.800054139733e+003   -6.214774669334e+003
2.819713780000001e+008   -5.838630112588e+006    9.409408113564e+005    3.495794285840e+006   -3.609974695250e+003    1.734570096795e+003   -6.487377004586e+003
2.819714380000002e+008   -6.042159701891e+006    1.042860771201e+006    3.099088402590e+006   -3.171749678861e+003    1.661419349623e+003   -6.731295934097e+003
2.819714979999998e+008   -6.218959975442e+006    1.140165950600e+006    2.688633861934e+006   -2.719404050586e+003    1.580859659358e+003   -6.945428207414e+003
2.819715580000000e+008   -6.368245702746e+006    1.232426402915e+006    2.266250665273e+006   -2.254925627464e+003    1.493324881159e+003   -7.128770558697e+003
2.819716180000002e+008   -6.489351956871e+006    1.319233442286e+006    1.833811511421e+006   -1.780472914389e+003    1.399149390419e+003   -7.280499448385e+003
2.819716779999998e+008   -6.581741231411e+006    1.400201563892e+006    1.393234408298e+006   -1.298042799353e+003    1.298785363602e+003   -7.399941595496e+003
2.819717379999999e+008   -6.645003505905e+006    1.474973310855e+006    9.464743732480e+005   -8.099309261592e+002    1.192685292528e+003   -7.486533231628e+003
2.819717980000002e+008   -6.678859382895e+006    1.543216882741e+006    4.955125380287e+005   -3.182259006917e+002    1.081294759929e+003   -7.539910926900e+003
2.819718579999997e+008   -6.683164653393e+006    1.604632650001e+006    4.235305655869e+004    1.747594669223e+002    9.651485791809e+002   -7.559800881569e+003
2.819719179999999e+008   -6.657904890761e+006    1.658950113833e+006   -4.109938040729e+005    6.668966864031e+002    8.447731644307e+002   -7.546159597446e+003
2.819719780000001e+008   -6.603200046243e+006    1.705930387159e+006   -8.625185560041e+005    1.155917207730e+003    7.206853125809e+002   -7.499093348438e+003
2.819720380000003e+008   -6.519301182150e+006    1.745369463645e+006   -1.310219195793e+006    1.639641316062e+003    5.934707034680e+002   -7.418748550364e+003
2.819720979999999e+008   -6.406589485676e+006    1.777093755613e+006   -1.752113306252e+006    2.115928350065e+003    4.636555260655e+002   -7.305601685997e+003
2.819721580000001e+008   -6.265575852418e+006    1.800967638435e+006   -2.186245656794e+006    2.582689253201e+003    3.318622881798e+002   -7.160149317968e+003
2.819722180000003e+008   -6.096898646911e+006    1.816889724285e+006   -2.610698607275e+006    3.037739714190e+003    1.987126307015e+002   -6.983087853800e+003
2.819722779999998e+008   -5.901317792911e+006    1.824794675336e+006   -3.023599017570e+006    3.479128752171e+003    6.475755242439e+001   -6.775224085256e+003
2.819723380000001e+008   -5.679711940307e+006    1.824652048856e+006   -3.423128252263e+006    3.904937664074e+003   -6.942479211363e+001   -6.537534855795e+003
2.819807990000002e+008    5.955042967341e+006   -1.817321279715e+006    2.950091037292e+006   -3.411571583248e+003   -8.955315049433e+001    6.793990459711e+003
2.819808589999998e+008    5.737435724924e+006   -1.818702891650e+006    3.350943239371e+006   -3.839352752036e+003    4.345379581872e+001    6.562824038244e+003
2.819809189999999e+008    5.494659479798e+006   -1.812106465777e+006    3.737054141213e+006   -4.250243088590e+003    1.762830591399e+002    6.302800010063e+003
2.819809790000001e+008    5.227778407810e+006   -1.797560775443e+006    4.106725002731e+006   -4.642521633169e+003    3.083619529131e+002    6.015065543495e+003
2.819810389999997e+008    4.937960668114e+006   -1.775128312684e+006    4.458328812794e+006   -5.014460483792e+003    4.390421127073e+002    5.700787792173e+003
2.819810989999999e+008    4.626478634649e+006   -1.744908274064e+006    4.790318288730e+006   -5.364412074184e+003    5.678427213876e+002    5.361454048871e+003
2.819811590000001e+008    4.294698254111e+006   -1.707033071478e+006    5.101231193854e+006   -5.690851905788e+003    6.941198831014e+002    4.998491799678e+003
2.819812189999996e+008    3.944074712653e+006   -1.661668513172e+006    5.389700144545e+006   -5.992337583715e+003    8.174055910047e+002    4.613568672971e+003
2.819812789999999e+008    3.576145602486e+006   -1.609013490899e+006    5.654454621411e+006   -6.267477049333e+003    9.370673838341e+002    4.208322371769e+003
2.819813390000001e+008    3.192525365299e+006   -1.549298427150e+006    5.894328978443e+006   -6.515180708607e+003    1.052636523891e+003    3.784531100165e+003
2.819813990000002e+008    2.794895207263e+006   -1.482785261733e+006    6.108265459468e+006   -6.734302282700e+003    1.163592665450e+003    3.344062967587e+003
2.819814589999998e+008    2.384999647693e+006   -1.409765404594e+006    6.295320703888e+006   -6.923890305240e+003    1.269423355049e+003    2.888826401701e+003
2.819815190000000e+008    1.964635186943e+006   -1.330558485729e+006    6.454667765224e+006   -7.083092015754e+003    1.369747021124e+003    2.420809997272e+003
2.819815790000002e+008    1.535646939433e+006   -1.245511456667e+006    6.585602616661e+006   -7.211281666236e+003    1.464037111590e+003    1.942082712926e+003
2.819816389999998e+008    1.099916496932e+006   -1.154996546321e+006    6.687542670938e+006   -7.307775340865e+003    1.551953816516e+003    1.454743420948e+003
2.819816990000000e+008    6.593557534353e+005   -1.059409842813e+006    6.760032790498e+006   -7.372204105682e+003    1.633039973637e+003    9.608315020459e+002
2.819817590000002e+008    2.158994128038e+005   -9.591700322229e+005    6.802745299766e+006   -7.404274861672e+003    1.706985481290e+003    4.626064676241e+002
2.819818189999998e+008   -2.285051805426e+005   -8.547169794627e+005    6.815491001817e+006   -7.403813124348e+003    1.773450129941e+003   -3.789197907577e+001
2.819818789999999e+008   -6.719049427682e+005   -7.465078811462e+005    6.798199689785e+006   -7.370784921286e+003    1.832143109875e+003   -5.383439029778e+002
2.819819390000001e+008   -1.112350663463e+006   -6.350166096344e+005    6.750940162599e+006   -7.305359306708e+003    1.882791053464e+003   -1.036499037118e+003
2.819819989999997e+008   -1.547904226633e+006   -5.207328188151e+005    6.673907736788e+006   -7.207781403421e+003    1.925197564289e+003   -1.530356987284e+003
2.819820589999999e+008   -1.976647102969e+006   -4.041578419144e+005    6.567432760528e+006   -7.078437979936e+003    1.959126163836e+003   -2.017587129595e+003
2.819821190000001e+008   -2.396690830235e+006   -2.858036948699e+005    6.431970130774e+006   -6.917866670156e+003    1.984480497861e+003   -2.496198588167e+003
2.819821790000003e+008   -2.806181341284e+006   -1.661908865381e+005    6.268107300424e+006   -6.726794985479e+003    2.001089114014e+003   -2.963910180422e+003
2.819822389999998e+008   -3.203309654442e+006   -4.584590129964e+004    6.076553795858e+006   -6.505972555503e+003    2.008886938225e+003   -3.418810683381e+003
2.819822990000001e+008   -3.586320267273e+006    7.470106525332e+004    5.858145730741e+006   -6.256367279361e+003    2.007822934646e+003   -3.858798517149e+003
2.819823590000002e+008   -3.953517084418e+006    1.949196963638e+005    5.613833815833e+006   -5.979038691267e+003    1.997908858285e+003   -4.281911949711e+003
2.819824189999998e+008   -4.303273125890e+006    3.142780122553e+005    5.344688374762e+006   -5.675227254918e+003    1.979182066969e+003   -4.686268952892e+003
2.819824790000000e+008   -4.634036438903e+006    4.322494458205e+005    5.051888353975e+006   -5.346219780893e+003    1.951700321417e+003   -5.070087422152e+003
2.819825390000002e+008   -4.944338429297e+006    5.483129687352e+005    4.736719836324e+006   -4.993389089499e+003    1.915605616481e+003   -5.431655108953e+003
2.819825989999998e+008   -5.232799266494e+006    6.619541907987e+005    4.400570049925e+006   -4.618411949577e+003    1.870994008699e+003   -5.769249271068e+003
2.819826589999999e+008   -5.498137060268e+006    7.726714353555e+005    4.044919083389e+006   -4.222890117147e+003    1.818128780065e+003   -6.081377281386e+003
2.819827190000002e+008   -5.739168464857e+006    8.799723021774e+005    3.671336886643e+006   -3.808552153974e+003    1.757214686860e+003   -6.366706308861e+003
2.819827789999997e+008   -5.954821123199e+006    9.833819764064e+005    3.281475291594e+006   -3.377200309780e+003    1.688503978504e+003   -6.623883400113e+003
2.819828389999999e+008   -6.144133963549e+006    1.082442310045e+006    2.877057212550e+006   -2.930890015015e+003    1.612284556883e+003   -6.851705187410e+003
2.819828990000001e+008   -6.306264200396e+006    1.176714243247e+006    2.459875157747e+006   -2.471500855875e+003    1.528917041416e+003   -7.049168586863e+003
2.819829590000003e+008   -6.440487254392e+006    1.265779191927e+006    2.031777829260e+006   -2.001036287451e+003    1.438775552686e+003   -7.215430312184e+003
2.819830189999999e+008   -6.546207963982e+006    1.349242515395e+006    1.594662141432e+006   -1.521690767325e+003    1.342289093074e+003   -7.349666763119e+003
2.819830790000001e+008   -6.622956665234e+006    1.426734312724e+006    1.150469514506e+006   -1.035638645521e+003    1.239842881099e+003   -7.451284374560e+003
2.819831390000003e+008   -6.670394089734e+006    1.497912532054e+006    7.011707827328e+005   -5.450146171286e+002    1.131861781497e+003   -7.519809644497e+003
2.819831989999998e+008   -6.688313177340e+006    1.562461705451e+006    2.487606972606e+005   -5.207702339856e+001    1.018965482773e+003   -7.554938860675e+003
2.819832590000001e+008   -6.676640523450e+006    1.620097722113e+006   -2.047535713111e+005    4.410273344913e+002    9.015106622910e+002   -7.556598505073e+003
2.819833190000002e+008   -6.635433172095e+006    1.670568037357e+006   -6.573592381634e+005    9.320354103275e+002    7.801728692675e+002   -7.524694855619e+003
2.819833789999998e+008   -6.564883847387e+006    1.713650926065e+006   -1.107049895780e+006    1.418750444898e+003    6.554064451517e+002   -7.459454308883e+003
2.819834390000000e+008   -6.465314038906e+006    1.749158843091e+006   -1.551832925087e+006    1.899000354264e+003    5.277479847463e+002   -7.361173298100e+003
2.819834990000002e+008   -6.337177106175e+006    1.776938509077e+006   -1.989739990404e+006    2.370680797101e+003    3.978707625414e+002   -7.230318361076e+003
2.819835589999998e+008   -6.181051739628e+006    1.796870234039e+006   -2.418834850154e+006    2.831570125721e+003    2.662758036806e+002   -7.067545852405e+003
2.819836189999999e+008   -5.997644384203e+006    1.808871246532e+006   -2.837223552777e+006    3.279733986222e+003    1.336176473950e+002   -6.873592588476e+003
2.819836790000001e+008   -5.787779657552e+006    1.812893716823e+006   -3.243061452462e+006    3.713120161616e+003    4.757473914540e-001   -6.649365197115e+003
2.819837389999997e+008   -5.552399439197e+006    1.808924205448e+006   -3.634562410675e+006    4.129909636540e+003   -1.326485812134e+002   -6.395890690277e+003
2.819837970000001e+008   -5.301602018233e+006    1.797512164886e+006   -3.997768211395e+006    4.515233243048e+003   -2.606677568328e+002   -6.124174600433e+003
