2.805089980000002e+008    3.308968941900e+006   -2.730866922988e+006    5.386294084156e+006   -5.487175355964e+003    2.500728939911e+003    4.629677723033e+003
2.805090579999998e+008    2.972732111405e+006   -2.574950233151e+006    5.652043622476e+006   -5.716649989817e+003    2.694489071943e+003    4.225379291165e+003
2.805091180000000e+008    2.623475651518e+006   -2.407757639325e+006    5.892971317420e+006   -5.921006059564e+003    2.876460973287e+003    3.802599426320e+003
2.805091780000002e+008    2.262733897427e+006   -2.230023721658e+006    6.108026637465e+006   -6.099398493561e+003    3.045769082003e+003    3.363256716972e+003
2.805092379999998e+008    1.892085260832e+006   -2.042528139438e+006    6.296269477522e+006   -6.251072351960e+003    3.201737318245e+003    2.909149907126e+003
2.805092979999999e+008    1.513154757795e+006   -1.846092802060e+006    6.456877154962e+006   -6.375353113268e+003    3.343659337579e+003    2.442447870795e+003
2.805093580000001e+008    1.127601537226e+006   -1.641578589372e+006    6.589146930064e+006   -6.471746246460e+003    3.470930921538e+003    1.964949779010e+003
2.805094179999997e+008    7.371134181463e+005   -1.429880813676e+006    6.692506015123e+006   -6.539804943014e+003    3.582996281326e+003    1.478874883215e+003
2.805094779999999e+008    3.433989295748e+005   -1.211926089018e+006    6.766494087520e+006   -6.579240583160e+003    3.679414157045e+003    9.864126973979e+002
2.805094850000003e+008    2.973346240720e+005   -1.186133990021e+006    6.773196714189e+006   -6.581988466452e+003    3.689625252757e+003    9.286875467901e+002
