2.802251030000003e+008    1.274913410242e+006   -1.848851984166e+006    6.507262640126e+006   -6.210795178514e+003    3.746127302402e+003    2.276330891198e+003
2.802251640000001e+008    8.934590438083e+005   -1.616326928042e+006    6.631254669307e+006   -6.291231062090e+003    3.874677732566e+003    1.787497209328e+003
2.802252240000003e+008    5.143064158436e+005   -1.380476646105e+006    6.723879576620e+006   -6.342584777338e+003    3.984035364630e+003    1.298935321377e+003
2.802252839999999e+008    1.329033697729e+005   -1.138585996612e+006    6.787003396082e+006   -6.366229194624e+003    4.075958598453e+003    8.045375357645e+002
2.802253440000001e+008   -2.490809653463e+005   -8.917139595251e+005    6.820351862575e+006   -6.362013757774e+003    4.150030922672e+003    3.066435905274e+002
2.802254040000002e+008   -6.299762776085e+005   -6.409407329237e+005    6.823775708180e+006   -6.329919876834e+003    4.205969025486e+003   -1.926065556015e+002
2.802254639999998e+008   -1.008116072450e+006   -3.873618715917e+005    6.797256670599e+006   -6.270168543761e+003    4.243504366898e+003   -6.910625535939e+002
2.802255240000000e+008   -1.381844277610e+006   -1.320871621821e+005    6.740909503953e+006   -6.182934788725e+003    4.262462106688e+003   -1.186534124603e+003
2.802255840000002e+008   -1.749524419890e+006    1.237656012928e+005    6.654973493988e+006   -6.068631119868e+003    4.262765671936e+003   -1.676920599042e+003
2.802256439999998e+008   -2.109545113935e+006    3.790764190095e+005    6.539819967295e+006   -5.927727975343e+003    4.244401990895e+003   -2.160131210082e+003
2.802257040000000e+008   -2.460327950947e+006    6.327273918258e+005    6.395947304332e+006   -5.760797756954e+003    4.207456898652e+003   -2.633885020100e+003
2.802257640000002e+008   -2.800332893784e+006    8.836066976952e+005    6.223976448386e+006   -5.568574942725e+003    4.152058459932e+003   -3.096380826523e+003
2.802258239999998e+008   -3.128066656014e+006    1.130613414824e+006    6.024653919436e+006   -5.351869180935e+003    4.078419270116e+003   -3.545337299847e+003
2.802258839999999e+008   -3.442086113617e+006    1.372663326474e+006    5.798845319965e+006   -5.111623028892e+003    3.986880537394e+003   -3.978902888848e+003
2.802259440000001e+008   -3.741009045323e+006    1.608692740501e+006    5.547533352612e+006   -4.848845617978e+003    3.877803707754e+003   -4.395135932937e+003
2.802260040000004e+008   -4.023517359029e+006    1.837663094516e+006    5.271811825632e+006   -4.564685080066e+003    3.751693151470e+003   -4.792194538777e+003
2.802260639999999e+008   -4.288363762062e+006    2.058566470492e+006    4.972884164004e+006   -4.260337278408e+003    3.609030671087e+003   -5.168336736599e+003
2.802261240000001e+008   -4.534376447048e+006    2.270428694059e+006    4.652055917190e+006   -3.937109085292e+003    3.450408878341e+003   -5.521990371030e+003
2.802261840000003e+008   -4.760466370182e+006    2.472314461872e+006    4.310730771217e+006   -3.596446886594e+003    3.276585960060e+003   -5.851373051617e+003
2.802262439999999e+008   -4.965629827396e+006    2.663331603809e+006    3.950403753057e+006   -3.239838409197e+003    3.088262215888e+003   -6.155122323977e+003
2.802263040000001e+008   -5.148955784452e+006    2.842635831984e+006    3.572655942773e+006   -2.868815463187e+003    2.886299656362e+003   -6.431835654237e+003
2.802263640000002e+008   -5.309628016765e+006    3.009432604481e+006    3.179146477077e+006   -2.484994460633e+003    2.671505643577e+003   -6.680340373841e+003
2.802264239999998e+008   -5.446931618536e+006    3.162983775491e+006    2.771606260225e+006   -2.090075140016e+003    2.444882573069e+003   -6.899383669286e+003
2.802264840000000e+008   -5.560252381153e+006    3.302607630425e+006    2.351828963001e+006   -1.685904485631e+003    2.207528490481e+003   -7.088002483420e+003
2.802265440000002e+008   -5.649084023115e+006    3.427685016545e+006    1.921664934760e+006   -1.274099413859e+003    1.960258435812e+003   -7.245424146946e+003
2.802266039999998e+008   -5.713027477971e+006    3.537660920357e+006    1.483011502331e+006   -8.566131486150e+002    1.704281102897e+003   -7.370885424881e+003
2.802266639999999e+008   -5.751795342989e+006    3.632046399639e+006    1.037804577339e+006   -4.352541321378e+002    1.440773550584e+003   -7.463813319412e+003
2.802309840000002e+008    3.441471596916e+004   -1.074272478962e+006    6.798657736320e+006   -6.372392978674e+003    4.089964984722e+003    6.745391257132e+002
2.802310450000000e+008   -3.540841160134e+005   -8.225427385684e+005    6.824356582858e+006   -6.360538542791e+003    4.160321393843e+003    1.677724972493e+002
2.802311050000002e+008   -7.346622555863e+005   -5.713046849194e+005    6.819442981968e+006   -6.320811559614e+003    4.211186338910e+003   -3.314503794986e+002
2.802311649999998e+008   -1.112027294749e+006   -3.175661517645e+005    6.784606733031e+006   -6.253430779122e+003    4.243608075552e+003   -8.293291073615e+002
2.802312250000000e+008   -1.484525616129e+006   -6.243789155656e+004    6.719993093933e+006   -6.158647133353e+003    4.257503366726e+003   -1.323623279106e+003
2.802312850000002e+008   -1.850525794964e+006    1.929635934555e+005    6.625882358568e+006   -6.036905356477e+003    4.252710612777e+003   -1.812302176236e+003
2.802313449999998e+008   -2.208423815472e+006    4.475197425105e+005    6.502679865488e+006   -5.888698406076e+003    4.229317891373e+003   -2.293034989608e+003
2.802314049999999e+008   -2.556649829709e+006    7.001152371815e+005    6.350916509146e+006   -5.714646060006e+003    4.187387365322e+003   -2.763950705617e+003
2.802314650000001e+008   -2.893674573599e+006    9.496427574039e+005    6.171250750563e+006   -5.515474096638e+003    4.127086498801e+003   -3.222808132766e+003
2.802315250000003e+008   -3.218017167589e+006    1.195007191867e+006    5.964461630204e+006   -5.292035317131e+003    4.048653483598e+003   -3.667715870055e+003
2.802315849999999e+008   -3.528250222213e+006    1.435131354415e+006    5.731448276557e+006   -5.045322361386e+003    3.952478724706e+003   -4.096582281566e+003
2.802316450000001e+008   -3.823007309659e+006    1.668958902013e+006    5.473222918412e+006   -4.776362822212e+003    3.838899230014e+003   -4.507835677722e+003
2.802317050000003e+008   -4.100988089124e+006    1.895462613085e+006    5.190912893596e+006   -4.486278251917e+003    3.708392046989e+003   -4.899194208555e+003
2.802317649999999e+008   -4.360965545121e+006    2.113643725804e+006    4.885751160699e+006   -4.176378407338e+003    3.561545594277e+003   -5.269205713798e+003
2.802318250000001e+008   -4.601786090647e+006    2.322539222408e+006    4.559068799580e+006   -3.847967362608e+003    3.398993274504e+003   -5.616188039994e+003
2.802318859999998e+008   -4.825885190746e+006    2.524448095374e+006    4.206355874155e+006   -3.496685393260e+003    3.218376172458e+003   -5.943768394693e+003
2.802319460000001e+008   -5.024922620964e+006    2.711859697310e+006    3.840718481333e+006   -3.135395147452e+003    3.026316715186e+003   -6.239695526552e+003
2.802320060000002e+008   -5.201859153104e+006    2.887343145870e+006    3.458141252940e+006   -2.760234560533e+003    2.820909097437e+003   -6.508195813039e+003
2.802320659999998e+008   -5.355906135463e+006    3.050121971061e+006    3.060306271760e+006   -2.372770351412e+003    2.603008450395e+003   -6.748076663649e+003
2.802321270000002e+008   -5.488348723371e+006    3.201845672039e+006    2.642002499035e+006   -1.967982493952e+003    2.369632979355e+003   -6.961546387444e+003
2.802321869999998e+008   -5.594254368649e+006    3.336868805396e+006    2.218782866036e+006   -1.560938568624e+003    2.129461176339e+003   -7.140580055184e+003
2.802322470000000e+008   -5.675518475228e+006    3.457193415409e+006    1.785762443747e+006   -1.146877701046e+003    1.879843357498e+003   -7.288115539710e+003
2.802323070000002e+008   -5.731775331165e+006    3.562285650229e+006    1.344851714713e+006   -7.276763978935e+002    1.621918060128e+003   -7.403449733908e+003
2.802323669999998e+008   -5.762770986968e+006    3.651678100720e+006    8.979968464712e+005   -3.051422580748e+002    1.356743890993e+003   -7.486159646893e+003
2.802324269999999e+008   -5.768365372837e+006    3.724975022124e+006    4.471720952259e+005    1.187762369582e+002    1.085546795702e+003   -7.535772050671e+003
2.802364439999998e+008    1.450959336430e+006   -1.948166494653e+006    6.441426391352e+006   -6.173006419806e+003    3.668374319053e+003    2.494726313974e+003
2.802365040000000e+008    1.077675229483e+006   -1.723959736499e+006    6.576869278823e+006   -6.265283967050e+003    3.802378994483e+003    2.018402017492e+003
2.802365660000000e+008    6.870137253893e+005   -1.484366935376e+006    6.686506115529e+006   -6.331838639545e+003    3.923359946694e+003    1.517015232819e+003
2.802366260000002e+008    3.058788452655e+005   -1.245888898802e+006    6.762787355037e+006   -6.368060453914e+003    4.022962697292e+003    1.024978118926e+003
2.802366859999998e+008   -7.659476817925e+004   -1.001960483170e+006    6.809399483811e+006   -6.376432162544e+003    4.104964866001e+003    5.283748717694e+002
2.802367460000000e+008   -4.587336707676e+005   -7.536488784687e+005    6.826138729406e+006   -6.356939999957e+003    4.169005127317e+003    2.940545538449e+001
2.802368060000002e+008   -8.388660351119e+005   -5.020406476749e+005    6.812930321302e+006   -6.309573309417e+003    4.214823897496e+003   -4.696201562370e+002
2.802368659999998e+008   -1.215329062882e+006   -2.482344209762e+005    6.769826503304e+006   -6.234622251103e+003    4.242220794982e+003   -9.666114972592e+002
2.802369259999999e+008   -1.586473194460e+006    6.657726419386e+003    6.697011540331e+006   -6.132372791871e+003    4.251042123405e+003   -1.459588106628e+003
2.802369860000001e+008   -1.950672827081e+006    2.615197681235e+005    6.594799236295e+006   -6.003219796037e+003    4.241232550385e+003   -1.946229341099e+003
2.802370469999999e+008   -2.312177515232e+006    5.194484537728e+005    6.461202145608e+006   -5.844962264396e+003    4.212199138338e+003   -2.432298816537e+003
2.802371070000001e+008   -2.657553300759e+006    7.708598629911e+005    6.301176474911e+006   -5.663396931561e+003    4.165039899532e+003   -2.899947026792e+003
2.802371670000003e+008   -2.991284907559e+006    1.018892942600e+006    6.113468664247e+006   -5.456964950683e+003    4.099623185139e+003   -3.354826521474e+003
2.802372269999999e+008   -3.311906033104e+006    1.262459047897e+006    5.898888778736e+006   -5.226532543313e+003    4.016197259358e+003   -3.795265877261e+003
2.802372870000001e+008   -3.618004842020e+006    1.500488668326e+006    5.658371473194e+006   -4.973079229150e+003    3.915151612364e+003   -4.219123479332e+003
2.802373470000003e+008   -3.908232426983e+006    1.731935589692e+006    5.392964006071e+006   -4.697675061965e+003    3.796853434438e+003   -4.624607567093e+003
2.802374069999998e+008   -4.181308883844e+006    1.955781687193e+006    5.103822749555e+006   -4.401544310800e+003    3.661857915839e+003   -5.009956120379e+003
2.802374670000001e+008   -4.436026174788e+006    2.171039841945e+006    4.792209694361e+006   -4.085949047717e+003    3.510700144886e+003   -5.373407058474e+003
2.802375270000002e+008   -4.671257488713e+006    2.376761099068e+006    4.459486965278e+006   -3.752237743946e+003    3.344079739641e+003   -5.713318152636e+003
2.802375869999998e+008   -4.885959171122e+006    2.572036777500e+006    4.107111824404e+006   -3.401884731313e+003    3.162660801289e+003   -6.028236971287e+003
2.802376470000000e+008   -5.079178406341e+006    2.756003470634e+006    3.736627383861e+006   -3.036421635373e+003    2.967279348356e+003   -6.316690981653e+003
2.802377070000002e+008   -5.250055801338e+006    2.927847741762e+006    3.349661310211e+006   -2.657421511294e+003    2.758716297402e+003   -6.577477586497e+003
2.802377669999998e+008   -5.397830013587e+006    3.086808170535e+006    2.947913832065e+006   -2.266600438201e+003    2.537980698449e+003   -6.809223945120e+003
2.802378269999999e+008   -5.521841399308e+006    3.232179613870e+006    2.533152746206e+006   -1.865658751546e+003    2.305954050090e+003   -7.011057249038e+003
2.802378870000002e+008   -5.621536227089e+006    3.363317657693e+006    2.107204424637e+006   -1.456297451661e+003    2.063674182912e+003   -7.181984681302e+003
2.802379469999997e+008   -5.696466424756e+006    3.479639111860e+006    1.671947214181e+006   -1.040452307747e+003    1.812252534994e+003   -7.321243039957e+003
2.802379790000003e+008   -5.726182839833e+006    3.535438168324e+006    1.436665518820e+006   -8.166258858511e+002    1.674784922274e+003   -7.382323624621e+003
