2.818277970000001e+008    3.580863887637e+006   -1.727081299618e+006    5.617882833704e+006   -6.196495020166e+003    1.108936714547e+003    4.269102728018e+003
2.818278569999997e+008    3.201492257457e+006   -1.656803608880e+006    5.861486506682e+006   -6.444587248393e+003    1.232718281455e+003    3.848032096044e+003
2.818279169999999e+008    2.808079075476e+006   -1.579258051349e+006    6.079309857884e+006   -6.664398168630e+003    1.351107336862e+003    3.410075114566e+003
2.818279770000001e+008    2.402347764131e+006   -1.494784592971e+006    6.270391062431e+006   -6.854992317456e+003    1.463580171299e+003    2.957060237810e+003
2.818280370000003e+008    1.986078685269e+006   -1.403752306319e+006    6.433890201499e+006   -7.015553132381e+003    1.569627127852e+003    2.490926114515e+003
2.818280969999999e+008    1.561095996829e+006   -1.306560874302e+006    6.569082783660e+006   -7.145346749084e+003    1.668815976020e+003    2.013831532028e+003
2.818281570000001e+008    1.129262715174e+006   -1.203635000760e+006    6.675369253195e+006   -7.243805343888e+003    1.760698656949e+003    1.527785547278e+003
2.818282170000002e+008    6.924744090814e+005   -1.095426016594e+006    6.752277500295e+006   -7.310512620448e+003    1.844869598260e+003    1.034837466081e+003
2.818282769999998e+008    2.526453650652e+005   -9.824075877027e+005    6.799460383800e+006   -7.345127902387e+003    1.920946548807e+003    5.372467188082e+002
2.818283370000000e+008   -1.882928638370e+005   -8.650750992491e+005    6.816702733595e+006   -7.347481549329e+003    1.988620174213e+003    3.725301783059e+001
2.818283970000002e+008   -6.284041635491e+005   -7.439430176558e+005    6.803921371433e+006   -7.317556464742e+003    2.047562111616e+003   -4.631636771872e+002
2.818284569999998e+008   -1.065755215993e+006   -6.195420678635e+005    6.761164623056e+006   -7.255463129099e+003    2.097532573435e+003   -9.616631941560e+002
2.818285169999999e+008   -1.498421374057e+006   -4.924176426046e+005    6.688605827822e+006   -7.161462340704e+003    2.138307648715e+003   -1.456095115612e+003
2.818285770000002e+008   -1.924498978198e+006   -3.631281252167e+005    6.586553858870e+006   -7.035929740461e+003    2.169679243604e+003   -1.944358836331e+003
2.818286369999998e+008   -2.342110752688e+006   -2.322416832639e+005    6.455449132048e+006   -6.879379259641e+003    2.191524693155e+003   -2.424193521623e+003
2.818286969999999e+008   -2.749415250402e+006   -1.003330954282e+005    6.295854621440e+006   -6.692456670681e+003    2.203731423657e+003   -2.893588121876e+003
2.818287570000001e+008   -3.144614812289e+006    3.201680368526e+004    6.108463872364e+006   -6.476014925727e+003    2.206233578877e+003   -3.350481247715e+003
2.818288170000003e+008   -3.525962602014e+006    1.642248784121e+005    5.894091012998e+006   -6.230922908963e+003    2.199030987554e+003   -3.792711480644e+003
2.818288769999999e+008   -3.891771590438e+006    2.957090744932e+005    5.653668769164e+006   -5.958234615736e+003    2.182119259890e+003   -4.218397101160e+003
2.818289370000001e+008   -4.240421835455e+006    4.258894184061e+005    5.388248976242e+006   -5.659183189434e+003    2.155598148746e+003   -4.625586092979e+003
2.818289970000003e+008   -4.570366176429e+006    5.541907302668e+005    5.098994088555e+006   -5.334958634756e+003    2.119494092851e+003   -5.012636513927e+003
2.818290569999998e+008   -4.880140118533e+006    6.800452124422e+005    4.787171695587e+006   -4.987047380332e+003    2.074057556560e+003   -5.377595928097e+003
2.818291170000001e+008   -5.168365083627e+006    8.028966374673e+005    4.454152027469e+006   -4.616953150678e+003    2.019448572701e+003   -5.718911876144e+003
2.818291770000002e+008   -5.433759970076e+006    9.222009700802e+005    4.101402473833e+006   -4.226311058726e+003    1.955859640535e+003   -6.035041683185e+003
2.818292369999998e+008   -5.675141126289e+006    1.037428616360e+006    3.730475283855e+006   -3.816858059380e+003    1.883610946198e+003   -6.324532502620e+003
2.818292970000000e+008   -5.891438810615e+006    1.148071171551e+006    3.343014093393e+006   -3.390326071917e+003    1.803045370684e+003   -6.586111495247e+003
2.818293570000002e+008   -6.081684448891e+006    1.253635357239e+006    2.940729603912e+006   -2.948747505985e+003    1.714471808822e+003   -6.818505333898e+003
2.818294169999998e+008   -6.245024835682e+006    1.353654900445e+006    2.525397306169e+006   -2.493995203888e+003    1.618256836201e+003   -7.020730949085e+003
2.818294769999999e+008   -6.380740800038e+006    1.447685396348e+006    2.098862510390e+006   -2.028164854504e+003    1.514873351102e+003   -7.191824903362e+003
2.818295370000002e+008   -6.488222058054e+006    1.535308884525e+006    1.663013805476e+006   -1.553246805410e+003    1.404803652667e+003   -7.331053930779e+003
2.818295969999997e+008   -6.566992384891e+006    1.616138471876e+006    1.219785600233e+006   -1.071473477412e+003    1.288491138478e+003   -7.437734372883e+003
2.818296569999999e+008   -6.616701925815e+006    1.689815103935e+006    7.711437106693e+005   -5.849377536839e+002    1.166492259897e+003   -7.511422793630e+003
2.818297170000001e+008   -6.637131176710e+006    1.756013303497e+006    3.190796667473e+005   -9.580718711804e+001    1.039294074577e+003   -7.551805638728e+003
2.818297769999997e+008   -6.628194326993e+006    1.814441942053e+006   -1.343998821550e+005    3.936032353047e+002    9.075804031793e+002   -7.558609104599e+003
2.818298369999999e+008   -6.589936279423e+006    1.864843599448e+006   -5.872828721400e+005    8.811710635671e+002    7.718525162925e+002   -7.531909710299e+003
2.818298970000001e+008   -6.522533117652e+006    1.906997009593e+006   -1.037560823928e+006    1.364694313574e+003    6.327815714478e+002   -7.471813837454e+003
2.818299570000002e+008   -6.426294280171e+006    1.940719129537e+006   -1.483237939230e+006    1.842020525258e+003    4.909413759624e+002   -7.378607953141e+003
2.818300169999998e+008   -6.301654760646e+006    1.965863401882e+006   -1.922341713552e+006    2.311036597380e+003    3.469725997367e+002   -7.252778585715e+003
2.818300770000000e+008   -6.149180685514e+006    1.982324341992e+006   -2.352929326902e+006    2.769533506400e+003    2.015436047536e+002   -7.094862106039e+003
2.818301370000002e+008   -5.969558931110e+006    1.990032921703e+006   -2.773099660937e+006    3.215587177520e+003    5.534953376251e+001   -6.905655348302e+003
2.818301969999998e+008   -5.763596022979e+006    1.988959771332e+006   -3.180998800611e+006    3.647230385331e+003   -9.101522504319e+001   -6.685995081132e+003
2.818302570000000e+008   -5.532216830033e+006    1.979115818537e+006   -3.574830936293e+006    4.062475102389e+003   -2.369009504248e+002   -6.436938036982e+003
2.818303170000002e+008   -5.276457742496e+006    1.960549433132e+006   -3.952864975017e+006    4.459641808621e+003   -3.816988497221e+002   -6.159581452870e+003
2.818303769999998e+008   -4.997461297117e+006    1.933348852192e+006   -4.313443049139e+006    4.836786322944e+003   -5.245891050325e+002   -5.855282125155e+003
2.818304369999999e+008   -4.696471170074e+006    1.897639925047e+006   -4.654984524604e+006    5.192490618751e+003   -6.651716993790e+002   -5.525317726814e+003
2.818304970000001e+008   -4.374826986829e+006    1.853585702339e+006   -4.975998509436e+006    5.525065800927e+003   -8.027192161143e+002   -5.171215474623e+003
2.818305569999997e+008   -4.033956806797e+006    1.801385829035e+006   -5.275083666010e+006    5.833105163921e+003   -9.366045214057e+002   -4.794653049949e+003
2.818306169999999e+008   -3.675372813693e+006    1.741276993755e+006   -5.550940518067e+006    6.115370357782e+003   -1.066259837471e+003   -4.397218411072e+003
2.818306770000001e+008   -3.300659038757e+006    1.673525527061e+006   -5.802370971058e+006    6.370668770265e+003   -1.191316282327e+003   -3.980669600266e+003
2.818307370000003e+008   -2.911470622280e+006    1.598436342848e+006   -6.028285812942e+006    6.597649108390e+003   -1.310796541908e+003   -3.547034373302e+003
2.818307969999999e+008   -2.509524385498e+006    1.516344594561e+006   -6.227713229941e+006    6.795679580753e+003   -1.424559785486e+003   -3.098131696801e+003
2.818439990000000e+008    6.650497141110e+006   -1.807658231610e+006    1.918715956382e+005   -4.668113620177e+002   -8.849865258660e+002    7.533508321913e+003
2.818440590000002e+008    6.607933095440e+006   -1.856755910985e+006    6.431296669185e+005   -9.514655970925e+002   -7.510119264979e+002    7.502894420259e+003
2.818441189999998e+008    6.536400845827e+006   -1.897713802663e+006    1.091559926760e+006   -1.432040565660e+003   -6.137302571045e+002    7.439293991263e+003
2.818441789999999e+008    6.436208708305e+006   -1.930351674233e+006    1.535190179256e+006   -1.906477023665e+003   -4.738161297815e+002    7.342953647487e+003
2.818442390000001e+008    6.307795119396e+006   -1.954523583450e+006    1.972069414856e+006   -2.372505549847e+003   -3.317062370783e+002    7.214329670629e+003
2.818442989999997e+008    6.151717906986e+006   -1.970125336920e+006    2.400275927503e+006   -2.828168956992e+003   -1.881747181911e+002    7.053968835090e+003
2.818443589999999e+008    5.968660477360e+006   -1.977086424805e+006    2.817925704942e+006   -3.271481208968e+003   -4.381265158292e+001    6.862587877202e+003
2.818444190000001e+008    5.759425412478e+006   -1.975375992958e+006    3.223182238878e+006   -3.700471245625e+003    1.007610578231e+002    6.641003556454e+003
2.818444790000003e+008    5.524926653062e+006   -1.965000564152e+006    3.614260337826e+006   -4.113264233175e+003    2.448942535634e+002    6.390182787697e+003
2.818445389999998e+008    5.266193744071e+006   -1.946006766268e+006    3.989441320076e+006   -4.507949332853e+003    3.879507168586e+002    6.111282428083e+003
2.818445990000001e+008    4.984362040463e+006   -1.918476982510e+006    4.347074829862e+006   -4.882978650021e+003    5.293096564824e+002    5.805449926862e+003
2.818446590000002e+008    4.680666599663e+006   -1.882532213922e+006    4.685586847183e+006   -5.236527411191e+003    6.683630529771e+002    5.474142283091e+003
2.818447189999998e+008    4.356440029114e+006   -1.838329524821e+006    5.003489191444e+006   -5.567086327946e+003    8.044648962775e+002    5.118737007945e+003
2.818447790000000e+008    4.013104116992e+006   -1.786063358973e+006    5.299383035031e+006   -5.873244483900e+003    9.370369174533e+002    4.740791776341e+003
2.818448390000002e+008    3.652164816256e+006   -1.725962699518e+006    5.571966911629e+006   -6.153639882038e+003    1.065509049511e+003    4.342024343482e+003
2.818448989999998e+008    3.275204661119e+006   -1.658290921023e+006    5.820040728589e+006   -6.407089322066e+003    1.189326195085e+003    3.924082756512e+003
2.818449589999999e+008    2.883876244899e+006   -1.583345177389e+006    6.042512777590e+006   -6.632428948861e+003    1.307882160062e+003    3.488925092030e+003
2.818450190000002e+008    2.479896170076e+006   -1.501453689039e+006    6.238404244636e+006   -6.828675804579e+003    1.420769073830e+003    3.038359730684e+003
2.818450789999997e+008    2.065035183224e+006   -1.412975168228e+006    6.406846226147e+006   -6.994998264481e+003    1.527380926282e+003    2.574335290391e+003
2.818451389999999e+008    1.641113621609e+006   -1.318296425314e+006    6.547098236521e+006   -7.130589106015e+003    1.627336695871e+003    2.098970439812e+003
2.818451990000001e+008    1.209989832482e+006   -1.217832803421e+006    6.658538226964e+006   -7.234936606820e+003    1.720157779928e+003    1.614294324322e+003
2.818452590000003e+008    7.735553464502e+005   -1.112024154048e+006    6.740673093567e+006   -7.307568658665e+003    1.805440355747e+003    1.122436157548e+003
2.818453189999999e+008    3.337243298048e+005   -1.001333024568e+006    6.793130694563e+006   -7.348098013883e+003    1.882826603386e+003    6.254252934557e+002
2.818453790000001e+008   -1.075719102237e+005   -8.862451763200e+005    6.815676859280e+006   -7.356391742769e+003    1.951969822859e+003    1.257715015958e+002
2.818454390000003e+008   -5.483957308350e+005   -7.672643586401e+005    6.808198405978e+006   -7.332374865523e+003    2.012540343132e+003   -3.747453542122e+002
2.818454989999998e+008   -9.868102215670e+005   -6.449124412737e+005    6.770727153386e+006   -7.276107956723e+003    2.064289189049e+003   -8.738151846876e+002
2.818455590000001e+008   -1.420887037442e+006   -5.197258186809e+005    6.703415433612e+006   -7.187834898349e+003    2.106994435376e+003   -1.369197600636e+003
2.818456190000002e+008   -1.848716223071e+006   -3.922533488926e+005    6.606544108258e+006   -7.067916717908e+003    2.140450825770e+003   -1.858672021194e+003
2.818456789999998e+008   -2.268413064293e+006   -2.630553785181e+005    6.480529579641e+006   -6.916856679202e+003    2.164499903445e+003   -2.340197631701e+003
2.818457390000000e+008   -2.678127581135e+006   -1.326998110529e+005    6.325919806448e+006   -6.735269729061e+003    2.179028221252e+003   -2.811643433220e+003
2.818457990000002e+008   -3.076050833812e+006   -1.759070892815e+003    6.143381314140e+006   -6.523963850303e+003    2.183974459231e+003   -3.270798109622e+003
2.818458610000002e+008   -3.472984557083e+006    1.335478561986e+005    5.926263378286e+006   -6.275328635215e+003    2.178966287865e+003   -3.730314096811e+003
2.818459209999998e+008   -3.841573010311e+006    2.638986365406e+005    5.689513491215e+006   -6.006457965884e+003    2.164383818656e+003   -4.158473481317e+003
2.818459810000000e+008   -4.193224320330e+006    3.930863584062e+005    5.427609918506e+006   -5.710998672283e+003    2.140233253210e+003   -4.568416632620e+003
2.818460410000002e+008   -4.526379989422e+006    5.205404224253e+005    5.141698594292e+006   -5.390151518447e+003    2.106615330680e+003   -4.958421587320e+003
2.818461009999998e+008   -4.839561144359e+006    6.456979238536e+005    4.833035082940e+006   -5.045374013593e+003    2.063694743713e+003   -5.326615960325e+003
2.818461609999999e+008   -5.131375423847e+006    7.680044580126e+005    4.502973090295e+006   -4.678187796456e+003    2.011649822029e+003   -5.671357261658e+003
2.818462210000001e+008   -5.400527307572e+006    8.869210971577e+005    4.152969980864e+006   -4.290205349212e+003    1.950702697832e+003   -5.991152851367e+003
2.818462810000004e+008   -5.645815587391e+006    1.001918073958e+006    3.784563773357e+006   -3.883095855353e+003    1.881089478253e+003   -6.284499996376e+003
2.818463409999999e+008   -5.866150444720e+006    1.112488675866e+006    3.399385669207e+006   -3.458673370174e+003    1.803172206784e+003   -6.550075721680e+003
2.818464010000001e+008   -6.060547472578e+006    1.218139143886e+006    2.999132242311e+006   -3.018833687167e+003    1.717201881205e+003   -6.786706924557e+003
2.818464610000003e+008   -6.228141899656e+006    1.318403319717e+006    2.585581462931e+006   -2.565590966284e+003    1.623651967338e+003   -6.993260298721e+003
2.818465209999999e+008   -6.368186529120e+006    1.412835798610e+006    2.160561193976e+006   -2.100868969426e+003    1.522908302112e+003   -7.168842689683e+003
2.818465810000001e+008   -6.480058031563e+006    1.501018218160e+006    1.725955501562e+006   -1.626815942834e+003    1.415395368243e+003   -7.312640575326e+003
2.818466410000002e+008   -6.563258941852e+006    1.582560699334e+006    1.283693258335e+006   -1.145532804191e+003    1.301649661596e+003   -7.423980505421e+003
2.818467009999998e+008   -6.617419292798e+006    1.657101227896e+006    8.357351460774e+005   -6.591844074364e+002    1.182110915129e+003   -7.502418930446e+003
2.818467610000000e+008   -6.642302955049e+006    1.724311033761e+006    3.840698663082e+005   -1.699714476750e+002    1.057357416219e+003   -7.547532235790e+003
2.818468210000002e+008   -6.637803544121e+006    1.783894320688e+006   -6.929966642092e+004    3.199198983276e+002    9.279538807800e+002   -7.559186831486e+003
2.818468809999998e+008   -6.603944578702e+006    1.835586506669e+006   -5.223612243531e+005    8.082777553277e+002    7.944649456820e+002   -7.537309085719e+003
2.818469409999999e+008   -6.540885027644e+006    1.879162841619e+006   -9.731066570856e+005    1.292897678836e+003    6.575398284980e+002   -7.482005374903e+003
2.818553990000001e+008    6.635721449690e+006   -1.819660617465e+006    4.298244118435e+005   -7.207590971515e+002   -8.168357513268e+002    7.521535734519e+003
2.818554590000002e+008    6.577959210790e+006   -1.864645835821e+006    8.798417763916e+005   -1.203901840725e+003   -6.821379059013e+002    7.473539964990e+003
2.818555189999998e+008    6.491357736318e+006   -1.901454760957e+006    1.325991255217e+006   -1.681768547242e+003   -5.444171492412e+002    7.392655701285e+003
2.818555790000000e+008    6.376290283804e+006   -1.929926206292e+006    1.766309445445e+006   -2.152368232097e+003   -4.043066792701e+002    7.279229666761e+003
2.818556390000002e+008    6.233259649299e+006   -1.949934070022e+006    2.198859531313e+006   -2.613565101365e+003   -2.624027763377e+002    7.133798350642e+003
2.818556989999998e+008    6.062891058114e+006   -1.961389347712e+006    2.621738495666e+006   -3.063315152000e+003   -1.193360424886e+002    6.956988390230e+003
2.818557589999999e+008    5.865928896787e+006   -1.964241487061e+006    3.033087325233e+006   -3.499682981829e+003    2.425722519708e+001    6.749536599722e+003
2.818558190000002e+008    5.643237143244e+006   -1.958478014074e+006    3.431092409940e+006   -3.920675763345e+003    1.677533034455e+002    6.512419700560e+003
2.818558789999997e+008    5.395789648378e+006   -1.944123530626e+006    3.814002358824e+006   -4.324493074504e+003    3.105045820552e+002    6.246634726737e+003
2.818559389999999e+008    5.124674721255e+006   -1.921241384900e+006    4.180137992486e+006   -4.709379195976e+003    4.518885075748e+002    5.953358786542e+003
2.818559990000001e+008    4.831081819030e+006   -1.889931214529e+006    4.527888164903e+006   -5.073574467636e+003    5.913159236114e+002    5.633918983608e+003
2.818560590000003e+008    4.516295654480e+006   -1.850331024700e+006    4.855718772944e+006   -5.415486960926e+003    7.281439009733e+002    5.289712692518e+003
2.818561189999999e+008    4.181697539855e+006   -1.802614557390e+006    5.162189054326e+006   -5.733690400244e+003    8.617704449302e+002    4.922227560031e+003
2.818561790000001e+008    3.828755543751e+006   -1.746990247806e+006    5.445952603714e+006   -6.026731684736e+003    9.916205306657e+002    4.533091190614e+003
2.818562390000003e+008    3.459018750191e+006   -1.683702805150e+006    5.705759882002e+006   -6.293336113321e+003    1.117127165987e+003    4.124001480085e+003
2.818562989999998e+008    3.074107612592e+006   -1.613029076623e+006    5.940467732257e+006   -6.532344438887e+003    1.237720946327e+003    3.696736512480e+003
2.818563590000001e+008    2.675710588372e+006   -1.535279098739e+006    6.149043885156e+006   -6.742725350953e+003    1.352898002850e+003    3.253184583737e+003
2.818564190000002e+008    2.265574181392e+006   -1.450793669339e+006    6.330563975338e+006   -6.923516317293e+003    1.462179670384e+003    2.795304103233e+003
2.818564789999998e+008    1.845497133637e+006   -1.359942631816e+006    6.484231050978e+006   -7.073957450636e+003    1.565025348620e+003    2.325033807745e+003
2.818565390000000e+008    1.417321127484e+006   -1.263123683231e+006    6.609362588992e+006   -7.193368409168e+003    1.661015176511e+003    1.844462569775e+003
2.818565990000002e+008    9.829245503244e+005   -1.160760955356e+006    6.705405005288e+006   -7.281233704031e+003    1.749751554594e+003    1.355699531734e+003
2.818566589999998e+008    5.442136643405e+005   -1.053302773376e+006    6.771932169272e+006   -7.337145675610e+003    1.830810127396e+003    8.609140106364e+002
2.818567189999999e+008    1.031126832846e+005   -9.412193526265e+005    6.808639420129e+006   -7.360863628688e+003    1.903857118569e+003    3.622056000410e+002
2.818567790000001e+008   -3.384410020200e+005   -8.250020939462e+005    6.815360574671e+006   -7.352237225046e+003    1.968571259430e+003   -1.382759584863e+002
2.818568389999997e+008   -7.785080089865e+005   -7.051603169529e+005    6.792057945716e+006   -7.311305236079e+003    2.024636237015e+003   -6.382806146309e+002
2.818568989999999e+008   -1.215154440204e+006   -5.822182460697e+005    6.738825354431e+006   -7.238243605941e+003    2.071844284481e+003   -1.135558089143e+003
2.818569590000001e+008   -1.646458293324e+006   -4.567170277554e+005    6.655880640680e+006   -7.133308007265e+003    2.109941364959e+003   -1.628207975455e+003
2.818570189999996e+008   -2.070521545050e+006   -3.292057961883e+005    6.543581683180e+006   -6.996943400632e+003    2.138783523074e+003   -2.113819552322e+003
2.818570789999999e+008   -2.485474337490e+006   -2.002461099813e+005    6.402411906096e+006   -6.829749488553e+003    2.158233033452e+003   -2.590211846148e+003
2.818571390000001e+008   -2.889486736415e+006   -7.040464802780e+004    6.232980798571e+006   -6.632420831067e+003    2.168174519530e+003   -3.055423727852e+003
2.818571990000002e+008   -3.280774404776e+006    5.974789632900e+004    6.036025424036e+006   -6.405754985239e+003    2.168578960260e+003   -3.507373896036e+003
2.818572589999998e+008   -3.657607535440e+006    1.896374649811e+005    5.812401434794e+006   -6.150760994762e+003    2.159411083138e+003   -3.944030704775e+003
2.818573190000000e+008   -4.018318088459e+006    3.186912297413e+005    5.563085084050e+006   -5.868516092373e+003    2.140732613536e+003   -4.363492392402e+003
2.818573790000002e+008   -4.361308393773e+006    4.463410201239e+005    5.289166740103e+006   -5.560283101931e+003    2.112581185478e+003   -4.763786895642e+003
2.818574389999998e+008   -4.685055088965e+006    5.720203156647e+005    4.991845392611e+006   -5.227338988691e+003    2.075129384744e+003   -5.143302122083e+003
2.818574979999998e+008   -4.983248533143e+006    6.931468468258e+005    4.677926635514e+006   -4.877283831498e+003    2.029314301411e+003   -5.494325623309e+003
