2.821847979999998e+008    6.599997030106e+006   -1.074183543618e+006   -1.688352142727e+006    1.651927510682e+003   -1.289088844404e+003    7.301875941172e+003
2.821848580000000e+008    6.684595503279e+006   -1.149121841556e+006   -1.246854228607e+006    1.166863799489e+003   -1.207933347235e+003    7.409340566505e+003
2.821849180000002e+008    6.739920962717e+006   -1.219029786511e+006   -7.998811554889e+005    6.766249743934e+002   -1.121440795612e+003    7.484293840657e+003
2.821849779999998e+008    6.765724848820e+006   -1.283598634548e+006   -3.493962058683e+005    1.832100364329e+002   -1.030018664147e+003    7.526392485657e+003
2.821850379999999e+008    6.761887271329e+006   -1.342541775015e+006    1.026245269763e+005   -3.111140259331e+002   -9.340588230987e+002    7.535412787593e+003
2.821850980000002e+008    6.728411003495e+006   -1.395602134850e+006    5.541927484198e+005   -8.042912007850e+002   -8.339539591229e+002    7.511341376646e+003
2.821851579999997e+008    6.665442564773e+006   -1.442542530297e+006    1.003325728605e+006   -1.293986111005e+003   -7.301768568352e+002    7.454234423894e+003
2.821852190000002e+008    6.571462029241e+006   -1.483780032016e+006    1.455408732264e+006   -1.786155479810e+003   -6.213736382527e+002    7.362541701080e+003
2.821852789999997e+008    6.449959397738e+006   -1.517780564587e+006    1.893638822465e+006   -2.262541970456e+003   -5.115943861397e+002    7.239703261161e+003
2.821853389999999e+008    6.300162908300e+006   -1.545122812443e+006    2.323537936956e+006   -2.728960498374e+003   -3.995307229047e+002    7.084968643500e+003
2.821853990000001e+008    6.122725365514e+006   -1.565685882296e+006    2.743214415253e+006   -3.183464844602e+003   -2.856983373748e+002    6.899074652225e+003
2.821854590000003e+008    5.918423057615e+006   -1.579378678815e+006    3.150820294233e+006   -3.624124609954e+003   -1.705999248553e+002    6.682798117887e+003
2.821855189999999e+008    5.688150658736e+006   -1.586140360596e+006    3.544562816436e+006   -4.048894133035e+003   -5.474160227639e+001    6.437045683130e+003
2.821855790000001e+008    5.432913173830e+006   -1.585941239367e+006    3.922703643150e+006   -4.455890513419e+003    6.133801821874e+001    6.163034254736e+003
2.821856390000003e+008    5.153831336103e+006   -1.578780903092e+006    4.283580845724e+006   -4.843428433056e+003    1.771831546628e+002    5.861781065179e+003
2.821856989999998e+008    4.852127202710e+006   -1.564691088521e+006    4.625602728906e+006   -5.209711459558e+003    2.922396451765e+002    5.534753161709e+003
2.821857590000001e+008    4.529123574171e+006   -1.543733388635e+006    4.947263631910e+006   -5.553129885752e+003    4.060319531816e+002    5.183347899545e+003
2.821858190000002e+008    4.186239480228e+006   -1.515998725568e+006    5.247147235806e+006   -5.872145591701e+003    5.180548947721e+002    4.809122749371e+003
2.821858789999998e+008    3.824977304609e+006   -1.481609380518e+006    5.523928084409e+006   -6.165481856498e+003    6.277794238536e+002    4.413665606825e+003
2.821859390000000e+008    3.446922099215e+006   -1.440714484817e+006    5.776394085636e+006   -6.431741058127e+003    7.347917463584e+002    3.998764176194e+003
2.821859990000002e+008    3.053732566317e+006   -1.393494577006e+006    6.003427025964e+006   -6.669750687643e+003    8.385506366881e+002    3.566226522640e+003
2.821860589999998e+008    2.647134003418e+006   -1.340156855241e+006    6.204024082179e+006   -6.878551108846e+003    9.386633883552e+002    3.117941065456e+003
2.821861189999999e+008    2.228910422652e+006   -1.280933986110e+006    6.377299834282e+006   -7.057139094297e+003    1.034639819309e+003    2.655826148260e+003
2.821861790000001e+008    1.800896318245e+006   -1.216085419872e+006    6.522486778840e+006   -7.204764734764e+003    1.126118568405e+003    2.181970533915e+003
2.821862389999997e+008    1.364971052824e+006   -1.145894780122e+006    6.638941338273e+006   -7.320755139718e+003    1.212645674032e+003    1.698443106374e+003
2.821862989999999e+008    9.230484406270e+005   -1.070669572126e+006    6.726145377843e+006   -7.404620975615e+003    1.293872993979e+003    1.207283053773e+003
2.821863590000001e+008    4.770687865454e+005   -9.907390895157e+005    6.783707718730e+006   -7.455946424576e+003    1.369433423124e+003    7.107396834371e+002
2.821864189999996e+008    2.899243073306e+004   -9.064533340791e+005    6.811367148616e+006   -7.474514762749e+003    1.438986485000e+003    2.108626282124e+002
2.821864789999999e+008   -4.192113753426e+005   -8.181817724850e+005    6.808991439865e+006   -7.460178896960e+003    1.502226508568e+003   -2.900483635791e+002
2.821865390000001e+008   -8.655717964996e+005   -7.263113804770e+005    6.776585361575e+006   -7.413057190551e+003    1.558909519788e+003   -7.898531081927e+002
2.821865990000002e+008   -1.308123808450e+006   -6.312449872837e+005    6.714280691697e+006   -7.333268052739e+003    1.608715976602e+003   -1.286331425309e+003
2.821866589999998e+008   -1.744917675692e+006   -5.334002675164e+005    6.622339732534e+006   -7.221185168944e+003    1.651461350903e+003   -1.777322712150e+003
2.821867190000000e+008   -2.174027705689e+006   -4.332068833440e+005    6.501160325155e+006   -7.077267133002e+003    1.686990088674e+003   -2.260616226088e+003
2.821867790000002e+008   -2.593561361035e+006   -3.311051043073e+005    6.351260864293e+006   -6.902085802576e+003    1.715068749344e+003   -2.734201043844e+003
2.821868389999998e+008   -3.001664895876e+006   -2.275442182483e+005    6.173295307628e+006   -6.696395067250e+003    1.735615752681e+003   -3.195835937873e+003
2.821868990000000e+008   -3.396535108454e+006   -1.229798944032e+005    5.968038695051e+006   -6.461109856172e+003    1.748508166019e+003   -3.643589420502e+003
2.821869590000002e+008   -3.776423917659e+006   -1.787307856977e+004    5.736384156177e+006   -6.197198495608e+003    1.753683536073e+003   -4.075399913954e+003
2.821870189999998e+008   -4.139647981398e+006    8.731213480826e+004    5.479346926123e+006   -5.905837726557e+003    1.751146226369e+003   -4.489405497789e+003
2.821870789999999e+008   -4.484597759621e+006    1.921126895155e+005    5.198052860474e+006   -5.588258089014e+003    1.740863975795e+003   -4.883614165433e+003
2.821871390000001e+008   -4.809742077665e+006    2.960649517457e+005    4.893738442644e+006   -5.245884085219e+003    1.722886593480e+003   -5.256443590752e+003
2.821871989999997e+008   -5.113636193601e+006    3.987091485164e+005    4.567743797226e+006   -4.880193165637e+003    1.697272444132e+003   -5.606081360573e+003
2.821872589999999e+008   -5.394930817769e+006    4.995923551638e+005    4.221504704831e+006   -4.492759905490e+003    1.664160768968e+003   -5.931034899945e+003
2.821873190000001e+008   -5.652370887673e+006    5.982657744803e+005    3.856547799959e+006   -4.085372437589e+003    1.623669286987e+003   -6.229751286723e+003
2.821873790000003e+008   -5.884812587346e+006    6.942940268645e+005    3.474487099176e+006   -3.659769478924e+003    1.576004638962e+003   -6.500917675369e+003
2.821874389999998e+008   -6.091220414408e+006    7.872499900301e+005    3.077012996080e+006   -3.217897708946e+003    1.521357766104e+003   -6.743320882193e+003
2.821874990000001e+008   -6.270676204893e+006    8.767230855201e+005    2.665886276399e+006   -2.761713932480e+003    1.459924435811e+003   -6.955837706862e+003
2.821875590000002e+008   -6.422381401040e+006    9.623169310237e+005    2.242929621567e+006   -2.293257804419e+003    1.392074602888e+003   -7.137504805860e+003
2.821876189999998e+008   -6.545662794127e+006    1.043651953304e+006    1.810019518203e+006   -1.814616393842e+003    1.318032081214e+003   -7.287498765501e+003
2.821876790000000e+008   -6.639974314988e+006    1.120368142047e+006    1.369076261149e+006   -1.327953356895e+003    1.238193338025e+003   -7.405156039192e+003
2.821877390000002e+008   -6.704899815109e+006    1.192126590041e+006    9.220577580741e+005   -8.354627384974e+002    1.152870601915e+003   -7.489933034945e+003
2.822075979999999e+008    6.693405868637e+006   -1.122981560316e+006   -1.222102448480e+006    1.144972529362e+003   -1.198670780266e+003    7.414523529648e+003
2.822076580000001e+008    6.747396225343e+006   -1.192391262360e+006   -7.748735435930e+005    6.540398956135e+002   -1.114099811702e+003    7.487658901602e+003
2.822077179999997e+008    6.771829755697e+006   -1.256577566245e+006   -3.242412456589e+005    1.600801439742e+002   -1.024626784338e+003    7.527919411257e+003
2.822077779999999e+008    6.766589838751e+006   -1.315257564344e+006    1.278149470980e+005   -3.347488469800e+002   -9.306520230154e+002    7.535121517380e+003
2.822078380000001e+008    6.731687708360e+006   -1.368173568583e+006    5.793094265653e+005   -8.282281695926e+002   -8.325527431787e+002    7.509181580341e+003
2.822078979999996e+008    6.667274529035e+006   -1.415090311896e+006    1.028257255175e+006   -1.318259336902e+003   -7.307786866609e+002    7.450216153763e+003
2.822079579999999e+008    6.573620867738e+006   -1.455802243047e+006    1.472681699060e+006   -1.802487450528e+003   -6.257787091187e+002    7.358481372990e+003
2.822080180000001e+008    6.451133251797e+006   -1.490128861900e+006    1.910627801274e+006   -2.278991453836e+003   -5.180260669219e+002    7.234344080333e+003
2.822080780000002e+008    6.300343933369e+006   -1.517918274764e+006    2.340168298326e+006   -2.745513740929e+003   -4.079751965400e+002    7.078390570003e+003
2.822081379999998e+008    6.121910133368e+006   -1.539049180492e+006    2.759409521325e+006   -3.200108253374e+003   -2.961079288194e+002    6.891257643375e+003
2.822081980000000e+008    5.916589849914e+006   -1.553425389158e+006    3.166506435743e+006   -3.640697774024e+003   -1.829304543461e+002    6.673751886784e+003
2.822082580000002e+008    5.685345376479e+006   -1.560982371639e+006    3.559674772166e+006   -4.065342799214e+003   -6.897596877044e+001    6.426860110221e+003
2.822083179999998e+008    5.429127382519e+006   -1.561690490668e+006    3.937170578499e+006   -4.472139846016e+003    4.534025089287e+001    6.151709188296e+003
2.822083780000000e+008    5.149078686712e+006   -1.555544156728e+006    4.297336187981e+006   -4.859375403826e+003    1.594225490400e+002    5.849406296918e+003
2.822084380000002e+008    4.846427145006e+006   -1.542569930535e+006    4.638586193582e+006   -5.225284387768e+003    2.728275508907e+002    5.521358535530e+003
2.822084979999998e+008    4.522499601948e+006   -1.522823832224e+006    4.959415725377e+006   -5.568348402506e+003    3.850632558824e+002    5.168973403815e+003
2.822085579999999e+008    4.178717176537e+006   -1.496392449678e+006    5.258410958195e+006   -5.886870897222e+003    4.955937899872e+002    4.793878108852e+003
2.822086180000001e+008    3.816587787547e+006   -1.463391841229e+006    5.534255923880e+006   -6.179650291219e+003    6.039543949123e+002    4.397560668762e+003
2.822086779999997e+008    3.437700415895e+006   -1.423965294947e+006    5.785731020758e+006   -6.445283940667e+003    7.096850543562e+002    3.981898774245e+003
2.822087379999999e+008    3.043718295826e+006   -1.378285806788e+006    6.011731524656e+006   -6.682620736657e+003    8.123133813383e+002    3.548710525832e+003
2.822087980000001e+008    2.636368033613e+006   -1.326553450689e+006    6.211254106767e+006   -6.890696460599e+003    9.113889883438e+002    3.099684329950e+003
2.822088580000003e+008    2.217440363875e+006   -1.268995262935e+006    6.383420832453e+006   -7.068474706527e+003    1.006451367677e+003    2.637068475456e+003
2.822089179999999e+008    1.788772658659e+006   -1.205862456082e+006    6.527472189915e+006   -7.215236324489e+003    1.097105500579e+003    2.162811771744e+003
2.822089780000001e+008    1.352245844283e+006   -1.137432361669e+006    6.642763095126e+006   -7.330321607125e+003    1.182988895161e+003    1.678853126770e+003
2.822090380000002e+008    9.097775639551e+005   -1.064003134464e+006    6.728786403277e+006   -7.413203114702e+003    1.263665041983e+003    1.187521661322e+003
2.822090979999998e+008    4.633107165104e+005   -9.858977023117e+005    6.785152927268e+006   -7.463580369123e+003    1.338805311384e+003    6.906768711820e+002
2.822091580000000e+008    1.480703903682e+004   -9.034577398468e+005    6.811606448486e+006   -7.481099309575e+003    1.408094146683e+003    1.907381660528e+002
2.822092180000002e+008   -4.337622268681e+005   -8.170447693445e+005    6.808023231994e+006   -7.465744352599e+003    1.471194487889e+003   -3.102144934050e+002
2.822092779999998e+008   -8.804239325429e+005   -7.270370991693e+005    6.774412539072e+006   -7.417525190594e+003    1.527862655769e+003   -8.098911004970e+002
2.822093379999999e+008   -1.323212007171e+006   -6.338302970366e+005    6.710906641851e+006   -7.336659624343e+003    1.577828880205e+003   -1.306261310458e+003
2.822093980000002e+008   -1.760175972507e+006   -5.378334280172e+005    6.617778337413e+006   -7.223458945600e+003    1.620835943843e+003   -1.796994624915e+003
2.822094579999997e+008   -2.189389473477e+006   -4.394676416412e+005    6.495424961764e+006   -7.078381491331e+003    1.656737775701e+003   -2.280020300480e+003
2.822095179999999e+008   -2.608957599314e+006   -3.391658538275e+005    6.344377401811e+006   -6.902082896225e+003    1.685341780742e+003   -2.753027273644e+003
2.822095819999998e+008   -3.043778531482e+006   -2.305391454563e+005    6.152368587424e+006   -6.680412258877e+003    1.707711629498e+003   -3.244548626526e+003
2.822096420000000e+008   -3.437597584952e+006   -1.276425221758e+005    5.944238056357e+006   -6.441996461367e+003    1.720880071666e+003   -3.690757697036e+003
2.822097020000002e+008   -3.816251425516e+006   -2.418108428609e+004    5.709807768220e+006   -6.175113251357e+003    1.726473309563e+003   -4.120733576792e+003
2.822097619999998e+008   -4.178062599326e+006    7.938662314801e+004    5.450107964159e+006   -5.880826406886e+003    1.724444575087e+003   -4.532744529790e+003
2.822098219999999e+008   -4.521427085222e+006    1.826039685589e+005    5.166278005389e+006   -5.560430003852e+003    1.714808490455e+003   -4.924788440799e+003
2.822098820000001e+008   -4.844820292874e+006    2.850149429242e+005    4.859564882919e+006   -5.215376076599e+003    1.697581831923e+003   -5.295212937099e+003
2.822099419999997e+008   -5.146803782758e+006    3.861676817385e+005    4.531316228686e+006   -4.847092655812e+003    1.672835225447e+003   -5.642275682411e+003
2.822243999999999e+008    6.159597259457e+006   -7.635603353188e+005   -3.008873436140e+006    3.118543477280e+003   -1.479965534231e+003    6.764297931852e+003
2.822244600000001e+008    6.333110783722e+006   -8.506241938583e+005   -2.596717756739e+006    2.663043696929e+003   -1.421093667089e+003    6.969244695909e+003
2.822245200000002e+008    6.478930250706e+006   -9.339674663137e+005   -2.173175368706e+006    2.195812298707e+003   -1.355955297700e+003    7.143680866003e+003
2.822245799999998e+008    6.596406452340e+006   -1.013224107683e+006   -1.740099597511e+006    1.718612005031e+003   -1.284934549919e+003    7.286893544927e+003
2.822246400000000e+008    6.685010991161e+006   -1.088047893411e+006   -1.299386866881e+006    1.233833970302e+003   -1.208205596945e+003    7.398128819170e+003
2.822247000000002e+008    6.744349909255e+006   -1.158106045501e+006   -8.529701207407e+005    7.434510356459e+002   -1.126163753513e+003    7.476953448328e+003
2.822247599999998e+008    6.774151223896e+006   -1.223091785292e+006   -4.028075034368e+005    2.495574630485e+002   -1.039198299797e+003    7.522953994068e+003
2.822248200000000e+008    6.774275070256e+006   -1.282717975733e+006    4.912462401276e+004   -2.454734791759e+002   -9.475940465404e+002    7.535916567671e+003
2.822248800000002e+008    6.744716321826e+006   -1.336719828901e+006    5.008420795276e+005   -7.396022170996e+002   -8.518404645915e+002    7.515767815903e+003
2.822249399999998e+008    6.685583573330e+006   -1.384864464095e+006    9.503549938379e+005   -1.230628672051e+003   -7.523144011610e+002    7.462554128902e+003
2.822249999999999e+008    6.597142603152e+006   -1.426934555264e+006    1.395690740318e+006   -1.716346944018e+003   -6.494847016542e+002    7.376511883276e+003
2.822250600000001e+008    6.479768154763e+006   -1.462746684806e+006    1.834887412848e+006   -2.194662324380e+003   -5.438163581025e+002    7.258017637571e+003
2.822251199999997e+008    6.333971910575e+006   -1.492142020664e+006    2.266013980608e+006   -2.663430852953e+003   -4.356941924516e+002    7.107587873867e+003
2.822251799999999e+008    6.160390183699e+006   -1.514990854193e+006    2.687172107962e+006   -3.120574299566e+003   -3.256639857109e+002    6.925849174216e+003
2.822252400000001e+008    5.959779117552e+006   -1.531191886619e+006    3.096508262350e+006   -3.564033386279e+003   -2.141878847584e+002    6.713628155810e+003
2.822253000000003e+008    5.733014475654e+006   -1.540674137040e+006    3.492216814547e+006   -3.991977976363e+003   -1.017646935758e+002    6.471881808455e+003
2.822253599999998e+008    5.481090914689e+006   -1.543394453114e+006    3.872558839990e+006   -4.402403993745e+003    1.108461486809e+001    6.201526836895e+003
2.822254200000001e+008    5.205109270785e+006   -1.539341063384e+006    4.235855139370e+006   -4.793556951011e+003    1.239354255765e+002    5.903890358456e+003
2.822254800000002e+008    4.906282609167e+006   -1.528531043914e+006    4.580508028897e+006   -5.163705908527e+003    2.362159084618e+002    5.580269522025e+003
2.822255399999998e+008    4.585919968585e+006   -1.511012002179e+006    4.904998366763e+006   -5.511178968405e+003    3.474775215368e+002    5.232071578814e+003
2.822256000000000e+008    4.245426188180e+006   -1.486860402348e+006    5.207897353520e+006   -5.834479052176e+003    4.572213528355e+002    4.860844063328e+003
2.822256600000002e+008    3.886294034199e+006   -1.456181236012e+006    5.487869044958e+006   -6.132195770293e+003    5.649794114261e+002    4.468144653097e+003
2.822257199999998e+008    3.510099686905e+006   -1.419109195557e+006    5.743680859430e+006   -6.403035373810e+003    6.702566305744e+002    4.055781215185e+003
2.822257799999999e+008    3.118492834516e+006   -1.375806184913e+006    5.974202594148e+006   -6.645751106071e+003    7.725762916313e+002    3.625491694169e+003
2.822258400000002e+008    2.713192114203e+006   -1.326462085299e+006    6.178418432605e+006   -6.859354703982e+003    8.715447051636e+002    3.179204460827e+003
2.822258999999997e+008    2.295975430236e+006   -1.271293183806e+006    6.355426960460e+006   -7.042798968474e+003    9.666908151031e+002    2.718847786122e+003
2.822259599999999e+008    1.868673263487e+006   -1.210540237900e+006    6.504440676550e+006   -7.195381079033e+003    1.057592357493e+003    2.246440505715e+003
2.822260200000001e+008    1.433161696916e+006   -1.144469868889e+006    6.624799504237e+006   -7.316345562047e+003    1.143886885837e+003    1.764121372266e+003
2.822260800000003e+008    9.913530325114e+005   -1.073370836712e+006    6.715970806901e+006   -7.405219548326e+003    1.225140259560e+003    1.273829596262e+003
2.822261399999999e+008    5.451872759976e+005   -9.975550576653e+005    6.777543901786e+006   -7.461569047608e+003    1.301036880932e+003    7.778044576140e+002
2.822262000000001e+008    9.662408689023e+004   -9.173545700059e+005    6.809238573306e+006   -7.485091106351e+003    1.371249287603e+003    2.782654496148e+002
2.822262600000002e+008   -3.523644941205e+005   -8.331198477770e+005    6.810910084997e+006   -7.475692864760e+003    1.435445488608e+003   -2.226175916770e+002
2.822263199999998e+008   -7.998029329433e+005   -7.452216389326e+005    6.782538693937e+006   -7.433452308061e+003    1.493349018898e+003   -7.227345487387e+002
2.822263800000000e+008   -1.243722340457e+006   -6.540446069960e+005    6.724240167604e+006   -7.358463411563e+003    1.544694094904e+003   -1.219815277218e+003
2.822264400000002e+008   -1.682167093545e+006   -5.599895718218e+005    6.636261794583e+006   -7.251016686436e+003    1.589236847670e+003   -1.711779311095e+003
2.822264999999998e+008   -2.113205024886e+006   -4.634691304132e+005    6.518981401405e+006   -7.111621936712e+003    1.626813353838e+003   -2.196285822225e+003
2.822265600000000e+008   -2.534932381696e+006   -3.649079361210e+005    6.372901860621e+006   -6.940829076413e+003    1.657252920968e+003   -2.671263917644e+003
2.822266200000002e+008   -2.945489765487e+006   -2.647387392807e+005    6.198662617031e+006   -6.739348450835e+003    1.680379278887e+003   -3.134712442798e+003
2.822266799999998e+008   -3.343059552994e+006   -1.634038712573e+005    5.997017183373e+006   -6.508088442844e+003    1.696121792528e+003   -3.584419914589e+003
2.822267399999999e+008   -3.725883810642e+006   -6.134843874985e+004    5.768845169904e+006   -6.248029180585e+003    1.704406023726e+003   -4.018494733383e+003
2.822268000000001e+008   -4.092267357742e+006    4.097770706833e+004    5.515148789308e+006   -5.960282672332e+003    1.705147721594e+003   -4.434995084613e+003
2.822268599999997e+008   -4.440585316713e+006    1.431224536312e+005    5.237036369114e+006   -5.646052210738e+003    1.698366028562e+003   -4.831998999890e+003
2.822269199999999e+008   -4.769291297593e+006    2.446349638908e+005    4.935730865236e+006   -5.306803746006e+003    1.684095314787e+003   -5.207804081567e+003
2.822269800000001e+008   -5.076926844878e+006    3.450676839305e+005    4.612556877475e+006   -4.943948294679e+003    1.662341921880e+003   -5.560688022973e+003
2.822270400000003e+008   -5.362122016459e+006    4.439742790827e+005    4.268939150360e+006   -4.559097437715e+003    1.633276203412e+003   -5.889018182473e+003
2.822270999999999e+008   -5.623608380559e+006    5.409182336650e+005    3.906393094761e+006   -4.153948054498e+003    1.596957388310e+003   -6.191371784624e+003
2.822271600000001e+008   -5.860224027034e+006    6.354698977308e+005    3.526521995925e+006   -3.730244437539e+003    1.553549338344e+003   -6.466385971797e+003
2.822272200000002e+008   -6.070914073745e+006    7.272102707459e+005    3.131006014466e+006   -3.290073174115e+003    1.503298899665e+003   -6.712667323610e+003
2.822272799999998e+008   -6.254739426111e+006    8.157330404205e+005    2.721595700747e+006   -2.835207022526e+003    1.446336453187e+003   -6.929262938095e+003
2.822273400000000e+008   -6.410885162757e+006    9.006455138062e+005    2.300107508614e+006   -2.367714959554e+003    1.382998086776e+003   -7.115119419965e+003
2.822357379999999e+008    6.062553237102e+006   -7.043064211293e+005   -3.213417572133e+006    3.348249513938e+003   -1.499937667320e+003    6.648865090594e+003
2.822357980000001e+008    6.250052319146e+006   -7.926988781814e+005   -2.807735885879e+006    2.899391327561e+003   -1.445369198609e+003    6.868950531079e+003
2.822358580000003e+008    6.410223724650e+006   -8.776253546381e+005   -2.389743817866e+006    2.437685506197e+003   -1.384455366519e+003    7.059027187389e+003
2.822359179999999e+008    6.542354929225e+006   -9.587131823900e+005   -1.961270390921e+006    1.965097189077e+003   -1.317475862619e+003    7.218211837787e+003
2.822359780000001e+008    6.645857662381e+006   -1.035605769789e+006   -1.524191231493e+006    1.483659108026e+003   -1.244671863612e+003    7.345771152219e+003
2.822360380000002e+008    6.720266413337e+006   -1.107967209419e+006   -1.080421467419e+006    9.956666686174e+002   -1.166416135776e+003    7.441131366128e+003
2.822360979999998e+008    6.765246578058e+006   -1.175473253328e+006   -6.319083407891e+005    5.031552134843e+002   -1.082989524722e+003    7.503839143847e+003
2.822361580000000e+008    6.780591850440e+006   -1.237832059077e+006   -1.806198046218e+005    8.143683607422e+000   -9.948454743008e+002    7.533601168830e+003
2.822362180000002e+008    6.766225254576e+006   -1.294766672995e+006    2.714619762654e+005   -4.869607107822e+002   -9.022935321474e+002    7.530273497652e+003
2.822362779999998e+008    6.722200789958e+006   -1.346027485075e+006    7.223504220177e+005   -9.800476655402e+002   -8.057474300042e+002    7.493842666940e+003
2.822363379999999e+008    6.648708853803e+006   -1.391386599080e+006    1.170063729166e+006   -1.469049569868e+003   -7.056565243234e+002    7.424445281617e+003
2.822363980000002e+008    6.546053435426e+006   -1.430644136863e+006    1.612631107574e+006   -1.951565731754e+003   -6.024696608868e+002    7.322377403257e+003
2.822364579999997e+008    6.414684568321e+006   -1.463626736577e+006    2.048105227559e+006   -2.425803107187e+003   -4.965855335007e+002    7.188086087753e+003
2.822365179999999e+008    6.255177190798e+006   -1.490189802974e+006    2.474568754305e+006   -2.889318873880e+003   -3.885238102325e+002    7.022147325145e+003
2.822365780000001e+008    6.068218516502e+006   -1.510213149162e+006    2.890145068694e+006   -3.340035166288e+003   -2.787379352553e+002    6.825277704411e+003
2.822366380000003e+008    5.854633667919e+006   -1.523610749329e+006    3.293001825027e+006   -3.776641329566e+003   -1.677121317837e+002    6.598345065551e+003
2.822366979999999e+008    5.615352074441e+006   -1.530320490828e+006    3.681367606367e+006   -4.196446345653e+003   -5.594904163245e+001    6.342374995050e+003
2.822367580000001e+008    5.351423113912e+006   -1.530314516249e+006    4.053529698534e+006   -4.597915469971e+003    5.608197064774e+001    6.058444968219e+003
2.822368180000003e+008    5.064003295898e+006   -1.523591706141e+006    4.407848111390e+006   -4.979194660181e+003    1.678855833581e+002    5.747881938424e+003
2.822368779999998e+008    4.754352535265e+006   -1.510180212283e+006    4.742762084819e+006   -5.338660005451e+003    2.789502153213e+002    5.411873233744e+003
2.822369380000001e+008    4.423829945490e+006   -1.490139211888e+006    5.056796895521e+006   -5.674703653663e+003    3.887762152211e+002    5.052086209695e+003
2.822369980000002e+008    4.073884306435e+006   -1.463556476739e+006    5.348568172692e+006   -5.985880877302e+003    4.969021865337e+002    4.670048489635e+003
2.822370579999998e+008    3.706051719028e+006   -1.430548249855e+006    5.616789901874e+006   -6.270713847485e+003    6.028745340409e+002    4.267397643436e+003
2.822371180000000e+008    3.321945289858e+006   -1.391258649216e+006    5.860278941821e+006   -6.528116990664e+003    7.062101961827e+002    3.845901880030e+003
2.822371780000002e+008    2.923250226826e+006   -1.345860605394e+006    6.077959532473e+006   -6.756840577138e+003    8.064385641990e+002    3.407479141230e+003
2.822372379999998e+008    2.511716711456e+006   -1.294551104712e+006    6.268874306820e+006   -6.955914447705e+003    9.031512411426e+002    2.953977827919e+003
2.822372979999999e+008    2.089150592760e+006   -1.237556144354e+006    6.432175805862e+006   -7.124466106893e+003    9.959095931994e+002    2.487396499213e+003
2.822373580000001e+008    1.657406476626e+006   -1.175125227564e+006    6.567140490150e+006   -7.261749944948e+003    1.084295068529e+003    2.009773922316e+003
2.822374179999997e+008    1.218379047121e+006   -1.107530957512e+006    6.673168753979e+006   -7.367136536665e+003    1.167940106724e+003    1.523229056509e+003
2.822374779999999e+008    7.739971717830e+005   -1.035069932868e+006    6.749787434967e+006   -7.440169530264e+003    1.246466612257e+003    1.029841143026e+003
2.822375389999997e+008    3.187325255807e+005   -9.567389735442e+005    6.797180601672e+006   -7.480908500943e+003    1.320701807619e+003    5.233803084762e+002
2.822375989999999e+008   -1.304928088014e+005   -8.754490878696e+005    6.813575500614e+006   -7.487801569279e+003    1.387887523668e+003    2.287392130756e+001
2.822376590000001e+008   -5.791438965304e+005   -7.903089131181e+005    6.799919593188e+006   -7.461768560269e+003    1.448999890633e+003   -4.778864810264e+002
2.822377189999996e+008   -1.025246866400e+006   -7.016920091335e+005    6.756263640927e+006   -7.402882299225e+003    1.503739595344e+003   -9.767707899418e+002
2.822377789999999e+008   -1.466836730703e+006   -6.099866607287e+005    6.682788419410e+006   -7.311399461862e+003    1.551912544639e+003   -1.471448591724e+003
2.822378390000001e+008   -1.901968251689e+006   -5.155953904193e+005    6.579805736017e+006   -7.187671717508e+003    1.593240474048e+003   -1.959909321905e+003
2.822378990000002e+008   -2.328722120103e+006   -4.189325557208e+005    6.447761940128e+006   -7.032241570332e+003    1.627564011794e+003   -2.439872098778e+003
2.822379589999998e+008   -2.745214482298e+006   -3.204241677283e+005    6.287228438671e+006   -6.845751932851e+003    1.654760330619e+003   -2.909245875359e+003
2.822380190000000e+008   -3.149605260746e+006   -2.205023366628e+005    6.098900709946e+006   -6.628980035143e+003    1.674671574372e+003   -3.365999387150e+003
2.822380790000002e+008   -3.540105572108e+006   -1.196075192035e+005    5.883603315640e+006   -6.382894597421e+003    1.687196738360e+003   -3.808071054519e+003
2.822381389999998e+008   -3.914985897115e+006   -1.818525473971e+004    5.642272414279e+006   -6.108503102800e+003    1.692264113611e+003   -4.233439233302e+003
2.822381990000000e+008   -4.272584397480e+006    8.331769686547e+004    5.375965774997e+006   -5.807049414362e+003    1.689868111190e+003   -4.640191890713e+003
2.822382590000002e+008   -4.611316086901e+006    1.844525749498e+005    5.085853792447e+006   -5.479777496726e+003    1.680009734774e+003   -5.026646993830e+003
2.822383189999998e+008   -4.929675731020e+006    2.847736267292e+005    4.773209491751e+006   -5.128206985026e+003    1.662715071297e+003   -5.391022058590e+003
2.822383789999999e+008   -5.226248712700e+006    3.838361871982e+005    4.439411546144e+006   -4.753869659274e+003    1.638096195272e+003   -5.731494577159e+003
2.822384390000001e+008   -5.499715172136e+006    4.812007551433e+005    4.085933283900e+006   -4.358339647956e+003    1.606188756635e+003   -6.046751976801e+003
2.822384989999997e+008   -5.748861285354e+006    5.764392859622e+005    3.714332407010e+006   -3.943436956012e+003    1.567182604479e+003   -6.335301276263e+003
2.822385589999999e+008   -5.972575916302e+006    6.691273786522e+005    3.326256985367e+006   -3.510988244732e+003    1.521233746545e+003   -6.595779485192e+003
2.822386190000001e+008   -6.169862964093e+006    7.588548953028e+005    2.923422177364e+006   -3.062854079003e+003    1.468548729549e+003   -6.827043555932e+003
2.822386790000003e+008   -6.339844968340e+006    8.452241766831e+005    2.507613435702e+006   -2.601150254522e+003    1.409337747092e+003   -7.028080024353e+003
2.822387389999998e+008   -6.481767245879e+006    9.278535083589e+005    2.080674614276e+006   -2.127837335658e+003    1.343902875366e+003   -7.197935675585e+003
2.822387990000001e+008   -6.594998419536e+006    1.006375468773e+006    1.644500068950e+006   -1.645155750755e+003    1.272496228836e+003   -7.335826840592e+003
2.822388590000002e+008   -6.679038136080e+006    1.080443544201e+006    1.201025970438e+006   -1.155158618465e+003    1.195481611995e+003   -7.441180151245e+003
2.822389189999998e+008   -6.733515788580e+006    1.149729381154e+006    7.522210020787e+005   -6.601242704414e+002    1.113168519933e+003   -7.513461874467e+003
2.822389790000000e+008   -6.758195827083e+006    1.213928313213e+006    3.000777687392e+005   -1.622745398977e+002    1.025978234578e+003   -7.552388364665e+003
2.822390390000002e+008   -6.752974116516e+006    1.272756217664e+006   -1.533969092911e+005    3.362246224123e+002    9.342332898171e+002   -7.557846072229e+003
2.822390989999998e+008   -6.717881499939e+006    1.325954097571e+006   -6.061914902910e+005    8.330559919798e+002    8.384030389881e+002   -7.529721194031e+003
2.822391589999999e+008   -6.653085515338e+006    1.373290251860e+006   -1.056298208223e+006    1.325962549615e+003    7.388922343714e+002   -7.468260028680e+003
2.822392190000002e+008   -6.558883527268e+006    1.414555733319e+006   -1.501722684167e+006    1.812873734691e+003    6.361590253442e+002   -7.373739176721e+003
2.822392789999997e+008   -6.435708795757e+006    1.449573709091e+006   -1.940494516005e+006    2.291507639676e+003    5.306795402841e+002   -7.246604893260e+003
2.822393389999999e+008   -6.284116751278e+006    1.478190754983e+006   -2.370674401232e+006    2.759704456262e+003    4.229055284957e+002   -7.087443634013e+003
2.822393990000001e+008   -6.104796854699e+006    1.500286904130e+006   -2.790364917160e+006    3.215399916314e+003    3.133857119266e+002   -6.897062006520e+003
2.822394590000003e+008   -5.898555313288e+006    1.515765832354e+006   -3.197716049584e+006    3.656655361688e+003    2.025087113986e+002   -6.676326830748e+003
2.822395189999999e+008   -5.666319352949e+006    1.524564604573e+006   -3.590935985382e+006    4.081532816596e+003    9.081137488317e+001   -6.426214921200e+003
2.822395790000001e+008   -5.409133377885e+006    1.526652494731e+006   -3.968299818855e+006    4.488105435012e+003   -2.116873668744e+001   -6.147953110892e+003
2.822396390000003e+008   -5.128144449304e+006    1.522022349182e+006   -4.328152375819e+006    4.874627586396e+003   -1.330172778541e+002   -5.842768534232e+003
2.822396989999998e+008   -4.824609571946e+006    1.510699761704e+006   -4.668922701323e+006    5.239463941748e+003   -2.441745469766e+002   -5.512068499271e+003
2.822397590000001e+008   -4.499875809391e+006    1.492740817287e+006   -4.989122392202e+006    5.580922464029e+003   -3.541471798624e+002   -5.157360224725e+003
2.822398190000002e+008   -4.155389851997e+006    1.468228891181e+006   -5.287359581627e+006    5.897674260156e+003   -4.625172568445e+002   -4.780251525525e+003
2.822480979999999e+008    5.482020563169e+006   -1.518821023823e+006    3.880404685129e+006   -4.411623135892e+003   -6.926507563228e+000    6.195393378227e+003
2.822481580000001e+008    5.205482270970e+006   -1.515901850141e+006    4.243317167879e+006   -4.802939390837e+003    1.041621035645e+002    5.897176274258e+003
2.822482179999997e+008    4.906091472069e+006   -1.506327833102e+006    4.587548899250e+006   -5.173099452289e+003    2.148213732931e+002    5.572994606192e+003
2.822482779999999e+008    4.585161001175e+006   -1.490140598866e+006    4.911584033742e+006   -5.520612740861e+003    3.245201501717e+002    5.224225920832e+003
2.822483380000001e+008    4.244099697125e+006   -1.467410973032e+006    5.213994268086e+006   -5.843917216503e+003    4.328154426466e+002    4.852427652722e+003
2.822483979999996e+008    3.884401637788e+006   -1.438238177370e+006    5.493446158852e+006   -6.141605022190e+003    5.392131553547e+002    4.459237485683e+003
2.822484579999999e+008    3.507646394783e+006   -1.402749610922e+006    5.748707122052e+006   -6.412294339677e+003    6.432336486695e+002    4.046373146794e+003
2.822485180000001e+008    3.115487240133e+006   -1.361100922430e+006    5.978651452383e+006   -6.654894106277e+003    7.444826297053e+002    3.615652841415e+003
2.822485780000002e+008    2.709644587114e+006   -1.313474010279e+006    6.182266334023e+006   -6.868251260455e+003    8.424352304780e+002    3.168924667876e+003
2.822486379999998e+008    2.291899176362e+006   -1.260077897466e+006    6.358645351701e+006   -7.051488094242e+003    9.367031235015e+002    2.708267180168e+003
2.822486980000000e+008    1.864085137524e+006   -1.201145771344e+006    6.507011502177e+006   -7.203765778737e+003    1.026880402938e+003    2.235498994558e+003
2.822487580000002e+008    1.428080906265e+006   -1.136935588180e+006    6.626706209017e+006   -7.324400962093e+003    1.112569832235e+003    1.752868981870e+003
2.822488179999998e+008    9.858007528749e+005   -1.067728553000e+006    6.717195836486e+006   -7.412876373449e+003    1.193389254252e+003    1.262336284113e+003
2.822488780000000e+008    5.391877606481e+005   -9.938279346499e+005    6.778075201063e+006   -7.468779548110e+003    1.268973863332e+003    7.661902154665e+002
2.822489380000002e+008    9.020482312836e+004   -9.155577342677e+005    6.809067586180e+006   -7.491872192836e+003    1.339006669359e+003    2.666103762162e+002
2.822489979999998e+008   -3.591745295295e+005   -8.332601290233e+005    6.810033257317e+006   -7.481983965243e+003    1.403158612646e+003   -2.343835232928e+002
2.822490579999999e+008   -8.069736389312e+005   -7.472965271037e+005    6.780953474173e+006   -7.439199048648e+003    1.461144800705e+003   -7.345613553047e+002
2.822491180000001e+008   -1.251220959974e+006   -6.580441967136e+005    6.721947004289e+006   -7.363655164354e+003    1.512770063551e+003   -1.231542900452e+003
2.822491779999997e+008   -1.689959970948e+006   -5.658943654009e+005    6.633265139283e+006   -7.255634938197e+003    1.557699970172e+003   -1.723417710043e+003
2.822492379999999e+008   -2.121255774673e+006   -4.712518941738e+005    6.515286705630e+006   -7.115620919559e+003    1.595789089636e+003   -2.207795000055e+003
2.822492980000001e+008   -2.543205453945e+006   -3.745334295897e+005    6.368521581635e+006   -6.944205912029e+003    1.626903071529e+003   -2.682603806587e+003
2.822493580000003e+008   -2.953945049387e+006   -2.761638043543e+005    6.193605708970e+006   -6.742095680086e+003    1.650805670663e+003   -3.145812986240e+003
2.822494179999999e+008   -3.351658101216e+006   -1.765765437422e+005    5.991300606580e+006   -6.510141092425e+003    1.667456167228e+003   -3.595281149898e+003
2.822494780000001e+008   -3.734584940437e+006   -7.621001966514e+004    5.762489886008e+006   -6.249366678291e+003    1.676765810415e+003   -4.029016627640e+003
2.822495380000002e+008   -4.101028221202e+006    2.449268203545e+004    5.508174260411e+006   -5.960898904960e+003    1.678672859849e+003   -4.445077582153e+003
2.822495979999998e+008   -4.449362757967e+006    1.250864007830e+005    5.229468060718e+006   -5.645957398675e+003    1.673159423570e+003   -4.841702022457e+003
2.822496580000000e+008   -4.778042450964e+006    2.251282705588e+005    4.927596747123e+006   -5.305965944442e+003    1.660259022616e+003   -5.216947622050e+003
2.822497180000002e+008   -5.085607331147e+006    3.241746536510e+005    4.603887420412e+006   -4.942414601830e+003    1.640022039334e+003   -5.569271946141e+003
2.822497779999998e+008   -5.370689810614e+006    4.217885030469e+005    4.259771832502e+006   -4.556820295378e+003    1.612524072460e+003   -5.897032514874e+003
2.822498379999999e+008   -5.632029410277e+006    5.175401579143e+005    3.896767410463e+006   -4.150907965368e+003    1.577832079084e+003   -6.198776509831e+003
2.822498980000002e+008   -5.868440034424e+006    6.109973349725e+005    3.516471702682e+006   -3.726723673581e+003    1.536240342884e+003   -6.473000578461e+003
2.822499579999997e+008   -6.078890770110e+006    7.017522089177e+005    3.120574011885e+006   -3.285822913343e+003    1.487794566846e+003   -6.718622180236e+003
2.822500179999999e+008   -6.262439827472e+006    7.894026858391e+005    2.710827986509e+006   -2.830285726620e+003    1.432771809033e+003   -6.934477908513e+003
2.822500780000001e+008   -6.418270249602e+006    8.735592960109e+005    2.289049379245e+006   -2.362164124674e+003    1.371372827752e+003   -7.119554406096e+003
2.822501380000003e+008   -6.545689232537e+006    9.538486735221e+005    1.857109646079e+006   -1.883588166690e+003    1.303919279046e+003   -7.273068183325e+003
2.822501979999999e+008   -6.644131030438e+006    1.029916118094e+006    1.416924951132e+006   -1.396683345684e+003    1.230705035067e+003   -7.394265759339e+003
2.822502580000001e+008   -6.713162845428e+006    1.101424667205e+006    9.704504762032e+005   -9.036026269186e+002    1.152034581471e+003   -7.482653608383e+003
2.822503180000003e+008   -6.752481928582e+006    1.168058928180e+006    5.196689162088e+005   -4.065904916978e+002    1.068289815316e+003   -7.537808052046e+003
2.822503779999998e+008   -6.761917539005e+006    1.229523145454e+006    6.658068226560e+004    9.216263789676e+001    9.797754020271e+002   -7.559555503993e+003
2.822504380000001e+008   -6.741439499259e+006    1.285550088290e+006   -3.868026839597e+005    5.902127320811e+002    8.870426931368e+002   -7.547671952987e+003
2.822504980000002e+008   -6.691144798957e+006    1.335889922284e+006   -8.384710326273e+005    1.085618549827e+003    7.903702529661e+002   -7.502364220846e+003
2.822505579999998e+008   -6.611268654736e+006    1.380325198254e+006   -1.286422587014e+006    1.575944312234e+003    6.902404147175e+002   -7.423828313596e+003
2.822506180000000e+008   -6.502177279448e+006    1.418661188639e+006   -1.728673655763e+006    2.059111649382e+003    5.871176741218e+002   -7.312460821248e+003
2.822506780000002e+008   -6.364367514437e+006    1.450730843858e+006   -2.163268033275e+006    2.532856960115e+003    4.814669335209e+002   -7.168708031829e+003
2.822507379999998e+008   -6.198464934415e+006    1.476397289692e+006   -2.588287502697e+006    2.995150442161e+003    3.737624383520e+002   -6.993346614694e+003
2.822507979999999e+008   -6.005218567896e+006    1.495550631665e+006   -3.001856044690e+006    3.443976676497e+003    2.644753809846e+002   -6.787193262881e+003
2.822508580000001e+008   -5.785499589209e+006    1.508110871346e+006   -3.402154139451e+006    3.877263180936e+003    1.540783388969e+002   -6.551174576493e+003
2.822509179999997e+008   -5.540294436671e+006    1.514028596699e+006   -3.787423977910e+006    4.293171991301e+003    4.314169619952e+001   -6.286417533898e+003
2.822509779999999e+008   -5.270700922222e+006    1.513280434377e+006   -4.155973668294e+006    4.689908017043e+003   -6.799034662264e+001   -5.994089193824e+003
2.822510380000001e+008   -4.977924808372e+006    1.505874723503e+006   -4.506191241469e+006    5.065680927611e+003   -1.786799617396e+002   -5.675596609663e+003
2.822510970000001e+008   -4.668687660524e+006    1.492141040067e+006   -4.831215111423e+006    5.413214685570e+003   -2.866988105839e+002   -5.338257824474e+003
