2.803439970000003e+008    4.007686149270e+006   -3.210798700017e+006    4.588726013904e+006   -4.714904110874e+003    2.103523474833e+003    5.582017155060e+003
2.803440569999998e+008    3.716209218349e+006   -3.077639557104e+006    4.913313322022e+006   -4.997371562055e+003    2.333433150876e+003    5.233626195705e+003
2.803441170000001e+008    3.408444299753e+006   -2.930991459547e+006    5.216305682541e+006   -5.257723691293e+003    2.553002354680e+003    4.862418783835e+003
2.803441770000002e+008    3.085744815183e+006   -2.771500664607e+006    5.496378364030e+006   -5.494986234608e+003    2.761355409967e+003    4.469943298813e+003
2.803442369999998e+008    2.749528276341e+006   -2.599869665315e+006    5.752307528517e+006   -5.708182186639e+003    2.957535825118e+003    4.057918112176e+003
2.803442970000000e+008    2.401270680581e+006   -2.416853736880e+006    5.982975740763e+006   -5.896245871911e+003    3.140710356950e+003    3.628191457023e+003
2.803443570000002e+008    2.042498832579e+006   -2.223256130679e+006    6.187375980969e+006   -6.058454190397e+003    3.310115508356e+003    3.182672126637e+003
2.803444169999998e+008    1.674786116434e+006   -2.019927026208e+006    6.364616151704e+006   -6.194159840852e+003    3.464979229317e+003    2.723229037114e+003
2.803444769999999e+008    1.299743281701e+006   -1.807757334294e+006    6.513923593170e+006   -6.302719946904e+003    3.604680644817e+003    2.251901118759e+003
2.803445370000002e+008    9.190126300401e+005   -1.587677396368e+006    6.634646592714e+006   -6.383682628010e+003    3.728576380664e+003    1.770727611396e+003
2.803445969999997e+008    5.342610276873e+005   -1.360650491367e+006    6.726256896485e+006   -6.436723403047e+003    3.836150863826e+003    1.281817967797e+003
2.803446569999999e+008    1.471723418611e+005   -1.127670206388e+006    6.788353221848e+006   -6.461572247066e+003    3.926963502932e+003    7.872517325917e+002
2.803447170000001e+008   -2.405599237963e+005   -8.897564271868e+005    6.820665769550e+006   -6.458187595717e+003    4.000529203365e+003    2.893488201571e+002
2.803447769999997e+008   -6.272391854462e+005   -6.479495852896e+005    6.823049734624e+006   -6.426485590788e+003    4.056697851697e+003   -2.098809093001e+002
2.803448369999999e+008   -1.011173831990e+006   -4.033069412892e+005    6.795489819651e+006   -6.366691059346e+003    4.095046298169e+003   -7.084571059999e+002
2.803448970000001e+008   -1.390682683697e+006   -1.568987887485e+005    6.738105743816e+006   -6.278999105936e+003    4.115500950809e+003   -1.203759451994e+003
2.803449570000002e+008   -1.764102522070e+006    9.019632208845e+004    6.651140755344e+006   -6.163819967920e+003    4.117924524179e+003   -1.693967283506e+003
2.803450169999998e+008   -2.129797243878e+006    3.368964557725e+005    6.534967646608e+006   -6.021592645872e+003    4.102347644969e+003   -2.177069882246e+003
2.803450770000000e+008   -2.486162683848e+006    5.821210059317e+005    6.390086762177e+006   -5.852948863471e+003    4.068775616521e+003   -2.650586217138e+003
2.803451370000002e+008   -2.831634440719e+006    8.247949679390e+005    6.217130011733e+006   -5.658593502730e+003    4.017342764934e+003   -3.112605133173e+003
2.803451969999998e+008   -3.164693630298e+006    1.063852776960e+006    6.016844879572e+006   -5.439344815950e+003    3.948326411711e+003   -3.561105284511e+003
2.803452570000000e+008   -3.483874661551e+006    1.298245290071e+006    5.790099937565e+006   -5.196140440895e+003    3.861907925435e+003   -3.994305135867e+003
2.803453170000002e+008   -3.787770835777e+006    1.526941840338e+006    5.537881854347e+006   -4.930010772291e+003    3.758537796933e+003   -4.409952988522e+003
2.803453769999998e+008   -4.075041492825e+006    1.748935749180e+006    5.261287407167e+006   -4.642180693351e+003    3.638518156380e+003   -4.806186834773e+003
2.803454369999999e+008   -4.344416695722e+006    1.963248984191e+006    4.961525489710e+006   -4.333753691557e+003    3.502548948197e+003   -5.181954847562e+003
2.803457569999999e+008   -5.433497760984e+006    2.939276030625e+006    3.029754408625e+006   -2.401103969931e+003    2.533388356269e+003   -6.765682245310e+003
2.803458170000001e+008   -5.565499002907e+006    3.084733067689e+006    2.617422922085e+006   -1.997165122682e+003    2.312252700251e+003   -6.973659085742e+003
2.803458770000004e+008   -5.672978022659e+006    3.216575161202e+006    2.193527445504e+006   -1.584148312537e+003    2.080681265617e+003   -7.150961104550e+003
2.803459369999999e+008   -5.755456995408e+006    3.334241256065e+006    1.759938779989e+006   -1.164134645712e+003    1.839994320019e+003   -7.296664858194e+003
2.803459970000001e+008   -5.812565554110e+006    3.437209545618e+006    1.318570203153e+006   -7.387614732720e+002    1.590960751850e+003   -7.410167649666e+003
2.803460570000003e+008   -5.844046553636e+006    3.525024645007e+006    8.713719796906e+005   -3.100880468746e+002    1.334877251129e+003   -7.490946072641e+003
2.803461169999999e+008   -5.849755748704e+006    3.597293978289e+006    4.203203606762e+005    1.199468581841e+002    1.072981691436e+003   -7.538586919475e+003
2.803462969999998e+008   -5.712548164103e+006    3.717983272025e+006   -9.359767848190e+005    1.399539348919e+003    2.635301149159e+002   -7.481353136797e+003
2.803463570000000e+008   -5.616038822955e+006    3.725582271474e+006   -1.382457853733e+006    1.816256135166e+003   -1.029583059246e+001   -7.395862669737e+003
2.803464170000002e+008   -5.494760783804e+006    3.716750209864e+006   -1.822824711507e+006    2.224805825475e+003   -2.839218384290e+002   -7.277628868983e+003
2.803464769999998e+008   -5.349252141121e+006    3.691525937180e+006   -2.255131778650e+006    2.623553849283e+003   -5.563396401160e+002   -7.127279033350e+003
2.803465369999999e+008   -5.180161490501e+006    3.650029709612e+006   -2.677468792470e+006    3.010633625079e+003   -8.262640914123e+002   -6.945430072141e+003
2.803466119999999e+008   -4.936789513312e+006    3.575566898668e+006   -3.188534951614e+006    3.475495037776e+003   -1.158222005098e+003   -6.675140196917e+003
2.803466720000001e+008   -4.717538645416e+006    3.498247674259e+006   -3.581706861717e+006    3.830114323325e+003   -1.418090156711e+003   -6.425707919907e+003
2.803467320000003e+008   -4.477510180639e+006    3.405520904875e+006   -3.959059012030e+006    4.167823138623e+003   -1.671741451269e+003   -6.147967834439e+003
2.803467919999999e+008   -4.217768658888e+006    3.297800930677e+006   -4.318931551000e+006    4.487004537634e+003   -1.917710294390e+003   -5.843287248701e+003
2.803468539999999e+008   -3.929882779502e+006    3.171248331888e+006   -4.670756668550e+006    4.795941194548e+003   -2.163061555786e+003   -5.501409928287e+003
2.803469140000001e+008   -3.633693283164e+006    3.034589607311e+006   -4.990301188674e+006    5.073392939607e+003   -2.390526347024e+003   -5.146160607987e+003
2.803469779999999e+008   -3.300178869855e+006    2.874125804413e+006   -5.306859939337e+006    5.344560207164e+003   -2.621768636721e+003   -4.742221171425e+003
2.803556979999996e+008    2.213555252309e+006   -2.308277678542e+006    6.096926701639e+006   -5.994577669529e+003    3.220735700687e+003    3.388738765498e+003
2.803557579999999e+008    1.849295356740e+006   -2.110120232469e+006    6.286718680754e+006   -6.142921524188e+003    3.382038104776e+003    2.935396432411e+003
2.803558180000001e+008    1.476943745704e+006   -1.902726285530e+006    6.448919184243e+006   -6.264288246075e+003    3.528495854428e+003    2.469349585153e+003
2.803558780000002e+008    1.098128971925e+006   -1.687004772006e+006    6.582818524410e+006   -6.358264490743e+003    3.659514893987e+003    1.992447528052e+003
2.803559379999998e+008    7.145091252402e+005   -1.463900949182e+006    6.687831464115e+006   -6.424436604601e+003    3.774495111010e+003    1.506789564984e+003
2.803559980000000e+008    3.277632203040e+005   -1.234390744394e+006    6.763501231025e+006   -6.462460328552e+003    3.872961083426e+003    1.014525118248e+003
2.803560580000002e+008   -6.041600934238e+004   -9.994790484341e+005    6.809494529395e+006   -6.472224473542e+003    3.954485680380e+003    5.178739910597e+002
2.803561179999998e+008   -4.483307306441e+005   -7.601936688412e+005    6.825608054345e+006   -6.453632066953e+003    4.018697229721e+003    1.898601212779e+001
2.803561780000000e+008   -8.342842190086e+005   -5.175818451005e+005    6.811769002107e+006   -6.406806521140e+003    4.065358147473e+003   -4.801186259289e+002
2.803562380000002e+008   -1.216585764368e+006   -2.727040933773e+005    6.768036578273e+006   -6.331955883891e+003    4.094189251873e+003   -9.772095946067e+002
2.803562979999998e+008   -1.593561681642e+006   -2.663239516630e+004    6.694591015750e+006   -6.229375475565e+003    4.105130130102e+003   -1.470246414006e+003
2.803563579999999e+008   -1.963559995157e+006    2.195559335169e+005    6.591749582665e+006   -6.099439976918e+003    4.098085207763e+003   -1.956668476215e+003
2.803564180000001e+008   -2.324958069122e+006    4.647824501679e+005    6.459956594938e+006   -5.942774145093e+003    4.073074844120e+003   -2.434834763043e+003
2.803564779999997e+008   -2.676170303279e+006    7.079725100518e+005    6.299781929004e+006   -5.760029641556e+003    4.030228379299e+003   -2.902424206790e+003
2.803565379999999e+008   -3.015652687044e+006    9.480592631410e+005    6.111918029384e+006   -5.551930634994e+003    3.969674042914e+003   -3.357455622477e+003
2.803565980000001e+008   -3.341911448815e+006    1.183988726438e+006    5.897179922969e+006   -5.319397148189e+003    3.891706943680e+003   -3.797907499370e+003
2.803566580000003e+008   -3.653511383658e+006    1.414724674428e+006    5.656501232758e+006   -5.063480066458e+003    3.796634499673e+003   -4.221788113643e+003
2.803567179999999e+008   -3.949077341496e+006    1.639251714463e+006    5.390928180409e+006   -4.785134621577e+003    3.684808084481e+003   -4.627375895253e+003
2.803567780000001e+008   -4.227304627736e+006    1.856581351357e+006    5.101619603406e+006   -4.485694169227e+003    3.556794602815e+003   -5.012738649873e+003
2.803568380000002e+008   -4.486962089991e+006    2.065755338935e+006    4.789838460214e+006   -4.166376451950e+003    3.413072579245e+003   -5.376164375299e+003
2.803568979999998e+008   -4.726899891516e+006    2.265850939691e+006    4.456947843134e+006   -3.828614032839e+003    3.254250691871e+003   -5.716140714740e+003
2.803569580000000e+008   -4.946055538018e+006    2.455987937135e+006    4.104407488413e+006   -3.473977667856e+003    3.081263940945e+003   -6.030905071844e+003
2.803570180000002e+008   -5.143451901028e+006    2.635317386566e+006    3.733759472494e+006   -3.103649785993e+003    2.894331275240e+003   -6.319385514407e+003
2.803570779999998e+008   -5.318211506697e+006    2.803049259610e+006    3.346633736493e+006   -2.719571164237e+003    2.694629912895e+003   -6.580058834364e+003
2.803571379999999e+008   -5.469556487026e+006    2.958439065877e+006    2.944731785485e+006   -2.323374221155e+003    2.483060444653e+003   -6.811742337561e+003
2.803571980000002e+008   -5.596810063791e+006    3.100797978720e+006    2.529823191372e+006   -1.916792845795e+003    2.260403614024e+003   -7.013463170715e+003
2.803572579999997e+008   -5.699403956107e+006    3.229495432405e+006    2.103736805020e+006   -1.501652410291e+003    2.027761579882e+003   -7.184238317395e+003
2.803573179999999e+008   -5.776877349544e+006    3.343958152893e+006    1.668352154523e+006   -1.079793176680e+003    1.786165080964e+003   -7.323264740464e+003
2.803573780000001e+008   -5.828883479289e+006    3.443679199265e+006    1.225592056304e+006   -6.529877485353e+002    1.536531442233e+003   -7.430009518197e+003
2.803574380000003e+008   -5.855185557957e+006    3.528214128388e+006    7.774117083035e+005   -2.233293985034e+002    1.280156070089e+003   -7.503859190745e+003
2.803574979999999e+008   -5.855664942773e+006    3.597189100130e+006    3.257933036088e+005    2.074284653709e+002    1.018061305072e+003   -7.544550863200e+003
2.803575580000001e+008   -5.830313408488e+006    3.650294394461e+006   -1.272673824108e+005    6.372867922871e+002    7.514912318515e+002   -7.551861231636e+003
2.803576180000003e+008   -5.779245596009e+006    3.687300174767e+006   -5.797635711727e+005    1.064362189823e+003    4.816102110308e+002   -7.525777183912e+003
2.803576779999998e+008   -5.702685872580e+006    3.708040653605e+006   -1.029694702967e+006    1.486653484605e+003    2.095362766610e+002   -7.466425418842e+003
2.803577380000001e+008   -5.600973612286e+006    3.712425605672e+006   -1.475071227862e+006    1.902496191744e+003   -6.339138964214e+001   -7.373983172254e+003
2.803577980000002e+008   -5.474559291774e+006    3.700436251779e+006   -1.913923412248e+006    2.309818225047e+003   -3.360081395457e+002   -7.249017026252e+003
2.803578579999998e+008   -5.324005019783e+006    3.672130903454e+006   -2.344311837737e+006    2.706829310046e+003   -6.071479785022e+002   -7.091994020555e+003
2.803579180000000e+008   -5.149980000076e+006    3.627638597240e+006   -2.764334408824e+006    3.091864373842e+003   -8.754215005230e+002   -6.903651388512e+003
2.803579780000002e+008   -4.953258941108e+006    3.567160830439e+006   -3.172142455421e+006    3.463090709563e+003   -1.139901614063e+003   -6.684846112251e+003
2.803580379999998e+008   -4.734713767579e+006    3.490961280815e+006   -3.565932446773e+006    3.819001330719e+003   -1.399261966758e+003   -6.436605685172e+003
2.803580999999998e+008   -4.486987971357e+006    3.396072885454e+006   -3.956282681588e+006    4.168952685213e+003   -1.660621233905e+003   -6.150315617346e+003
2.803581630000001e+008   -4.213667128774e+006    3.283303350230e+006   -4.333814586167e+006    4.504320792964e+003   -1.917994683520e+003   -5.829941633946e+003
2.803582239999999e+008   -3.929528382895e+006    3.158927815219e+006   -4.679286746072e+006    4.808128383790e+003   -2.158251918970e+003   -5.492765584802e+003
2.803582840000001e+008   -3.632609995971e+006    3.022575622349e+006   -4.998289172337e+006    5.085504066740e+003   -2.384958356963e+003   -5.136825960023e+003
2.803583440000002e+008   -3.319718108658e+006    2.872933106661e+006   -5.295252118634e+006    5.340399364098e+003   -2.601118852643e+003   -4.758369309831e+003
2.803666189999996e+008    4.532384202247e+006   -3.405818877559e+006    3.910902850667e+006   -4.123388997639e+003    1.618947547673e+003    6.180429773466e+003
2.803666789999999e+008    4.275221523984e+006   -3.301283235240e+006    4.272855297526e+006   -4.445546716830e+003    1.864239594823e+003    5.880263930390e+003
2.803667390000001e+008    3.999309361923e+006   -3.182271053859e+006    4.616016840280e+006   -4.748128164563e+003    2.101306074058e+003    5.554315882316e+003
2.803667990000002e+008    3.705865099392e+006   -3.049308669221e+006    4.938886975750e+006   -5.029758742933e+003    2.329054827319e+003    5.204093348191e+003
2.803668589999998e+008    3.396179954189e+006   -2.902983211229e+006    5.240052078140e+006   -5.289277398334e+003    2.546600403895e+003    4.831094403280e+003
2.803669190000000e+008    3.071613599937e+006   -2.743939077326e+006    5.518194407946e+006   -5.525580712925e+003    2.752868176223e+003    4.436997207937e+003
2.803669790000002e+008    2.733595404920e+006   -2.572877263230e+006    5.772101609982e+006   -5.737579007629e+003    2.947021570279e+003    4.023509955832e+003
2.803670389999998e+008    2.383607014329e+006   -2.390549416039e+006    6.000663741939e+006   -5.924425556250e+003    3.128251820239e+003    3.592491236676e+003
2.803670990000000e+008    2.023183466179e+006   -2.197756359718e+006    6.202882772655e+006   -6.085315165399e+003    3.295763196043e+003    3.145689708072e+003
2.803671590000002e+008    1.653904379457e+006   -1.995344142553e+006    6.377875596604e+006   -6.219522005937e+003    3.448786090791e+003    2.685324158318e+003
2.803672189999998e+008    1.277387205968e+006   -1.784199887636e+006    6.524884045064e+006   -6.326490257875e+003    3.586709795502e+003    2.213103658478e+003
2.803672789999999e+008    8.952798655978e+005   -1.565248194526e+006    6.643260398221e+006   -6.405794401070e+003    3.708927289379e+003    1.731317492154e+003
2.803673390000001e+008    5.092547202386e+005   -1.339447313523e+006    6.732487395163e+006   -6.457042494608e+003    3.814921963678e+003    1.241905001181e+003
2.803673989999997e+008    1.210016968379e+005   -1.107785882877e+006    6.792178245189e+006   -6.480049844546e+003    3.904226228455e+003    7.469858664743e+002
2.803674589999999e+008   -2.677806116334e+005   -8.712778751861e+005    6.822067642491e+006   -6.474684853113e+003    3.976431862879e+003    2.489198582307e+002
2.803675190000001e+008   -6.553914498878e+005   -6.309572863668e+005    6.822024276973e+006   -6.441004771545e+003    4.031277241463e+003   -2.503929404837e+002
2.803675790000003e+008   -1.040134816889e+006   -3.878755888850e+005    6.792042845593e+006   -6.379132352665e+003    4.068451389817e+003   -7.486323419584e+002
2.803676389999998e+008   -1.420325517556e+006   -1.430952075081e+005    6.732249562497e+006   -6.289299754465e+003    4.087835837913e+003   -1.243747972261e+003
2.803676990000001e+008   -1.794297145788e+006    1.023115477770e+005    6.642905172039e+006   -6.171925011010e+003    4.089334202355e+003   -1.733449154243e+003
2.803677590000002e+008   -2.160412024106e+006    3.472703765720e+005    6.524387965267e+006   -6.027481298206e+003    4.072888877968e+003   -2.215765119832e+003
2.803678189999998e+008   -2.517063038466e+006    5.907073466659e+005    6.377210783032e+006   -5.856591312165e+003    4.038610836473e+003   -2.688414849912e+003
2.803678790000000e+008   -2.862684950408e+006    8.315551027744e+005    6.202012034634e+006   -5.659965417357e+003    3.986638436060e+003   -3.149457182168e+003
2.803679390000002e+008   -3.195757830685e+006    1.068757872683e+006    5.999550703550e+006   -5.438441293882e+003    3.917147957395e+003   -3.596830745698e+003
2.803679989999998e+008   -3.514815609436e+006    1.301272523969e+006    5.770704860961e+006   -5.192958294261e+003    3.830451013342e+003   -4.028573998849e+003
2.803680589999999e+008   -3.818453003576e+006    1.528078221134e+006    5.516471679042e+006   -4.924605095015e+003    3.726901333597e+003   -4.442795154124e+003
2.803681190000002e+008   -4.105329716570e+006    1.748176059765e+006    5.237956936105e+006   -4.634517575520e+003    3.606945639973e+003   -4.837622343910e+003
2.803681789999997e+008   -4.374178968800e+006    1.960597811972e+006    4.936378531402e+006   -4.323880501066e+003    3.471085927999e+003   -5.211363618871e+003
2.803682389999999e+008   -4.623809513273e+006    2.164403463138e+006    4.613049488264e+006   -3.994139555262e+003    3.319934349490e+003   -5.562276600723e+003
2.803682990000001e+008   -4.853116934485e+006    2.358696796301e+006    4.269388973188e+006   -3.646648045865e+003    3.154065407391e+003   -5.888889063304e+003
2.803683590000003e+008   -5.061082288244e+006    2.542617033764e+006    3.906901293213e+006   -3.283006425992e+003    2.974286820644e+003   -6.189628368104e+003
2.803684189999999e+008   -5.246781659213e+006    2.715351193283e+006    3.527176412018e+006   -2.904688741367e+003    2.781332843339e+003   -6.463222085698e+003
2.803684790000001e+008   -5.409386379370e+006    2.876132951304e+006    3.131883450215e+006   -2.513451412027e+003    2.576055866077e+003   -6.708377322529e+003
2.803685390000003e+008   -5.548171731096e+006    3.024249875428e+006    2.722761399813e+006   -2.111045300263e+003    2.359346566120e+003   -6.923961192479e+003
2.803685989999998e+008   -5.662518401692e+006    3.159045343110e+006    2.301613626659e+006   -1.699158010301e+003    2.132158225097e+003   -7.109080909566e+003
2.803686590000001e+008   -5.751914612341e+006    3.279920416703e+006    1.870296173969e+006   -1.279661245495e+003    1.895518680193e+003   -7.262823385295e+003
2.803687190000002e+008   -5.815958670358e+006    3.386338152452e+006    1.430712366673e+006   -8.544160414717e+002    1.650429295718e+003   -7.384535550042e+003
2.803687789999998e+008   -5.854362436900e+006    3.477826452104e+006    9.848033171605e+005   -4.252713005288e+002    1.398035219921e+003   -7.473604347246e+003
2.803688390000000e+008   -5.866951670582e+006    3.553978401092e+006    5.345401258548e+005    5.813842901498e+000    1.139405704299e+003   -7.529626545078e+003
2.803688990000002e+008   -5.853668236124e+006    3.614456641445e+006    8.191318498511e+004    4.368482982643e+002    8.757625303483e+002   -7.552358852916e+003
2.803689589999998e+008   -5.814568972432e+006    3.658993610221e+006   -3.710759232463e+005    8.659657862352e+002    6.082482328571e+002   -7.541698186672e+003
2.803690189999999e+008   -5.749824946994e+006    3.687392232377e+006   -8.224241278539e+005    1.291289411964e+003    3.380567149230e+002   -7.497671442773e+003
2.803690790000001e+008   -5.659727611809e+006    3.699529734147e+006   -1.270133658900e+006    1.710964313302e+003    6.634750992849e+001   -7.420525555279e+003
2.803691389999997e+008   -5.544664734459e+006    3.695349338458e+006   -1.712228686990e+006    2.122994534112e+003   -2.055893687418e+002   -7.310537223042e+003
2.803691989999999e+008   -5.405156188423e+006    3.674876737343e+006   -2.146753064376e+006    2.525577244767e+003   -4.765545616124e+002   -7.168253463106e+003
2.803692590000001e+008   -5.241818510024e+006    3.638203567727e+006   -2.571787583304e+006    2.916989308974e+003   -7.454188680996e+002   -6.994321425296e+003
2.803693189999996e+008   -5.055377967642e+006    3.585495859675e+006   -2.985456554407e+006    3.295452230729e+003   -1.010899228011e+003   -6.789538162547e+003
2.803693789999999e+008   -4.846661924666e+006    3.516989004873e+006   -3.385934020965e+006    3.659198232925e+003   -1.271804250598e+003   -6.554800749550e+003
2.803694390000001e+008   -4.616596393879e+006    3.432990668023e+006   -3.771456062760e+006    4.006802736005e+003   -1.527060008882e+003   -6.291206824078e+003
2.803694990000002e+008   -4.366202474172e+006    3.333875876383e+006   -4.140325302095e+006    4.336615337603e+003   -1.775506763536e+003   -5.999903653181e+003
2.803695589999998e+008   -4.096589223962e+006    3.220087200418e+006   -4.490919915363e+006    4.647216923750e+003   -2.016053568649e+003   -5.682278883029e+003
2.803780180000001e+008    4.412695942801e+006   -3.344843806677e+006    4.095403415925e+006   -4.292213124093e+003    1.733666248709e+003    6.032672743192e+003
2.803780779999997e+008    4.145674767728e+006   -3.233562755960e+006    4.448093691036e+006   -4.605251791928e+003    1.974278148670e+003    5.719332276179e+003
2.803781379999999e+008    3.860475524846e+006   -3.108103018706e+006    4.781225345257e+006   -4.897964130015e+003    2.206122180071e+003    5.380968345937e+003
2.803781980000001e+008    3.558353379927e+006   -2.969018826824e+006    5.093340111852e+006   -5.169114751141e+003    2.428241713409e+003    5.019058901834e+003
2.803782580000003e+008    3.240637834468e+006   -2.816923510612e+006    5.383073800622e+006   -5.417556854079e+003    2.639662972192e+003    4.635182036430e+003
2.803783179999999e+008    2.908723256519e+006   -2.652487922461e+006    5.649157613355e+006   -5.642209999802e+003    2.839437190528e+003    4.231065951432e+003
2.803783780000001e+008    2.564068987732e+006   -2.476434346551e+006    5.890430643957e+006   -5.842085072108e+003    3.026756487819e+003    3.808469003572e+003
2.803784380000002e+008    2.208187111847e+006   -2.289537471970e+006    6.105837898273e+006   -6.016330441449e+003    3.200767692889e+003    3.369189770809e+003
2.803784979999998e+008    1.842638301312e+006   -2.092617683592e+006    6.294442801162e+006   -6.164195778633e+003    3.360740031311e+003    2.915337001840e+003
2.803785580000000e+008    1.469023654987e+006   -1.886538383289e+006    6.455419209872e+006   -6.285084975865e+003    3.505959076891e+003    2.448649696159e+003
2.803786180000002e+008    1.088980234937e+006   -1.672203470064e+006    6.588066921430e+006   -6.378438159312e+003    3.635841162052e+003    1.971316918883e+003
2.803786779999998e+008    7.041715751214e+005   -1.450551250801e+006    6.691805688337e+006   -6.443884620090e+003    3.749774624944e+003    1.485378040892e+003
2.803787379999999e+008    3.162809885820e+005   -1.222551937622e+006    6.766181229571e+006   -6.481097607893e+003    3.847333348375e+003    9.929625133659e+002
2.803787980000002e+008   -7.299259057932e+004   -9.892032789935e+005    6.810870237545e+006   -6.489990735864e+003    3.928044713149e+003    4.961901757442e+002
2.803788579999997e+008   -4.619468265797e+005   -7.515266884929e+005    6.825674898145e+006   -6.470480699556e+003    3.991553697292e+003   -2.879122049634e+000
2.803789179999999e+008   -8.488805409177e+005   -5.105612805809e+005    6.810525898410e+006   -6.422645049074e+003    4.037625203077e+003   -5.019652628079e+002
2.803789780000001e+008   -1.232098981026e+006   -2.673603446511e+005    6.765486435274e+006   -6.346674516286e+003    4.066018784283e+003   -9.988779458246e+002
2.803790380000003e+008   -1.609923055062e+006   -2.298821226150e+004    6.690748730704e+006   -6.242910348650e+003    4.076630777846e+003   -1.491536619534e+003
2.803790979999999e+008   -1.980697753875e+006    2.214839612517e+005    6.586632545586e+006   -6.111768763688e+003    4.069386644591e+003   -1.977750609044e+003
2.803791580000001e+008   -2.342796992964e+006    4.649861996980e+005    6.453587687970e+006   -5.953826293372e+003    4.044320253673e+003   -2.455468974059e+003
2.803792180000003e+008   -2.694631795242e+006    7.064518527592e+005    6.292190526465e+006   -5.769745896880e+003    4.001517744858e+003   -2.922530631235e+003
2.803792779999998e+008   -3.034656521701e+006    9.448212243640e+005    6.103138500525e+006   -5.560289597845e+003    3.941153727495e+003   -3.376934332296e+003
2.803793380000001e+008   -3.361374957169e+006    1.179048632855e+006    5.887251630674e+006   -5.326352432783e+003    3.863490203423e+003   -3.816648608668e+003
2.803793980000002e+008   -3.673348684833e+006    1.408104560891e+006    5.645469032209e+006   -5.068974648852e+003    3.768870327997e+003   -4.239771752165e+003
2.803794579999998e+008   -3.969202540457e+006    1.630981991149e+006    5.378843424360e+006   -4.789203694656e+003    3.657588898719e+003   -4.644492045290e+003
2.803795180000000e+008   -4.247629241601e+006    1.846698102485e+006    5.088536637883e+006   -4.488292318589e+003    3.530250369361e+003   -5.028887422154e+003
2.803795780000002e+008   -4.507397850167e+006    2.054303593629e+006    4.775816629251e+006   -4.167508373397e+003    3.387343004383e+003   -5.391295798146e+003
2.803796379999998e+008   -4.747358674655e+006    2.252881560724e+006    4.442050988560e+006   -3.828249789096e+003    3.229453508907e+003   -5.730154872754e+003
2.803796990000002e+008   -4.969915598304e+006    2.444611462961e+006    4.082654218768e+006   -3.465935284490e+003    3.054324393832e+003   -6.048882200520e+003
2.803797589999998e+008   -5.166785757895e+006    2.622360398734e+006    3.710981740869e+006   -3.094015441474e+003    2.868442276937e+003   -6.335635607216e+003
2.803798189999999e+008   -5.340919312829e+006    2.788570122322e+006    3.322933858273e+006   -2.708283414992e+003    2.669800500136e+003   -6.594552027936e+003
2.803798790000001e+008   -5.491539054521e+006    2.942504036388e+006    2.920216575084e+006   -2.310520399955e+003    2.459363671814e+003   -6.824428521870e+003
2.803799389999997e+008   -5.617972607613e+006    3.083478413866e+006    2.504602468291e+006   -1.902399828249e+003    2.238022476025e+003   -7.024252326993e+003
2.803799989999999e+008   -5.719654836166e+006    3.210867910762e+006    2.077923391937e+006   -1.485761531953e+003    2.006726072528e+003   -7.193120408253e+003
2.803800599999997e+008   -5.797189339979e+006    3.325872417801e+006    1.634730776592e+006   -1.055366061320e+003    1.762447062250e+003   -7.332261423430e+003
2.803801199999999e+008   -5.847686045124e+006    3.424211247222e+006    1.191506743419e+006   -6.272568719251e+002    1.514290301100e+003   -7.436428868769e+003
2.803801800000001e+008   -5.872399633576e+006    3.507453035918e+006    7.430147985020e+005   -1.962901281714e+002    1.259416955172e+003   -7.507741238713e+003
2.803802400000003e+008   -5.871217725439e+006    3.575227865032e+006    2.912375437191e+005    2.356451088759e+002    9.989231987343e+002   -7.545905411827e+003
2.803802999999999e+008   -5.844141678615e+006    3.627236216607e+006   -1.618273309105e+005    6.665631279820e+002    7.340061818555e+002   -7.550678104861e+003
2.803803600000001e+008   -5.791290520996e+006    3.663247119983e+006   -6.141765409321e+005    1.094513493047e+003    4.658831058719e+002   -7.522046091170e+003
2.803804200000002e+008   -5.712897446640e+006    3.683102129329e+006   -1.063809012965e+006    1.517656192663e+003    1.956714677209e+002   -7.460156328397e+003
2.803804799999998e+008   -5.609310098750e+006    3.686714859637e+006   -1.508736984277e+006    1.934021963121e+003   -7.530313179853e+001   -7.365305554445e+003
2.803805400000000e+008   -5.480988352630e+006    3.674070949496e+006   -1.946993806388e+006    2.341802802972e+003   -3.459536991580e+002   -7.237890780623e+003
2.803806000000002e+008   -5.328501097024e+006    3.645229034026e+006   -2.376643150269e+006    2.739203141199e+003   -6.150259295904e+002   -7.078499030683e+003
2.803806599999998e+008   -5.152526623206e+006    3.600319915383e+006   -2.795787405750e+006    3.124451318521e+003   -8.813596599208e+002   -6.887847371810e+003
2.803807200000000e+008   -4.953846527788e+006    3.539545604844e+006   -3.202577591482e+006    3.495793377462e+003   -1.143675763199e+003   -6.666832894481e+003
2.803807800000002e+008   -4.733341754874e+006    3.463177698988e+006   -3.595219961449e+006    3.851650857288e+003   -1.400898706020e+003   -6.416422984012e+003
2.803808399999998e+008   -4.491991148845e+006    3.371558093372e+006   -3.971984707294e+006    4.190363996365e+003   -1.651825743512e+003   -6.137814887834e+003
2.803808999999999e+008   -4.230865995774e+006    3.265096596271e+006   -4.331215967308e+006    4.510579201387e+003   -1.895476720047e+003   -5.832186361323e+003
2.803809600000001e+008   -3.951121895854e+006    3.144265906865e+006   -4.671333639874e+006    4.810784550239e+003   -2.130630546178e+003   -5.500924891387e+003
2.803948169999999e+008    5.328096375447e+006   -3.631026792132e+006    2.423702019412e+006   -2.778523037284e+003    6.341979156923e+002    7.051128211813e+003
2.803948919999999e+008    5.101672991357e+006   -3.571062332053e+006    2.943596962787e+006   -3.255954143549e+003    9.638585025709e+002    6.804780071950e+003
2.803949790000001e+008    4.795308395847e+006   -3.470860969363e+006    3.521083008343e+006   -3.781392828482e+003    1.337773829134e+003    6.460571998134e+003
2.803950520000002e+008    4.503992382423e+006   -3.362039834695e+006    3.980728246064e+006   -4.195501788135e+003    1.641979655844e+003    6.125589557398e+003
2.803951210000000e+008    4.201723333596e+006   -3.239102980080e+006    4.391411010788e+006   -4.561646103543e+003    1.919635094736e+003    5.772507824024e+003
2.803951860000001e+008    3.894658009211e+006   -3.106099359913e+006    4.754969198742e+006   -4.882372592830e+003    2.170955555383e+003    5.409180959385e+003
2.803952459999996e+008    3.593397070997e+006   -2.969128530382e+006    5.068832075452e+006   -5.156036855883e+003    2.393014276628e+003    5.049126165945e+003
2.803953070000001e+008    3.270975687230e+006   -2.816539421265e+006    5.365083090590e+006   -5.411107856488e+003    2.607943406657e+003    4.660380758606e+003
2.803953669999996e+008    2.939382521824e+006   -2.654006723036e+006    5.632719462203e+006   -5.637965824203e+003    2.807768146252e+003    4.257538730150e+003
2.803954269999999e+008    2.594916851703e+006   -2.479849474086e+006    5.875617794016e+006   -5.840031617379e+003    2.995266338081e+003    3.836095770567e+003
2.803954870000001e+008    2.239089434099e+006   -2.294834532143e+006    6.092717591180e+006   -6.016574112570e+003    3.169584634180e+003    3.397900652147e+003
2.803955470000002e+008    1.873458319786e+006   -2.099773698030e+006    6.283070779903e+006   -6.166695870745e+003    3.329987785546e+003    2.944871882414e+003
2.803956069999998e+008    1.499628349017e+006   -1.895522621325e+006    6.445847208326e+006   -6.289795062473e+003    3.475802971511e+003    2.479008452728e+003
2.803956680000002e+008    1.112849507441e+006   -1.679368742037e+006    6.582335732740e+006   -6.386694702747e+003    3.608442477615e+003    1.994311761114e+003
2.803957300000003e+008    7.145824897714e+005   -1.451893470731e+006    6.690467447282e+006   -6.455606059434e+003    3.726523975721e+003    1.492478834365e+003
2.803957899999999e+008    3.259663462932e+005   -1.225286082858e+006    6.765270884372e+006   -6.493615432235e+003    3.824199089133e+003    1.000104688088e+003
2.803958530000001e+008   -8.358487269653e+004   -9.815962324712e+005    6.811863650771e+006   -6.502905412102e+003    3.908763309422e+003    4.784331706625e+002
2.803959139999999e+008   -4.797703978420e+005   -7.411187281264e+005    6.825578486624e+006   -6.481961562504e+003    3.972707394687e+003   -2.892848426070e+001
2.803959779999998e+008   -8.930787032826e+005   -4.852298572936e+005    6.806689866401e+006   -6.428522009324e+003    4.020456738643e+003   -5.611337941495e+002
2.803960380000000e+008   -1.276555072391e+006   -2.431142176234e+005    6.758107035170e+006   -6.349400109167e+003    4.047014362694e+003   -1.057571839687e+003
2.803960989999998e+008   -1.660684058709e+006    4.121829813612e+003    6.678298971693e+006   -6.240370919507e+003    4.055926185846e+003   -1.557729373424e+003
2.803961590000000e+008   -2.031193744288e+006    2.472927833555e+005    6.570232529722e+006   -6.105482245435e+003    4.046751988937e+003   -2.043089809789e+003
2.804015080000000e+008    1.081789814615e+005   -1.095268277210e+006    6.794292678057e+006   -6.506804746876e+003    3.864605473063e+003    7.211697144389e+002
2.804015680000002e+008   -2.821799797478e+005   -8.611630059298e+005    6.822627371981e+006   -6.500492749891e+003    3.935994528286e+003    2.228821743737e+002
2.804016290000000e+008   -6.777706453854e+005   -6.192986498957e+005    6.820742905870e+006   -6.464871400187e+003    3.990930470331e+003   -2.847038407291e+002
2.804016890000002e+008   -1.063895804521e+006   -3.786597241074e+005    6.788705443498e+006   -6.401311948622e+003    4.027362201714e+003   -7.828461726816e+002
2.804017489999998e+008   -1.445364264743e+006   -1.363631143697e+005    6.726868445158e+006   -6.309727053159e+003    4.046173854341e+003   -1.277684929827e+003
2.804018089999999e+008   -1.820504713131e+006    1.065302279514e+005    6.635495641805e+006   -6.190451970402e+003    4.047257733824e+003   -1.767009569013e+003
2.804018690000002e+008   -2.187672715049e+006    3.489572903872e+005    6.514982808191e+006   -6.044029335461e+003    4.030619651698e+003   -2.248659204383e+003
2.804019289999997e+008   -2.545256694452e+006    5.898546571180e+005    6.365846272659e+006   -5.871099451359e+003    3.996297761982e+003   -2.720692789929e+003
2.804019889999999e+008   -2.891686098528e+006    8.281665018950e+005    6.188733430820e+006   -5.672346606534e+003    3.944443815639e+003   -3.180889202323e+003
2.804020490000001e+008   -3.225437410663e+006    1.062847048594e+006    5.984411755441e+006   -5.448654001710e+003    3.875297308192e+003   -3.627376990920e+003
2.804021090000003e+008   -3.545042210673e+006    1.292865012697e+006    5.753767809763e+006   -5.200930456850e+003    3.789086297499e+003   -4.057984663519e+003
2.804021689999999e+008   -3.849090778614e+006    1.517209271104e+006    5.497805753637e+006   -4.930282137793e+003    3.686218444437e+003   -4.471010398968e+003
2.804022290000001e+008   -4.136241435740e+006    1.734891632722e+006    5.217639858840e+006   -4.637881639678e+003    3.567124307222e+003   -4.864462266552e+003
2.804022890000003e+008   -4.405227997960e+006    1.944955837379e+006    4.914495021631e+006   -4.324937014044e+003    3.432279402106e+003   -5.236718276220e+003
2.804023489999998e+008   -4.654853671073e+006    2.146470028306e+006    4.589693252447e+006   -3.992858868723e+003    3.282298812876e+003   -5.586066101642e+003
2.804024090000001e+008   -4.884014441712e+006    2.338545346095e+006    4.244657214841e+006   -3.643049759936e+003    3.117824184638e+003   -5.910943428512e+003
2.804024690000002e+008   -5.091693495632e+006    2.520335032752e+006    3.880899416345e+006   -3.277072474296e+003    2.939564042681e+003   -6.209887678793e+003
2.804025289999998e+008   -5.276967465798e+006    2.691033775411e+006    3.500016918605e+006   -2.896478916772e+003    2.748264193298e+003   -6.481546290523e+003
2.804120979999999e+008    4.544946097929e+006   -3.358106386833e+006    3.937957287732e+006   -4.161942119689e+003    1.599622010997e+003    6.159144998052e+003
2.804121580000001e+008    4.285445864950e+006   -3.254834258664e+006    4.298575855955e+006   -4.484891776572e+003    1.841457458367e+003    5.857061315533e+003
2.804122179999997e+008    4.007153298517e+006   -3.137291151188e+006    4.640294139017e+006   -4.788069322564e+003    2.075142134857e+003    5.529375043145e+003
2.804122779999999e+008    3.711299302558e+006   -3.005997848163e+006    4.961616607468e+006   -5.070152581635e+003    2.299660013989e+003    5.177473984278e+003
2.804123380000001e+008    3.399181818483e+006   -2.861532127002e+006    5.261138120258e+006   -5.329967606502e+003    2.514030547138e+003    4.802896185411e+003
2.804123979999996e+008    3.072174190004e+006   -2.704531543886e+006    5.537548911012e+006   -5.566314592088e+003    2.717342392963e+003    4.407379654437e+003
2.804124579999999e+008    2.731710901993e+006   -2.535686710320e+006    5.789641111555e+006   -5.778286963247e+003    2.908695907188e+003    3.992602876922e+003
2.804125180000001e+008    2.379287138892e+006   -2.355739822347e+006    6.016313252710e+006   -5.964891866597e+003    3.087268783905e+003    3.560424201866e+003
2.804125780000002e+008    2.016446824306e+006   -2.165480612550e+006    6.216575783955e+006   -6.125360528894e+003    3.252297692624e+003    3.112672345636e+003
2.804126379999998e+008    1.644781805441e+006   -1.965744610136e+006    6.389556574842e+006   -6.258996930926e+003    3.403067529227e+003    2.651316145431e+003
2.804126980000000e+008    1.265918669726e+006   -1.757406831465e+006    6.534499436741e+006   -6.365197284335e+003    3.538917126854e+003    2.178414591174e+003
2.804127580000002e+008    8.815161743397e+005   -1.541379828398e+006    6.650774127128e+006   -6.443577890869e+003    3.659272979255e+003    1.695977034952e+003
2.804128179999998e+008    4.932561998975e+005   -1.318608656297e+006    6.737865864529e+006   -6.493756898481e+003    3.763620195532e+003    1.206092834689e+003
2.804128780000000e+008    1.028378376064e+005   -1.090068794518e+006    6.795397338266e+006   -6.515502982170e+003    3.851491309127e+003    7.109315955793e+002
2.804129380000002e+008   -2.880311634500e+005   -8.567597588857e+005    6.823114222653e+006   -6.508762179307e+003    3.922528301946e+003    2.126532165015e+002
2.804129979999998e+008   -6.776405219674e+005   -6.197026569257e+005    6.820893687089e+006   -6.473518133043e+003    3.976404408721e+003   -2.866423410930e+002
2.804130579999999e+008   -1.064285207097e+006   -3.799332164932e+005    6.788739409042e+006   -6.409954049950e+003    4.012903552565e+003   -7.847247857041e+002
2.804131180000001e+008   -1.446271523531e+006   -1.385015930534e+005    6.726788083968e+006   -6.318320494189e+003    4.031824666738e+003   -1.279533715742e+003
2.804131779999997e+008   -1.821925851413e+006    1.035360512362e+005    6.635304439915e+006   -6.198968941404e+003    4.033080453754e+003   -1.768788559850e+003
2.804132379999999e+008   -2.189600979524e+006    3.451193175405e+005    6.514681747915e+006   -6.052444495509e+003    4.016688684253e+003   -2.250448427044e+003
2.804132980000001e+008   -2.547684235431e+006    5.851901045368e+005    6.365441835514e+006   -5.879351919727e+003    3.982678312006e+003   -2.722372328600e+003
2.804133580000003e+008   -2.894602943641e+006    8.226956334949e+005    6.188230595789e+006   -5.680433560852e+003    3.931216547567e+003   -3.182529045673e+003
2.804134179999999e+008   -3.228831409956e+006    1.056593341611e+006    5.983813998935e+006   -5.456493459744e+003    3.862454500021e+003   -3.628857259722e+003
2.804134780000001e+008   -3.548899527298e+006    1.285857552099e+006    5.753082606581e+006   -5.208541104451e+003    3.776786986795e+003   -4.059395306782e+003
2.804135380000002e+008   -3.853396226421e+006    1.509479896933e+006    5.497038077408e+006   -4.937646511965e+003    3.674466025638e+003   -4.472281431106e+003
2.804135979999998e+008   -4.140977220821e+006    1.726475725930e+006    5.216795680049e+006   -4.644915555176e+003    3.555987349915e+003   -4.865713807456e+003
2.804136580000000e+008   -4.410371337421e+006    1.935888944680e+006    4.913577303607e+006   -4.331618472327e+003    3.421825625433e+003   -5.237880344086e+003
2.804137180000002e+008   -4.660386008741e+006    2.136795891319e+006    4.588707966764e+006   -3.999157235105e+003    3.272546326526e+003   -5.587178730987e+003
2.804137779999998e+008   -4.889912823323e+006    2.328308408011e+006    4.243609326944e+006   -3.648947053524e+003    3.108810856724e+003   -5.911876632030e+003
2.804138379999999e+008   -5.097933325962e+006    2.509582157093e+006    3.879793690127e+006   -3.282510486028e+003    2.931334540020e+003   -6.210771534635e+003
2.804138980000002e+008   -5.283520352877e+006    2.679812864726e+006    3.498860712845e+006   -2.901449256480e+003    2.740874058832e+003   -6.482370795125e+003
2.804139579999997e+008   -5.445850635134e+006    2.838246891543e+006    3.102481923150e+006   -2.507481546744e+003    2.538247908183e+003   -6.725431577820e+003
2.804140179999999e+008   -5.584195546595e+006    2.984180556610e+006    2.692400705533e+006   -2.102326031430e+003    2.324367364686e+003   -6.938901042241e+003
2.804140780000001e+008   -5.697936990534e+006    3.116965225748e+006    2.270423826993e+006   -1.687690412730e+003    2.100124590548e+003   -7.121806366781e+003
2.804141380000003e+008   -5.786568977022e+006    3.236015555598e+006    1.838414039969e+006   -1.265557455125e+003    1.866639329281e+003   -7.273244271864e+003
2.804141979999999e+008   -5.849688069902e+006    3.340796857138e+006    1.398275066198e+006   -8.377241853818e+002    1.624821244000e+003   -7.392571790218e+003
2.804142580000001e+008   -5.887015781052e+006    3.430848636443e+006    9.519547342352e+005   -4.060740599512e+002    1.375780853340e+003   -7.479265804867e+003
2.804143180000003e+008   -5.898380095513e+006    3.505769120268e+006    5.014243486514e+005    2.739785351638e+001    1.120636289037e+003   -7.532843016952e+003
2.804143779999998e+008   -5.883727402862e+006    3.565225222402e+006    4.867660990123e+004    4.608359106299e+002    8.605122527190e+002   -7.553170354694e+003
2.804144380000001e+008   -5.843120736652e+006    3.608955108864e+006   -4.042866884431e+005    8.922383010110e+002    5.966033011889e+002   -7.540044505189e+003
2.804144980000002e+008   -5.776737666054e+006    3.636763894918e+006   -8.554616633326e+005    1.319687621465e+003    3.300453054390e+002   -7.493572296041e+003
2.804145579999998e+008   -5.684872602759e+006    3.648530342607e+006   -1.302852138196e+006    1.741294459916e+003    6.207128373462e+001   -7.413950596094e+003
2.804146180000000e+008   -5.567933257568e+006    3.644204111609e+006   -1.744480248848e+006    2.155215767729e+003   -2.061924858963e+002   -7.301556354828e+003
2.804146780000002e+008   -5.426438998126e+006    3.623807154747e+006   -2.178393846112e+006    2.559525569622e+003   -4.734662750173e+002   -7.156896379932e+003
2.804147379999998e+008   -5.261018661034e+006    3.587432083724e+006   -2.602675499472e+006    2.952434250375e+003   -7.385510717583e+002   -6.980617704937e+003
2.804147979999999e+008   -5.072406600671e+006    3.535242884662e+006   -3.015451903481e+006    3.332308519502e+003   -1.000403345111e+003   -6.773527625157e+003
2.804148580000001e+008   -4.861440351598e+006    3.467474027371e+006   -3.414902681624e+006    3.697320294465e+003   -1.257696761778e+003   -6.536583106164e+003
2.804149179999997e+008   -4.629059506895e+006    3.384432719815e+006   -3.799268688052e+006    4.045899306131e+003   -1.509371059593e+003   -6.270881545526e+003
2.804149779999999e+008   -4.376290931536e+006    3.286481529498e+006   -4.166854032451e+006    4.376529804006e+003   -1.754296936144e+003   -5.977540426421e+003
2.804150380000001e+008   -4.104258319498e+006    3.174065673394e+006   -4.516046363264e+006    4.687851557928e+003   -1.991459370018e+003   -5.657927490725e+003
2.804234379999998e+008    4.669834217876e+006   -3.391991636984e+006    3.758751890579e+006   -4.004204379329e+003    1.471888320298e+003    6.294469057999e+003
2.804234980000000e+008    4.419515167709e+006   -3.296299492857e+006    4.127876768321e+006   -4.336664936955e+003    1.716571775248e+003    6.005190559101e+003
2.804235580000002e+008    4.149814170444e+006   -3.186151197525e+006    4.478848002803e+006   -4.649893636970e+003    1.953636806278e+003    5.689630388887e+003
2.804236179999998e+008    3.861918853027e+006   -3.062034023508e+006    4.810127937443e+006   -4.942988577207e+003    2.182002018817e+003    5.349067033365e+003
2.804236780000000e+008    3.557096734805e+006   -2.924497031583e+006    5.120267483043e+006   -5.214065861053e+003    2.400798791909e+003    4.985157391135e+003
2.804237380000002e+008    3.236688481030e+006   -2.774146402536e+006    5.407908928990e+006   -5.462301549645e+003    2.609002202813e+003    4.599400077961e+003
2.804237979999998e+008    2.902102062298e+006   -2.611644335161e+006    5.671794952815e+006   -5.686535872375e+003    2.805693650423e+003    4.193573168470e+003
2.804238579999999e+008    2.554806185784e+006   -2.437705495807e+006    5.910775131057e+006   -5.885805346726e+003    2.990072824066e+003    3.769395061911e+003
2.804239180000001e+008    2.196324454190e+006   -2.253094084921e+006    6.123802948893e+006   -6.059260956873e+003    3.161324630919e+003    3.328894343529e+003
2.804239779999997e+008    1.828228190012e+006   -2.058620525277e+006    6.309950311982e+006   -6.206162015611e+003    3.318705088431e+003    2.873709777518e+003
2.804240379999999e+008    1.452130032359e+006   -1.855137562611e+006    6.468406057062e+006   -6.325911500390e+003    3.461545239787e+003    2.406100366024e+003
2.804240980000001e+008    1.069676131961e+006   -1.643536349676e+006    6.598474464820e+006   -6.417928526020e+003    3.589193432946e+003    1.927995137811e+003
2.804241580000003e+008    6.825415205788e+005   -1.424744074281e+006    6.699590267555e+006   -6.481881240632e+003    3.701154801810e+003    1.441293533826e+003
2.804242179999999e+008    2.924204876964e+005   -1.199718075844e+006    6.771308165086e+006   -6.517461473439e+003    3.796932309892e+003    9.483350340377e+002
2.804242780000001e+008   -9.898069944872e+004   -9.694425324141e+005    6.813315836763e+006   -6.524540944710e+003    3.876056551470e+003    4.512594120592e+002
2.804243380000002e+008   -4.899481057293e+005   -7.349261863018e+005    6.825426448570e+006   -6.503024519515e+003    3.938243913401e+003   -4.782349623162e+001
2.804243979999998e+008   -8.787717761575e+005   -4.971935825426e+005    6.807583172479e+006   -6.453069327388e+003    3.983212387264e+003   -5.467734444577e+002
2.804244580000000e+008   -1.263748713827e+006   -2.572850158266e+005    6.759858191293e+006   -6.374843441174e+003    4.010772839721e+003   -1.043430164225e+003
2.804245180000002e+008   -1.643192702944e+006   -1.624967752728e+004    6.682458714944e+006   -6.268710733905e+003    4.020745388175e+003   -1.535663068240e+003
2.804245779999998e+008   -2.015440417065e+006    2.248566823313e+005    6.575714490518e+006   -6.135059536246e+003    4.013132218450e+003   -2.021241521090e+003
2.804246379999999e+008   -2.378860027700e+006    4.649782946504e+005    6.440085816561e+006   -5.974527912650e+003    3.987925966687e+003   -2.498024481659e+003
2.804246980000002e+008   -2.731855404062e+006    7.030622008714e+005    6.276159550040e+006   -5.787736211005e+003    3.945262688637e+003   -2.964160931590e+003
2.804247579999997e+008   -3.072875181893e+006    9.380650445693e+005    6.084644121386e+006   -5.575494534441e+003    3.885246907902e+003   -3.417329544651e+003
2.804248179999999e+008   -3.400419076559e+006    1.168954085581e+006    5.866371044815e+006   -5.338692531267e+003    3.808200046489e+003   -3.855728856146e+003
2.804248780000001e+008   -3.713044195837e+006    1.394714708259e+006    5.622288928925e+006   -5.078360889437e+003    3.714363780692e+003   -4.277337175271e+003
2.804249380000003e+008   -4.009371393546e+006    1.614353871084e+006    5.353459987179e+006   -4.795592647615e+003    3.604191052403e+003   -4.680362700604e+003
2.804249979999999e+008   -4.288090801263e+006    1.826903278726e+006    5.061055547039e+006   -4.491655764013e+003    3.478134573800e+003   -5.062903346072e+003
2.804250580000001e+008   -4.547970763603e+006    2.031427044825e+006    4.746354564846e+006   -4.167833731358e+003    3.336745426772e+003   -5.423286996240e+003
2.804251180000003e+008   -4.787859303751e+006    2.227021302868e+006    4.410732628163e+006   -3.825499113669e+003    3.180591843493e+003   -5.760021390278e+003
2.804251779999998e+008   -5.006690440265e+006    2.412819944393e+006    4.055658466305e+006   -3.466249962959e+003    3.010434455597e+003   -6.071363891598e+003
2.804252380000001e+008   -5.203496532707e+006    2.588006510325e+006    3.682693970955e+006   -3.091496033136e+003    2.826886699757e+003   -6.356202177423e+003
2.804252980000002e+008   -5.377396406220e+006    2.751799701331e+006    3.293472176159e+006   -2.703011399727e+003    2.630838986624e+003   -6.613083319451e+003
2.804253579999998e+008   -5.527616374343e+006    2.903474993377e+006    2.889706993508e+006   -2.302479838097e+003    2.423128987265e+003   -6.840814539042e+003
2.804254180000000e+008   -5.653486645552e+006    3.042361778691e+006    2.473176406136e+006   -1.891595265751e+003    2.204648710607e+003   -7.038443038979e+003
2.804254780000002e+008   -5.754441206768e+006    3.167839332526e+006    2.045716468340e+006   -1.472309957238e+003    1.976381417747e+003   -7.204995597692e+003
2.804255379999998e+008   -5.830030053248e+006    3.279354382525e+006    1.609213426250e+006   -1.046399064895e+003    1.739361954807e+003   -7.339759279814e+003
2.804255979999999e+008   -5.879911613789e+006    3.376409142439e+006    1.165594904950e+006   -6.157343630473e+002    1.494576414670e+003   -7.442090995144e+003
2.804256580000001e+008   -5.903861328749e+006    3.458573546044e+006    7.168213229683e+005   -1.823045429143e+002    1.243200525215e+003   -7.511517455043e+003
2.804257179999997e+008   -5.901768810019e+006    3.525482105981e+006    2.648770875031e+005    2.519929371203e+002    9.862812011547e+002   -7.547725525343e+003
2.804257779999999e+008   -5.873641203441e+006    3.576838816428e+006   -1.882388999086e+005    6.852152795917e+002    7.249819940129e+002   -7.550551993136e+003
2.804258380000001e+008   -5.819601674779e+006    3.612416230723e+006   -6.405222459092e+005    1.115421148994e+003    4.604958183675e+002   -7.519973646812e+003
2.804258979999996e+008   -5.739888806125e+006    3.632057544737e+006   -1.089971466225e+006    1.540673474091e+003    1.939784121875e+002   -7.456117283628e+003
2.804259579999999e+008   -5.634855165792e+006    3.635676357231e+006   -1.534599088022e+006    1.959104163940e+003   -7.334370838184e+001   -7.359309810189e+003
2.804260180000001e+008   -5.504969646267e+006    3.623261243073e+006   -1.972439245911e+006    2.368833765791e+003   -3.403340584686e+002   -7.229958118832e+003
2.804260780000002e+008   -5.350806607123e+006    3.594867287913e+006   -2.401556400008e+006    2.768045553891e+003   -6.057738481656e+002   -7.068669200545e+003
2.804261379999998e+008   -5.173053012990e+006    3.550625034686e+006   -2.820056123935e+006    3.154879947647e+003   -8.684228882287e+002   -6.876179975877e+003
2.804261980000000e+008   -4.972498053999e+006    3.490731897242e+006   -3.226091422105e+006    3.527757825788e+003   -1.127184997137e+003   -6.653347828271e+003
2.804262580000002e+008   -4.750033640980e+006    3.415460055168e+006   -3.617871428577e+006    3.884956568387e+003   -1.380905945034e+003   -6.401179905390e+003
2.804263179999998e+008   -4.506645576737e+006    3.325142578849e+006   -3.993671722059e+006    4.224945130036e+003   -1.628461036846e+003   -6.120873668148e+003
2.804263780000000e+008   -4.243415895922e+006    3.220186245399e+006   -4.351838621533e+006    4.546183267545e+003   -1.868770317232e+003   -5.813636564572e+003
2.804264369999999e+008   -3.966353637642e+006    3.103155511028e+006   -4.685314027058e+006    4.842419260353e+003   -2.096905278694e+003   -5.486608214446e+003
