2.823560969999997e+008    5.511440327492e+006   -1.400554558832e+006    3.882118013948e+006   -4.413540378945e+003   -1.006757589155e+002    6.194059747697e+003
2.823561569999999e+008    5.234721833084e+006   -1.403514073956e+006    4.244941827081e+006   -4.807004499493e+003    2.003393661843e+000    5.895655812746e+003
2.823562170000001e+008    4.935019904229e+006   -1.400311413504e+006    4.589077085650e+006   -5.179490857396e+003    1.046847146090e+002    5.571207641853e+003
2.823562769999997e+008    4.613641004160e+006   -1.390959174114e+006    4.912998457106e+006   -5.529193540936e+003    2.069019453136e+002    5.222212270046e+003
2.823563369999999e+008    4.272001715666e+006   -1.375497808568e+006    5.215284128142e+006   -5.854583550682e+003    3.082207722042e+002    4.850307185547e+003
2.823563970000001e+008    3.911598500404e+006   -1.353995741433e+006    5.494598653979e+006   -6.154382537711e+003    4.081884401873e+002    4.456870284013e+003
2.823564570000002e+008    3.534013946762e+006   -1.326546086668e+006    5.749711448347e+006   -6.427155180158e+003    5.064014029880e+002    4.043769208129e+003
2.823565169999998e+008    3.140904414764e+006   -1.293270200228e+006    5.979493803465e+006   -6.671680384842e+003    6.023606444709e+002    3.612861945282e+003
2.823565770000000e+008    2.733995213315e+006   -1.254312013096e+006    6.182933898186e+006   -6.886965788934e+003    6.956978202798e+002    3.165976861992e+003
2.823566370000002e+008    2.315073759622e+006   -1.209842730184e+006    6.359131308917e+006   -7.071989201862e+003    7.859852595747e+002    2.705082273467e+003
2.823566969999998e+008    1.885977410898e+006   -1.160057335806e+006    6.507304029642e+006   -7.225972126940e+003    8.728493165011e+002    2.232196894895e+003
2.823567570000000e+008    1.448591265582e+006   -1.105172884847e+006    6.626794475584e+006   -7.348225110293e+003    9.558675735954e+002    1.749329584284e+003
2.823568170000002e+008    1.004836196742e+006   -1.045429867184e+006    6.717071502663e+006   -7.438199463071e+003    1.034728171367e+003    1.258669434671e+003
2.823568769999998e+008    5.566624737957e+005   -9.810899948205e+005    6.777727917988e+006   -7.495466139291e+003    1.109055110247e+003    7.624157311027e+002
2.823569369999999e+008    1.060402353215e+005   -9.124349673140e+005    6.808493995475e+006   -7.519780618001e+003    1.178526980961e+003    2.626380619245e+002
2.823569970000001e+008   -3.450481104764e+005   -8.397654521414e+005    6.809218488254e+006   -7.511015046228e+003    1.242820267082e+003   -2.384637942294e+002
2.823570569999997e+008   -7.946183423931e+005   -7.634001035951e+005    6.779894645806e+006   -7.469167214159e+003    1.301656189905e+003   -7.386798517162e+002
2.823571169999999e+008   -1.240690825109e+006   -6.836734467186e+005    6.720641224465e+006   -7.394431161631e+003    1.354818530180e+003   -1.235709801795e+003
2.823571770000001e+008   -1.681299479566e+006   -6.009359995148e+005    6.631708002048e+006   -7.287091508917e+003    1.401997066994e+003   -1.727643193054e+003
2.823572370000003e+008   -2.114500013330e+006   -5.155515455301e+005    6.513477291411e+006   -7.147617604524e+003    1.443025826750e+003   -2.211969265176e+003
2.823572969999999e+008   -2.538381041863e+006   -4.278951144839e+005    6.366459458666e+006   -6.976579986798e+003    1.477697607381e+003   -2.686817095678e+003
2.823573570000001e+008   -2.951070758741e+006   -3.383514686480e+005    6.191294934136e+006   -6.774677808441e+003    1.505881188738e+003   -3.149875548140e+003
2.823574170000002e+008   -3.350743167025e+006   -2.473161690174e+005    5.988744722452e+006   -6.542831816777e+003    1.527427715052e+003   -3.599303126288e+003
2.823574769999998e+008   -3.735629726202e+006   -1.551892511185e+005    5.759695421852e+006   -6.281993973003e+003    1.542246271912e+003   -4.032958279774e+003
2.823575370000000e+008   -4.104025412061e+006   -6.237714542526e+004    5.505147733958e+006   -5.993339211972e+003    1.550270461170e+003   -4.448839093682e+003
2.823575970000002e+008   -4.454296101199e+006    3.071041700253e+004    5.226220475965e+006   -5.678066665006e+003    1.551446134899e+003   -4.845273613487e+003
2.823576569999998e+008   -4.784887750361e+006    1.236618519450e+005    4.924140095672e+006   -5.337599842547e+003    1.545746004999e+003   -5.220359517194e+003
2.823577169999999e+008   -5.094332185726e+006    2.160674802568e+005    4.600235181090e+006   -4.973379508031e+003    1.533199535684e+003   -5.572494452341e+003
2.823577770000002e+008   -5.381253134861e+006    3.075170873317e+005    4.255935970162e+006   -4.587095564149e+003    1.513925236054e+003   -5.899945655772e+003
2.823578369999998e+008   -5.644376073180e+006    3.976073346530e+005    3.892761867161e+006   -4.180403933438e+003    1.487924056148e+003   -6.201390425897e+003
2.823578969999999e+008   -5.882528600550e+006    4.859391034857e+005    3.512317443169e+006   -3.755102765476e+003    1.455323442791e+003   -6.475365822944e+003
2.823579570000001e+008   -6.094651461719e+006    5.721189931468e+005    3.116289654120e+006   -3.313062707070e+003    1.416286444660e+003   -6.720668787547e+003
2.823580170000003e+008   -6.279803037113e+006    6.557688476381e+005    2.706432548556e+006   -2.856355674107e+003    1.370943794048e+003   -6.936175933781e+003
2.823580769999999e+008   -6.437157504336e+006    7.365138725231e+005    2.284562264060e+006   -2.386920529055e+003    1.319526872702e+003   -7.120924088040e+003
2.823581370000001e+008   -6.566021440542e+006    8.140013127273e+005    1.852553055217e+006   -1.906925485677e+003    1.262329489217e+003   -7.274049699846e+003
2.823581970000003e+008   -6.665819268534e+006    8.878828248471e+005    1.412319969016e+006   -1.418495699149e+003    1.199489943414e+003   -7.394919296668e+003
2.823582569999998e+008   -6.736119401473e+006    9.578372791785e+005    9.658212885828e+005   -9.238864829873e+002    1.131369679501e+003   -7.482899183003e+003
2.823583170000001e+008   -6.776606079931e+006    1.023551245049e+006    5.150347862897e+005   -4.252053266185e+002    1.058231169238e+003   -7.537725909597e+003
2.823583770000002e+008   -6.787112497446e+006    1.084736394436e+006    6.196377861814e+004    7.510773911170e+001    9.805144381815e+002   -7.559045476278e+003
2.823584369999998e+008   -6.767598141287e+006    1.141125023200e+006   -3.913819110286e+005    5.750493111755e+002    8.984201061831e+002   -7.546874606788e+003
2.823584970000000e+008   -6.718161352521e+006    1.192468001701e+006   -8.429926319489e+005    1.072205659903e+003    8.124001968501e+002   -7.501249343709e+003
2.823585570000002e+008   -6.639031935882e+006    1.238540341644e+006   -1.290867617935e+006    1.564417094974e+003    7.228162336948e+002   -7.422416148449e+003
2.823586169999998e+008   -6.530574076699e+006    1.279142029775e+006   -1.733024982486e+006    2.049485137512e+003    6.300887285337e+002   -7.310731416446e+003
2.823586769999999e+008   -6.393281524725e+006    1.314096137675e+006   -2.167510226763e+006    2.525217964477e+003    5.346209508750e+002   -7.166761555055e+003
2.823587370000002e+008   -6.227778307724e+006    1.343252242622e+006   -2.592404738266e+006    2.989490788527e+003    4.368956418236e+002   -6.991193077248e+003
2.823587969999997e+008   -6.034811050007e+006    1.366485193755e+006   -3.005836303432e+006    3.440289986171e+003    3.373211315635e+002   -6.784812680931e+003
2.823588569999999e+008   -5.815249090828e+006    1.383696461757e+006   -3.405985207383e+006    3.875660924344e+003    2.362583603470e+002   -6.548597162694e+003
2.823589170000001e+008   -5.570079081175e+006    1.394814918107e+006   -3.791094742708e+006    4.293630706486e+003    1.342655300283e+002   -6.283673280030e+003
2.823589769999997e+008   -5.300399464926e+006    1.399796374612e+006   -4.159476218488e+006    4.692394403118e+003    3.175814833772e+001   -5.991208071198e+003
2.823590369999999e+008   -5.007413312248e+006    1.398621855737e+006   -4.509518972080e+006    5.070184068027e+003   -7.080131605267e+001   -5.672598632773e+003
2.823590970000001e+008   -4.692428811475e+006    1.391305251060e+006   -4.839694867943e+006    5.425414640270e+003   -1.729545069909e+002   -5.329262359744e+003
2.823665989999998e+008    6.444571015727e+006   -7.178642877421e+005   -2.350279857814e+006    2.427879507532e+003   -1.315860089701e+003    7.075585017990e+003
2.823666590000001e+008    6.576040216719e+006   -7.951885862184e+005   -1.920900142051e+006    1.952744907204e+003   -1.260681074544e+003    7.231862951210e+003
2.823667190000002e+008    6.678731333770e+006   -8.690326375543e+005   -1.483091403656e+006    1.468868887859e+003   -1.199943111939e+003    7.356465377715e+003
2.823667789999998e+008    6.752181721851e+006   -9.390729650442e+005   -1.038771374235e+006    9.784601190733e+002   -1.133910968456e+003    7.448798681153e+003
2.823668390000000e+008    6.796060453953e+006   -1.005000165932e+006   -5.898894009681e+005    4.835468818854e+002   -1.062874351409e+003    7.508459538415e+003
2.823668990000002e+008    6.810162087709e+006   -1.066524563050e+006   -1.384163367125e+005   -1.365402000369e+001   -9.871717031328e+002    7.535134316565e+003
2.823669589999998e+008    6.794416834877e+006   -1.123375015871e+006    3.136645434794e+005   -5.110123821428e+002   -9.071045893835e+002    7.528729525961e+003
2.823670189999999e+008    6.748882151832e+006   -1.175299282791e+006    7.643670560666e+005   -1.006247071533e+003   -8.230663338493e+002    7.489181426280e+003
2.823670790000001e+008    6.673747083627e+006   -1.222069704544e+006    1.211706601659e+006   -1.497222930267e+003   -7.353873936810e+002    7.416676518656e+003
2.823671389999997e+008    6.569339336755e+006   -1.263480568435e+006    1.653715753624e+006   -1.981748588086e+003   -6.444665690016e+002    7.311551209348e+003
2.823671989999999e+008    6.436105200920e+006   -1.299347690579e+006    2.088448590864e+006   -2.457703131542e+003   -5.506844608356e+002    7.174222020483e+003
2.823672590000001e+008    6.274625734597e+006   -1.329512652774e+006    2.513989871209e+006   -2.922989218618e+003   -4.544565557678e+002    7.005285511132e+003
2.823673219999998e+008    6.075450624207e+006   -1.354903975098e+006    2.948865789141e+006   -3.397669638232e+003   -3.512985986485e+002    6.794704615432e+003
2.823673819999999e+008    5.858400106918e+006   -1.372990210466e+006    3.349758981760e+006   -3.834562271484e+003   -2.514459409477e+002    6.563451893037e+003
2.823674420000001e+008    5.615630002460e+006   -1.385049476070e+006    3.735901907250e+006   -4.254795280196e+003   -1.504423153262e+002    6.303252016619e+003
2.823675020000004e+008    5.348202826982e+006   -1.391026928754e+006    4.105594333216e+006   -4.656230652066e+003   -4.879708356742e+001    6.015301474914e+003
2.823675619999999e+008    5.057287104962e+006   -1.390896126204e+006    4.457206653017e+006   -5.037358098561e+003    5.307473098882e+001    5.700787785207e+003
2.823676220000001e+008    4.744160697136e+006   -1.384656417981e+006    4.789189680475e+006   -5.396365660262e+003    1.547465084730e+002    5.361197972447e+003
2.823677110000002e+008    4.241741845255e+006   -1.364216018335e+006    5.242368351414e+006   -5.884832857476e+003    3.041673849987e+002    4.814361422317e+003
2.823677750000000e+008    3.854824977916e+006   -1.341353950496e+006    5.537094024210e+006   -6.201252683119e+003    4.098982266247e+002    4.391942235390e+003
2.823678350000002e+008    3.474553176673e+006   -1.313829864366e+006    5.788218531941e+006   -6.469807352374e+003    5.071773090475e+002    3.975834562271e+003
2.823678949999998e+008    3.079015869961e+006   -1.280533233171e+006    6.013841694932e+006   -6.709948583584e+003    6.022425375445e+002    3.542170409065e+003
2.823679550000000e+008    2.669948936943e+006   -1.241610107518e+006    6.212965673209e+006   -6.920630903693e+003    6.946590960936e+002    3.092848051057e+003
2.823680150000002e+008    2.249148985684e+006   -1.197230301551e+006    6.384711026684e+006   -7.100934989974e+003    7.840442789182e+002    2.629835971928e+003
2.823680749999998e+008    1.818463441369e+006   -1.147588853089e+006    6.528314231248e+006   -7.249983857939e+003    8.699926771388e+002    2.155212723446e+003
2.823681349999999e+008    1.379783544476e+006   -1.092902099704e+006    6.643137690397e+006   -7.367267895521e+003    9.521455802522e+002    1.670987458857e+003
2.823681950000001e+008    9.350378409858e+005   -1.033410452604e+006    6.728674745720e+006   -7.452150049479e+003    1.030099176846e+003    1.179169121289e+003
2.823682549999997e+008    4.861800884578e+005   -9.693743936415e+005    6.784537196810e+006   -7.504289869651e+003    1.103572644326e+003    6.821971442900e+002
2.823683149999999e+008    3.518387905856e+004   -9.010743247604e+005    6.810473310059e+006   -7.523433000915e+003    1.172205749756e+003    1.820210973318e+002
2.823683750000001e+008   -4.159676109716e+005   -8.288090927599e+005    6.806357835447e+006   -7.509445773954e+003    1.235689785176e+003   -3.191192503399e+002
2.823684350000003e+008   -8.652885365780e+005   -7.528959199406e+005    6.772202017833e+006   -7.462429944460e+003    1.293761986195e+003   -8.190437432527e+002
2.823684949999999e+008   -1.310799858321e+006   -6.736672719758e+005    6.708147112558e+006   -7.382489241349e+003    1.346169974622e+003   -1.315322221877e+003
2.823685550000001e+008   -1.750537687461e+006   -5.914710554679e+005    6.614465899054e+006   -7.270055391042e+003    1.392633154112e+003   -1.806193993843e+003
2.823686150000002e+008   -2.182562693583e+006   -5.066686738582e+005    6.491559696276e+006   -7.125522758553e+003    1.432988539240e+003   -2.289178421042e+003
2.823686749999998e+008   -2.604967751423e+006   -4.196325611419e+005    6.339960875311e+006   -6.949496430089e+003    1.467075398384e+003   -2.762284522120e+003
2.823687350000000e+008   -3.015886216569e+006   -3.307459995269e+005    6.160329872876e+006   -6.742760561983e+003    1.494674615467e+003   -3.223301026115e+003
2.823687950000002e+008   -3.413501030370e+006   -2.403995882743e+005    5.953446706339e+006   -6.506202269313e+003    1.515691676204e+003   -3.670286488367e+003
2.823688549999998e+008   -3.796051582850e+006   -1.489918035410e+005    5.720216984897e+006   -6.240808088907e+003    1.530040806220e+003   -4.101189301422e+003
2.823689149999999e+008   -4.161842658008e+006   -5.692589247185e+004    5.461662424311e+006   -5.947749033333e+003    1.537623201538e+003   -4.514117557682e+003
2.823689750000002e+008   -4.509253197636e+006    3.539208758626e+004    5.178918861295e+006   -5.628323410057e+003    1.538431991935e+003   -4.907209137404e+003
2.823690349999997e+008   -4.836740414682e+006    1.275541543927e+005    4.873228760267e+006   -5.283903077028e+003    1.532446427168e+003   -5.278681801601e+003
2.823690949999999e+008   -5.142849655101e+006    2.191529044211e+005    4.545939729558e+006   -4.915980029527e+003    1.519683070299e+003   -5.626903113632e+003
2.823691550000001e+008   -5.426219571697e+006    3.097830472038e+005    4.198494029917e+006   -4.526207924455e+003    1.500161326661e+003   -5.950340373061e+003
2.823692150000003e+008   -5.685590007790e+006    3.990433687652e+005    3.832426787470e+006   -4.116249785037e+003    1.474031857547e+003   -6.247480857765e+003
2.823692749999999e+008   -5.919806985690e+006    4.865383812223e+005    3.449358201931e+006   -3.688082925198e+003    1.441359543963e+003   -6.516831337015e+003
2.823693350000001e+008   -6.127832021448e+006    5.718822703654e+005    3.050985261986e+006   -3.243484355274e+003    1.402323878826e+003   -6.757398901911e+003
2.823693950000003e+008   -6.308733402461e+006    6.546930916257e+005    2.639070230765e+006   -2.784426634888e+003    1.357031728749e+003   -6.968000327753e+003
2.823694549999998e+008   -6.461713796159e+006    7.346078926477e+005    2.215442891632e+006   -2.313046453213e+003    1.305769917100e+003   -7.147662113517e+003
2.823695150000001e+008   -6.586092891502e+006    8.112703555472e+005    1.781981919238e+006   -1.831397138722e+003    1.248694024264e+003   -7.295660900861e+003
2.823695750000002e+008   -6.681320774834e+006    8.843426163720e+005    1.340612201924e+006   -1.341719657527e+003    1.186127805419e+003   -7.411203016959e+003
2.823695969999997e+008   -6.708846422297e+006    9.101716118892e+005    1.177181267730e+006   -1.160520986726e+003    1.161868004956e+003   -7.445369873592e+003
