2.824010969999999e+008    6.780753577857e+006   -1.107256540708e+006    5.635096407455e+005   -7.797915997186e+002   -8.661100254667e+002    7.510533143465e+003
2.824011570000001e+008    6.719131943936e+006   -1.156757651809e+006    1.012572894394e+006   -1.273461986874e+003   -7.833052701735e+002    7.452723275431e+003
2.824012170000003e+008    6.628047912745e+006   -1.201184286073e+006    1.457183701948e+006   -1.761666749869e+003   -6.970819003729e+002    7.362164593154e+003
2.824012769999999e+008    6.507884895549e+006   -1.240343306230e+006    1.895383443286e+006   -2.242271932435e+003   -6.077562282702e+002    7.239153596721e+003
2.824013370000001e+008    6.359170466220e+006   -1.274059101704e+006    2.325246562041e+006   -2.713115544911e+003   -5.157447261950e+002    7.084306736197e+003
2.824013970000003e+008    6.182547677892e+006   -1.302184371574e+006    2.744876111944e+006   -3.172162379071e+003   -4.214560970512e+002    6.898210669084e+003
2.824014569999998e+008    5.978788650439e+006   -1.324594386780e+006    3.152424634927e+006   -3.617362359316e+003   -3.253030192620e+002    6.681742028828e+003
2.824015170000001e+008    5.748784080259e+006   -1.341189863295e+006    3.546096078126e+006   -4.046679205395e+003   -2.277149696031e+002    6.435817470709e+003
2.824015770000002e+008    5.493541639473e+006   -1.351896499205e+006    3.924158496543e+006   -4.458373284022e+003   -1.291018042961e+002    6.161504135679e+003
2.824016369999998e+008    5.214175639469e+006   -1.356668143333e+006    4.284939369770e+006   -4.850441985834e+003   -2.994347169422e+001    5.860078732194e+003
2.824016970000000e+008    4.911913679316e+006   -1.355481894351e+006    4.626852591402e+006   -5.221305572075e+003    6.937476067690e+001    5.532778663802e+003
2.824017570000002e+008    4.588078610652e+006   -1.348344504784e+006    4.948388798182e+006   -5.569211342181e+003    1.684072941456e+002    5.181131049145e+003
2.824018169999998e+008    4.244094605334e+006   -1.335284535414e+006    5.248130660481e+006   -5.892720528440e+003    2.667043182565e+002    4.806613519381e+003
2.824018769999999e+008    3.881468498032e+006   -1.316359877020e+006    5.524757712426e+006   -6.190376448206e+003    3.638175963580e+002    4.410893676763e+003
2.824019370000002e+008    3.501791430788e+006   -1.291653337290e+006    5.777048349431e+006   -6.460873435982e+003    4.593730674203e+002    3.995689373766e+003
2.824019969999997e+008    3.106730367213e+006   -1.261272740960e+006    6.003888842060e+006   -6.703004571579e+003    5.528614053106e+002    3.562858618033e+003
2.824020569999999e+008    2.698019249732e+006   -1.225350847439e+006    6.204276350482e+006   -6.915721470862e+003    6.440003095975e+002    3.114259686784e+003
2.824021170000001e+008    2.277450812211e+006   -1.184045342195e+006    6.377323937856e+006   -7.098072089036e+003    7.322647618172e+002    2.651871003430e+003
2.824021769999997e+008    1.846873519502e+006   -1.137535983897e+006    6.522265075464e+006   -7.249237902806e+003    8.173832153947e+002    2.177831221542e+003
2.824022369999999e+008    1.408177402320e+006   -1.086026663315e+006    6.638457165762e+006   -7.368600727375e+003    8.988717051797e+002    1.693889311480e+003
2.824022970000001e+008    9.632899780618e+005   -1.029742869131e+006    6.725382049163e+006   -7.455550476519e+003    9.764475762161e+002    1.202524267226e+003
2.824023570000002e+008    5.141661460250e+005   -9.689313152174e+005    6.782649020563e+006   -7.509766757754e+003    1.049757835126e+003    7.056955519571e+002
2.824024169999998e+008    6.278048662771e+004   -9.038582848413e+005    6.809997841998e+006   -7.530934673368e+003    1.118452962282e+003    2.056126383327e+002
2.824024770000000e+008   -3.888817347658e+005   -8.348085749813e+005    6.807299757394e+006   -7.518970639363e+003    1.182273890258e+003   -2.955246189610e+002
2.824025370000002e+008   -8.388322143572e+005   -7.620850825364e+005    6.774556005075e+006   -7.473898168885e+003    1.240883388715e+003   -7.954561938778e+002
2.824026029999999e+008   -1.329436420922e+006   -6.782270660612e+005    6.704002117186e+006   -7.386287941257e+003    1.299051857352e+003   -1.341547330077e+003
2.824026630000001e+008   -1.769359827711e+006   -5.988450005501e+005    6.608763208080e+006   -7.272441372796e+003    1.345960159283e+003   -1.832021765998e+003
2.824027230000003e+008   -2.201486896582e+006   -5.168247091308e+005    6.484322646128e+006   -7.126508023099e+003    1.386966877562e+003   -2.314488872846e+003
2.824027829999999e+008   -2.623910022079e+006   -4.325264944455e+005    6.331222799627e+006   -6.949075832676e+003    1.421859132664e+003   -2.786987697282e+003
2.824028430000001e+008   -3.034762719568e+006   -3.463216665712e+005    6.150125603708e+006   -6.740964165248e+003    1.450519199453e+003   -3.247266903168e+003
2.824029030000003e+008   -3.432227544467e+006   -2.585889078362e+005    5.941826073466e+006   -6.502987191044e+003    1.472768891789e+003   -3.693515166255e+003
2.824029629999998e+008   -3.814545158136e+006   -1.697149251880e+005    5.707228818701e+006   -6.236250604194e+003    1.488557782288e+003   -4.123500679650e+003
2.824030230000001e+008   -4.180021710731e+006   -8.009151360335e+004    5.447363056134e+006   -5.941821229058e+003    1.497744807381e+003   -4.535481704830e+003
2.824030830000002e+008   -4.527036502209e+006    9.886345573017e+003    5.163373121992e+006   -5.621087553535e+003    1.500343852990e+003   -4.927435970324e+003
2.824031429999998e+008   -4.854048963535e+006    9.981988550719e+004    4.856501483364e+006   -5.275294289444e+003    1.496303567647e+003   -5.297811443168e+003
2.824032030000000e+008   -5.159607631631e+006    1.893143467193e+005    4.528105253238e+006   -4.906119567389e+003    1.485647460838e+003   -5.644745378628e+003
2.824032630000002e+008   -5.442348560821e+006    2.779700200942e+005    4.179629387457e+006   -4.515114254247e+003    1.468407658110e+003   -5.966805240011e+003
2.824033229999998e+008   -5.701018388698e+006    3.653970218415e+005    3.812615223084e+006   -4.104021196620e+003    1.444681220160e+003   -6.262478173963e+003
2.824033829999999e+008   -5.934466558317e+006    4.512076446851e+005    3.428686465329e+006   -3.674628787870e+003    1.414556216755e+003   -6.530431253422e+003
2.824034430000002e+008   -6.141652186716e+006    5.350204560188e+005    3.029542398942e+006   -3.229005686028e+003    1.378150609712e+003   -6.769431092354e+003
2.824035029999997e+008   -6.321654793399e+006    6.164647763348e+005    2.616952105937e+006   -2.768900603844e+003    1.335618185945e+003   -6.978484825944e+003
2.824035629999999e+008   -6.473677470047e+006    6.951804827992e+005    2.192746470745e+006   -2.296564633494e+003    1.287202177294e+003   -7.156528764647e+003
2.824036230000001e+008   -6.597043795551e+006    7.708191313698e+005    1.758807175212e+006   -1.814132556764e+003    1.233113748873e+003   -7.302749410736e+003
2.824036829999997e+008   -6.691209779637e+006    8.430456617063e+005    1.317061718176e+006   -1.323615558932e+003    1.173545816166e+003   -7.416623469616e+003
2.824037429999999e+008   -6.755760065963e+006    9.115401711251e+005    8.694697093291e+005   -8.272837720994e+002    1.108767888917e+003   -7.497587220185e+003
2.824038030000001e+008   -6.790413565649e+006    9.760001587458e+005    4.180186785106e+005   -3.274409883008e+002    1.039114940047e+003   -7.545196883511e+003
2.824038630000002e+008   -6.795025000416e+006    1.036142348085e+006   -3.528632170010e+004    1.737427990818e+002    9.648853276076e+002   -7.559388901438e+003
2.824039229999998e+008   -6.769581179052e+006    1.091701725465e+006   -4.884351221313e+005    6.739990305490e+002    8.864077736365e+002   -7.540009553330e+003
2.824039830000001e+008   -6.714207456740e+006    1.142434003211e+006   -9.394184263649e+005    1.171048036524e+003    8.040520359652e+002   -7.487215098949e+003
2.824040430000002e+008   -6.629159617782e+006    1.188117189097e+006   -1.386238623938e+006    1.662743927764e+003    7.181856623506e+002   -7.401282016847e+003
2.824118390000002e+008    5.676575676574e+006   -3.398380815606e+005   -3.904567593569e+006    4.165820997188e+003   -1.436456467618e+003    6.182550912710e+003
2.824118989999998e+008    5.913953653047e+006   -4.252182936368e+005   -3.525337033328e+006    3.743721446319e+003   -1.408564295709e+003    6.453921699179e+003
2.824119589999999e+008    6.125495399896e+006   -5.087432852636e+005   -3.130665184316e+006    3.305022758797e+003   -1.374550168737e+003    6.697099825021e+003
2.824120190000002e+008    6.310265496065e+006   -5.900457560388e+005   -2.722273005185e+006    2.851674158601e+003   -1.334512354802e+003    6.911052101762e+003
2.824120789999997e+008    6.467446276243e+006   -6.687680126041e+005   -2.301946447388e+006    2.385754653389e+003   -1.288553447556e+003    7.094735128877e+003
2.824121389999999e+008    6.596338959255e+006   -7.445648798735e+005   -1.871523957130e+006    1.909072744984e+003   -1.237023836469e+003    7.247445936533e+003
2.824121990000001e+008    6.696365186536e+006   -8.171039557632e+005   -1.432889577882e+006    1.423866797539e+003   -1.180031675561e+003    7.368390864214e+003
2.824122590000003e+008    6.767074167633e+006   -8.860662602644e+005   -9.879648620615e+005    9.322090544843e+002   -1.117860499596e+003    7.457046514930e+003
2.824123189999999e+008    6.808146974181e+006   -9.511485621696e+005   -5.387017781359e+005    4.363303124845e+002   -1.050720053141e+003    7.512939236365e+003
2.824123790000001e+008    6.819392627863e+006   -1.012063811046e+006   -8.707180423886e+004   -6.166294988877e+001   -9.790152717802e+002    7.535865570565e+003
2.824124390000003e+008    6.800749924337e+006   -1.068543443716e+006    3.649403687593e+005   -5.595485718439e+002   -9.029589728588e+002    7.525681879714e+003
2.824124989999998e+008    6.752293331280e+006   -1.120338000672e+006    8.153494276143e+005   -1.055128374177e+003   -8.229367423989e+002    7.482404557442e+003
2.824125590000001e+008    6.674222875895e+006   -1.167220555236e+006    1.262171253066e+006   -1.546232691843e+003   -7.392676098240e+002    7.406200047254e+003
2.824126190000002e+008    6.566874586168e+006   -1.208983674132e+006    1.703440702959e+006   -2.030708523144e+003   -6.523306392417e+002    7.297404817366e+003
2.824126789999998e+008    6.430716359332e+006   -1.245439590104e+006    2.137218218993e+006   -2.506315861539e+003   -5.625193655972e+002    7.156485193517e+003
2.824127390000000e+008    6.266330827988e+006   -1.276433719833e+006    2.561586954074e+006   -2.971069401974e+003   -4.702223078396e+002    6.984007917665e+003
2.824127990000002e+008    6.074445197455e+006   -1.301821660286e+006    2.974682924703e+006   -3.422817748560e+003   -3.758420878308e+002    6.780769460331e+003
2.824128589999998e+008    5.855891478819e+006   -1.321495897029e+006    3.374683374658e+006   -3.859664265578e+003   -2.797670360031e+002    6.547646708745e+003
2.824129189999999e+008    5.611625240700e+006   -1.335368789289e+006    3.759824245189e+006   -4.279560214239e+003   -1.825031923751e+002    6.285676296668e+003
2.824129790000001e+008    5.342716384896e+006   -1.343377644436e+006    4.128409389864e+006   -4.680727553947e+003   -8.440565926067e+001    5.996015306935e+003
2.824130389999997e+008    5.050344984095e+006   -1.345487749916e+006    4.478813381226e+006   -5.061398156445e+003    1.405037875832e+001    5.679870833139e+003
2.824130989999999e+008    4.735791524965e+006   -1.341688171576e+006    4.809491526933e+006   -5.419847489308e+003    1.124847882322e+002    5.338670044763e+003
2.824131590000001e+008    4.400437456914e+006   -1.331995630437e+006    5.118985368695e+006   -5.754514209270e+003    2.104375407801e+002    4.974000374260e+003
2.824132189999996e+008    4.045752334131e+006   -1.316452277262e+006    5.405929503380e+006   -6.063958773601e+003    3.074341934058e+002    4.587319452121e+003
2.824132789999999e+008    3.673293328072e+006   -1.295125870356e+006    5.669057883809e+006   -6.346780888540e+003    4.031096060567e+002    4.180404978407e+003
2.824133390000001e+008    3.284695701261e+006   -1.268109359085e+006    5.907209334338e+006   -6.601737945080e+003    4.970308907707e+002    3.755034907508e+003
2.824133990000002e+008    2.881664239093e+006   -1.235521408582e+006    6.119331064830e+006   -6.827732046667e+003    5.887592806300e+002    3.313067429913e+003
2.824134589999998e+008    2.465969770033e+006   -1.197504465377e+006    6.304486176435e+006   -7.023717564080e+003    6.779404569295e+002    2.856460825486e+003
2.824135190000000e+008    2.039435747440e+006   -1.154224763777e+006    6.461853683496e+006   -7.188888451827e+003    7.641276442361e+002    2.387203761005e+003
2.824135790000002e+008    1.603936326529e+006   -1.105871497115e+006    6.590735516739e+006   -7.322459914260e+003    8.469784533518e+002    1.907284942765e+003
2.824136389999998e+008    1.161385212690e+006   -1.052656507696e+006    6.690555541490e+006   -7.423860961304e+003    9.261549270611e+002    1.418873426547e+003
2.824136990000000e+008    7.137262698847e+005   -9.948123026625e+005    6.760873073117e+006   -7.492622770967e+003    1.001216228239e+003    9.241284301741e+002
2.824137590000002e+008    2.629280113011e+005   -9.325923182926e+005    6.801368385996e+006   -7.528461253513e+003    1.071916521553e+003    4.251294819195e+002
2.824138189999998e+008   -1.890262457764e+005   -8.662694428060e+005    6.811854229659e+006   -7.531169096077e+003    1.137954988437e+003   -7.577376677753e+001
2.824138789999999e+008   -6.401481079327e+005   -7.961345580093e+005    6.792275844753e+006   -7.500715569836e+003    1.198968197886e+003   -5.766413796487e+002
2.824139390000001e+008   -1.088451646806e+006   -7.224941831788e+005    6.742710975449e+006   -7.437243733434e+003    1.254741835262e+003   -1.074963129102e+003
2.824139989999997e+008   -1.531961055059e+006   -6.456716391160e+005    6.663367881887e+006   -7.340980151253e+003    1.304987633696e+003   -1.568798655403e+003
2.824140589999999e+008   -1.968720945444e+006   -5.660041729617e+005    6.554586857123e+006   -7.212344777607e+003    1.349533664989e+003   -2.055887277347e+003
2.824141190000001e+008   -2.396804211573e+006   -4.838421064736e+005    6.416836739994e+006   -7.051854703723e+003    1.388123890130e+003   -2.534118159251e+003
2.824141790000003e+008   -2.814319512321e+006   -3.995466761130e+005    6.250713927432e+006   -6.860189748165e+003    1.420624978850e+003   -3.001300194050e+003
2.824142389999998e+008   -3.219421734870e+006   -3.134880007050e+005    6.056943391640e+006   -6.638222477801e+003    1.446849276820e+003   -3.455361962725e+003
2.824142990000001e+008   -3.610316713972e+006   -2.260462832778e+005    5.836371187724e+006   -6.386824846865e+003    1.466724496335e+003   -3.894402042184e+003
2.824143590000002e+008   -3.985273244047e+006   -1.376063475803e+005    5.589958473549e+006   -6.107103774262e+003    1.480107960209e+003   -4.316358628844e+003
2.824144189999998e+008   -4.342628745793e+006   -4.855837398108e+004    5.318790518960e+006   -5.800368533911e+003    1.486984690361e+003   -4.719249583055e+003
2.824144790000000e+008   -4.680797936991e+006    4.070442604121e+004    5.024057220020e+006   -5.467803249254e+003    1.487294985963e+003   -5.101532972135e+003
2.824145390000002e+008   -4.998278852550e+006    1.297879102541e+005    4.707057608931e+006   -5.110979242837e+003    1.481013962651e+003   -5.461226229198e+003
2.824145989999998e+008   -5.293659550392e+006    2.182965962811e+005    4.369188364949e+006   -4.731406777127e+003    1.468175477919e+003   -5.796926885134e+003
2.824146589999999e+008   -5.565629675979e+006    3.058416145342e+005    4.011941533619e+006   -4.330851319932e+003    1.448850405670e+003   -6.106902052147e+003
2.824147190000002e+008   -5.812978394748e+006    3.920333272847e+005    3.636897023048e+006   -3.910944379516e+003    1.423096823943e+003   -6.390029062548e+003
2.824147789999997e+008   -6.034601314429e+006    4.764896508495e+005    3.245712115570e+006   -3.473741235743e+003    1.391055881443e+003   -6.644684552467e+003
2.824148389999999e+008   -6.229518938282e+006    5.588385089562e+005    2.840123997979e+006   -3.021083273622e+003    1.352813975938e+003   -6.869955510694e+003
2.824148990000001e+008   -6.396859338078e+006    6.387131683393e+005    2.421926433002e+006   -2.554966822722e+003    1.308666183177e+003   -7.064748663292e+003
2.824149590000003e+008   -6.535884945263e+006    7.157611594827e+005    1.992979703445e+006   -2.077567903589e+003    1.258650624567e+003   -7.228130455117e+003
2.824150189999999e+008   -6.645975300775e+006    7.896406755221e+005    1.555184183831e+006   -1.590815865846e+003    1.203054990775e+003   -7.359617722814e+003
2.824150790000001e+008   -6.726650895991e+006    8.600255622044e+005    1.110488979558e+006   -1.097239840330e+003    1.142199566067e+003   -7.458216321883e+003
2.824151390000003e+008   -6.777551013638e+006    9.266035600709e+005    6.608616905992e+005   -5.988071729085e+002    1.076222025796e+003   -7.523823034471e+003
2.824151989999998e+008   -6.798460279365e+006    9.890816273516e+005    2.083019551027e+005   -9.789615142063e+001    1.005571310367e+003   -7.555933957133e+003
2.824152590000001e+008   -6.789292696030e+006    1.047183541230e+006   -2.451819768139e+005    4.033413440748e+002    9.304270796177e+002   -7.554605569187e+003
2.824153190000002e+008   -6.750100608256e+006    1.100654247257e+006   -6.975786282420e+005    9.025878968907e+002    8.512771159779e+002   -7.519704065358e+003
2.824153789999998e+008   -6.681068757337e+006    1.149260268638e+006   -1.146883005185e+006    1.397600358510e+003    7.683324502171e+002   -7.451555775013e+003
2.824154390000000e+008   -6.582513889538e+006    1.192788502009e+006   -1.591105097266e+006    1.886286959035e+003    6.820782340359e+002   -7.350397261913e+003
2.824154990000002e+008   -6.454890205888e+006    1.231048926211e+006   -2.028281168731e+006    2.366301382598e+003    5.928067977752e+002   -7.216754683657e+003
2.824155589999998e+008   -6.298776802782e+006    1.263876414494e+006   -2.456479978874e+006    2.835581203886e+003    5.010258488187e+002   -7.051264651500e+003
2.824156189999999e+008   -6.114879837834e+006    1.291129374711e+006   -2.873813478583e+006    3.292006477155e+003    4.070850442029e+002   -6.854733690371e+003
2.824156790000001e+008   -5.904030050871e+006    1.312692065455e+006   -3.278444714296e+006    3.733692631510e+003    3.114218339623e+002   -6.628018705451e+003
2.824157389999997e+008   -5.667174178444e+006    1.328472601662e+006   -3.668594842117e+006    4.158545749096e+003    2.144613620137e+002   -6.372226261172e+003
2.824157989999999e+008   -5.405377121750e+006    1.338407645428e+006   -4.042553724080e+006    4.564821513337e+003    1.165959374370e+002   -6.088513494213e+003
2.824158590000001e+008   -5.119808087029e+006    1.342456838499e+006   -4.398684451037e+006    4.950658277793e+003    1.832956241231e+001   -5.778167344821e+003
2.824159189999996e+008   -4.811741317509e+006    1.340607451248e+006   -4.735431841264e+006    5.314422133463e+003   -7.992323545501e+001   -5.442665129371e+003
2.824159789999999e+008   -4.482546010451e+006    1.332870638452e+006   -5.051328957101e+006    5.654626981364e+003   -1.777709670737e+002   -5.083434406529e+003
2.824243780000000e+008    5.198367359389e+006   -1.333425880993e+006    4.310702757371e+006   -4.879125767190e+003   -4.506694551061e+001    5.836725591960e+003
2.824244380000002e+008    4.894418705112e+006   -1.333197581270e+006    4.651157108216e+006   -5.248800372469e+003    5.261311444569e+001    5.507562747464e+003
2.824244979999998e+008    4.568970645384e+006   -1.327113046609e+006    4.971124274400e+006   -5.595460524407e+003    1.500642461045e+002    5.154072311162e+003
2.824245579999999e+008    4.223452146072e+006   -1.315198208893e+006    5.269192421385e+006   -5.917587236213e+003    2.468596652799e+002    4.777841787666e+003
2.824246180000001e+008    3.859378668646e+006   -1.297505360982e+006    5.544047072465e+006   -6.213749391316e+003    3.426063511321e+002    4.380588826694e+003
2.824246779999997e+008    3.478348143477e+006   -1.274111301276e+006    5.794474115420e+006   -6.482624439574e+003    4.368368120688e+002    3.963901251478e+003
2.824247379999999e+008    3.082033152051e+006   -1.245118084672e+006    6.019367815254e+006   -6.723036977532e+003    5.291607851475e+002    3.529767129428e+003
2.824247980000001e+008    2.672173374028e+006   -1.210652758293e+006    6.217734326529e+006   -6.933934984988e+003    6.191850665487e+002    3.080014728907e+003
2.824248580000003e+008    2.250568893122e+006   -1.170865710765e+006    6.388695704372e+006   -7.114394702838e+003    7.064884009736e+002    2.616612526417e+003
2.824249179999999e+008    1.819070929668e+006   -1.125931893643e+006    6.531491419538e+006   -7.263566138218e+003    7.907011237440e+002    2.141579121269e+003
2.824249780000001e+008    1.379576206135e+006   -1.076046036303e+006    6.645492367842e+006   -7.380867413360e+003    8.714500792972e+002    1.656993550093e+003
2.824250380000002e+008    9.340148591956e+005   -1.021427852207e+006    6.730187889624e+006   -7.465725928410e+003    9.483893428291e+002    1.165054866079e+003
2.824250979999998e+008    4.843455397037e+005   -9.623165218181e+005    6.785194278007e+006   -7.517751892493e+003    1.021190651846e+003    6.679024213868e+002
2.824251580000000e+008    3.254613541738e+004   -8.989704195931e+005    6.810266294058e+006   -7.536744477173e+003    1.089475601878e+003    1.675358739297e+002
2.824252180000002e+008   -4.193966525090e+005   -8.316684880674e+005    6.805283183714e+006   -7.522522609916e+003    1.153015036275e+003   -3.336550787166e+002
2.824252779999998e+008   -8.694929813711e+005   -7.607048887014e+005    6.770256687292e+006   -7.475188106057e+003    1.211479758391e+003   -8.334802823964e+002
2.824253379999999e+008   -1.315760523718e+006   -6.863912981689e+005    6.705333556766e+006   -7.394919009941e+003    1.264648990933e+003   -1.329829453687e+003
2.824253980000002e+008   -1.756232184678e+006   -6.090538132115e+005    6.610787068493e+006   -7.282037127568e+003    1.312257413852e+003   -1.820572076691e+003
2.824254579999997e+008   -2.188963918550e+006   -5.290319103301e+005    6.487026036020e+006   -7.137041433467e+003    1.354085745814e+003   -2.303327344036e+003
2.824255179999999e+008   -2.612044239639e+006   -4.466776833479e+005    6.334583825623e+006   -6.960479611386e+003    1.389969583472e+003   -2.776184366983e+003
2.824255780000001e+008   -3.023604825181e+006   -3.623532013034e+005    6.154126373731e+006   -6.753141724158e+003    1.419745916926e+003   -3.237031861081e+003
2.824256380000003e+008   -3.421823471121e+006   -2.764300032046e+005    5.946438191753e+006   -6.515958647345e+003    1.443254401770e+003   -3.683518311743e+003
2.824256979999999e+008   -3.804937726677e+006   -1.892864381276e+005    5.712427388452e+006   -6.249833271942e+003    1.460390815758e+003   -4.114002248401e+003
2.824257580000001e+008   -4.171248939722e+006   -1.013065913020e+005    5.453118176575e+006   -5.956042794621e+003    1.471097969207e+003   -4.526441587181e+003
2.824258180000003e+008   -4.519132515403e+006   -1.287880053338e+004    5.169651889665e+006   -5.635827562663e+003    1.475329283893e+003   -4.918944304056e+003
2.824258779999998e+008   -4.847044164413e+006    7.560580594517e+004    4.863272992294e+006   -5.290519595019e+003    1.473022412735e+003   -5.289878226561e+003
2.824259380000001e+008   -5.153525787766e+006    1.637568044027e+005    4.535334089831e+006   -4.921756155798e+003    1.464221206643e+003   -5.637420679128e+003
2.824259980000002e+008   -5.437216851214e+006    2.511837032041e+005    4.187282446946e+006   -4.531093372625e+003    1.448882389062e+003   -5.960059123038e+003
2.824260579999998e+008   -5.696852740600e+006    3.375001960703e+005    3.820653485105e+006   -4.120291482319e+003    1.427166359483e+003   -6.256360677288e+003
2.824261180000000e+008   -5.931280455154e+006    4.223224810706e+005    3.437071508097e+006   -3.691113967310e+003    1.399139282451e+003   -6.524972460097e+003
2.824261780000002e+008   -6.139458393007e+006    5.052766602910e+005    3.038234902006e+006   -3.245545807982e+003    1.364903333651e+003   -6.764681226904e+003
2.824262379999998e+008   -6.320459050654e+006    5.859930393313e+005    2.625911639335e+006   -2.785503706625e+003    1.324568923827e+003   -6.974393844341e+003
2.824262979999999e+008   -6.473480469268e+006    6.641181527452e+005    2.201931298230e+006   -2.313221424396e+003    1.278498931860e+003   -7.153096650244e+003
2.824263580000001e+008   -6.597842412523e+006    7.393029094755e+005    1.768174755674e+006   -1.830619064482e+003    1.226679743676e+003   -7.300096512059e+003
2.824264179999997e+008   -6.692996344526e+006    8.112156768594e+005    1.326569004363e+006   -1.339972887704e+003    1.169460798507e+003   -7.414649699348e+003
2.824264779999999e+008   -6.758520685514e+006    8.795354107415e+005    8.790727446279e+005   -8.433933837114e+002    1.107040570764e+003   -7.496332759563e+003
2.824265380000001e+008   -6.794133730181e+006    9.439644837872e+005    4.276755060951e+005   -3.432969214400e+002    1.039771717023e+003   -7.544661733978e+003
2.824265979999996e+008   -6.799683774224e+006    1.004217171242e+006   -2.561926897551e+004    1.582898078367e+002    9.678800410893e+002   -7.559573306020e+003
2.824266579999999e+008   -6.775155046556e+006    1.060026900996e+006   -4.788012156903e+005    6.589837638455e+002    8.917596933385e+002   -7.540913569911e+003
2.824267180000001e+008   -6.720667139127e+006    1.111149388896e+006   -9.298603473187e+005    1.156539107462e+003    8.117299048613e+002   -7.488828847597e+003
2.824267780000002e+008   -6.636475013164e+006    1.157361144456e+006   -1.376797555368e+006    1.648734955168e+003    7.281457942772e+002   -7.403585500254e+003
2.824268379999998e+008   -6.522965009561e+006    1.198460292791e+006   -1.817635816072e+006    2.133428688732e+003    6.413661865311e+002   -7.285580016763e+003
2.824268980000000e+008   -6.380655026872e+006    1.234268242315e+006   -2.250426290031e+006    2.608471904161e+003    5.517778221028e+002   -7.135408875562e+003
2.824269580000002e+008   -6.210192538441e+006    1.264629949084e+006   -2.673259025454e+006    3.071534597087e+003    4.598897830671e+002   -6.953818253397e+003
2.824270179999998e+008   -6.012346829162e+006    1.289415543591e+006   -3.084270670754e+006    3.520821707395e+003    3.660170474458e+002   -6.741555208684e+003
2.824270780000000e+008   -5.788011036426e+006    1.308519873223e+006   -3.481654971263e+006    3.954234459020e+003    2.706090136577e+002   -6.499706298634e+003
2.824271380000002e+008   -5.538190956784e+006    1.321862200682e+006   -3.863666187502e+006    4.369953239880e+003    1.740658550532e+002   -6.229348538136e+003
2.824271979999998e+008   -5.264006114651e+006    1.329388637358e+006   -4.228632093353e+006    4.766110877792e+003    7.680830548676e+001   -5.931728863789e+003
2.824272579999999e+008   -4.966682827114e+006    1.331071330868e+006   -4.574956987407e+006    5.140988498680e+003   -2.067572425091e+001   -5.608214451155e+003
2.824273180000001e+008   -4.647543567913e+006    1.326906664581e+006   -4.901130710416e+006    5.493009339574e+003   -1.180015625430e+002   -5.260302712598e+003
2.824273779999997e+008   -4.308009219521e+006    1.316920094894e+006   -5.205735941403e+006    5.820643803412e+003   -2.147297959380e+002   -4.889521134928e+003
