2.813669980000002e+008    5.343741213445e+006   -2.483754699355e+006    3.569720798980e+006   -4.021414706714e+003    6.115625374581e+002    6.422350649344e+003
2.813670579999997e+008    5.090917426142e+006   -2.441642285906e+006    3.946931611085e+006   -4.402977671942e+003    7.916139007251e+002    6.146710469093e+003
2.813671179999999e+008    4.815776044560e+006   -2.388826846460e+006    4.306791466630e+006   -4.765089296757e+003    9.681968054008e+002    5.844178388092e+003
2.813671780000001e+008    4.519531756694e+006   -2.325542041492e+006    4.647726172726e+006   -5.106458164876e+003    1.140500104904e+003    5.515842265682e+003
2.813672380000003e+008    4.203472692321e+006   -2.252063695268e+006    4.968229114942e+006   -5.425091977343e+003    1.307787283317e+003    5.163568823524e+003
2.813672979999999e+008    3.868993986989e+006   -2.168718127823e+006    5.266899502278e+006   -5.720705554105e+003    1.469412358134e+003    4.788027567995e+003
2.813673580000001e+008    3.517554817460e+006   -2.075868829712e+006    5.542421437769e+006   -5.990044628397e+003    1.624414041221e+003    4.392403155530e+003
2.813674180000003e+008    3.150707941695e+006   -1.973924508350e+006    5.793595870026e+006   -6.233708238967e+003    1.772403128196e+003    3.977036545057e+003
2.813674779999998e+008    2.770055156131e+006   -1.863332178823e+006    6.019314166106e+006   -6.450064285384e+003    1.912600811226e+003    3.544185043935e+003
2.813675380000001e+008    2.377266309333e+006   -1.744575794001e+006    6.218587080634e+006   -6.638133884689e+003    2.044419599776e+003    3.095797032566e+003
2.813675980000002e+008    1.974061543371e+006   -1.618175951195e+006    6.390536784748e+006   -6.797139181495e+003    2.167273671826e+003    2.633781219008e+003
2.813676579999998e+008    1.562205327155e+006   -1.484685790987e+006    6.534406376031e+006   -6.926359669761e+003    2.280656411749e+003    2.160146408620e+003
2.813677210000001e+008    1.122421531388e+006   -1.337531048372e+006    6.654557579373e+006   -7.029329857010e+003    2.388833421290e+003    1.652898528989e+003
2.813677810000002e+008    6.985057159584e+005   -1.191365180054e+006    6.739018825189e+006   -7.095986496514e+003    2.481305401979e+003    1.162110763252e+003
2.813678409999998e+008    2.715275399756e+005   -1.039978071665e+006    6.793858760480e+006   -7.131446139963e+003    2.562924386995e+003    6.656116443148e+002
2.813679010000000e+008   -1.566415563340e+005   -8.840335866016e+005    6.818824804172e+006   -7.135664353361e+003    2.633218958291e+003    1.666310826362e+002
2.813679610000002e+008   -5.841231890574e+005   -7.242145545163e+005    6.813787363192e+006   -7.108633871020e+003    2.691993174774e+003   -3.334309403887e+002
2.813680209999998e+008   -1.009042820341e+006   -5.612321959763e+005    6.778776349668e+006   -7.050323445399e+003    2.739039958720e+003   -8.323544818663e+002
2.813680810000000e+008   -1.429551386641e+006   -3.957917381002e+005    6.714000717798e+006   -6.960998632264e+003    2.774354526115e+003   -1.327989105918e+003
2.813681410000002e+008   -1.843771446089e+006   -2.285866631124e+005    6.619609876036e+006   -6.841284157935e+003    2.797036800806e+003   -1.817423831869e+003
2.813682009999998e+008   -2.249885935828e+006   -6.038386950225e+004    6.496171328424e+006   -6.691298078186e+003    2.807479057801e+003   -2.298438445692e+003
2.813682609999999e+008   -2.646129117001e+006    1.081054130677e+005    6.344076665029e+006   -6.511977677212e+003    2.805798375944e+003   -2.769901412533e+003
2.813683210000001e+008   -3.030747678933e+006    2.760920414789e+005    6.164030493013e+006   -6.303983854555e+003    2.791623068881e+003   -3.229361668869e+003
2.813683810000004e+008   -3.401988622625e+006    4.428872299899e+005    5.956643924619e+006   -6.067689533346e+003    2.765414787326e+003   -3.676248584326e+003
2.813684409999999e+008   -3.758298884381e+006    6.077199075852e+005    5.723089894875e+006   -5.805055124868e+003    2.726776272869e+003   -4.105848975850e+003
2.813685010000001e+008   -4.097970906137e+006    7.694132510825e+005    5.464407568094e+006   -5.516076092516e+003    2.673315475422e+003   -4.516792959442e+003
2.813685610000003e+008   -4.419324062872e+006    9.278529786722e+005    5.182034202312e+006   -5.200585142701e+003    2.608905000828e+003   -4.904900622157e+003
2.813686209999999e+008   -4.722037855195e+006    1.083306914999e+006    4.875505787250e+006   -4.867633574904e+003    2.539931827460e+003   -5.280686931367e+003
2.813686810000001e+008   -5.003469970244e+006    1.233203986825e+006    4.548118902416e+006   -4.510016743119e+003    2.454765587509e+003   -5.628204145378e+003
2.813687410000002e+008   -5.262834876575e+006    1.377662169725e+006    4.200616474442e+006   -4.132321963698e+003    2.358676974773e+003   -5.950934548543e+003
2.813688009999998e+008   -5.498977727284e+006    1.516041086283e+006    3.834527694042e+006   -3.736222574352e+003    2.252187423851e+003   -6.247495387598e+003
2.813688610000000e+008   -5.710846184163e+006    1.647726812031e+006    3.451465020346e+006   -3.323477546096e+003    2.135704594470e+003   -6.516523775058e+003
2.813689210000002e+008   -5.897497945378e+006    1.772138249208e+006    3.053119193451e+006   -2.895875072343e+003    2.009722950485e+003   -6.756786772004e+003
2.813689809999998e+008   -6.058094732027e+006    1.888719376857e+006    2.641247924250e+006   -2.455344462473e+003    1.874813619882e+003   -6.967201206234e+003
2.813690409999999e+008   -6.191921065688e+006    1.996953523981e+006    2.217672725680e+006   -2.003830287287e+003    1.731583279897e+003   -7.146793879213e+003
2.813691010000002e+008   -6.298380265588e+006    2.096362480701e+006    1.784268306146e+006   -1.543448164014e+003    1.580736136415e+003   -7.294691309328e+003
2.813691609999997e+008   -6.376995522808e+006    2.186502992121e+006    1.342953871092e+006   -1.076127223434e+003    1.422845765352e+003   -7.410300325322e+003
2.813692209999999e+008   -6.427416137757e+006    2.266976462747e+006    8.956848335989e+005   -6.039441262540e+002    1.258607383248e+003   -7.493147510097e+003
2.813692810000001e+008   -6.449416850528e+006    2.337425900598e+006    4.444445131433e+005   -1.291571241383e+002    1.088838552199e+003   -7.542659144880e+003
2.813693409999997e+008   -6.442883703833e+006    2.397534388790e+006   -8.792487568335e+003    3.462882099656e+002    9.142444024118e+002   -7.558902026537e+003
2.813694009999999e+008   -6.407878502318e+006    2.447045703651e+006   -4.619715764868e+005    8.201287268664e+002    7.356007654653e+002   -7.541532430647e+003
2.813694610000001e+008   -6.344565786921e+006    2.485749547663e+006   -9.130665920531e+005    1.290149113130e+003    5.538030659859e+002   -7.490556705718e+003
2.813695210000003e+008   -6.253194789007e+006    2.513460241166e+006   -1.360145233682e+006    1.754408392793e+003    3.695820410650e+002   -7.406521655698e+003
2.813695809999998e+008   -6.134192643800e+006    2.530064262943e+006   -1.801196807436e+006    2.210816074064e+003    1.837443038962e+002   -7.289743837116e+003
2.813696410000001e+008   -5.988094439305e+006    2.535492530622e+006   -2.234269741491e+006    2.657265275679e+003   -2.783914283446e+000   -7.140689774509e+003
2.813697010000002e+008   -5.815556402815e+006    2.529725885112e+006   -2.657449764361e+006    3.091805090209e+003   -1.892653587747e+002   -6.960106255743e+003
2.813697609999998e+008   -5.617348913622e+006    2.512792544401e+006   -3.068867816422e+006    3.512549615553e+003   -3.748413402279e+002   -6.748790169109e+003
2.813698210000000e+008   -5.394364529435e+006    2.484776555763e+006   -3.466711336457e+006    3.917503839862e+003   -5.586346038501e+002   -6.507768224593e+003
2.813698810000002e+008   -5.147597564437e+006    2.445806376241e+006   -3.849227495472e+006    4.305029846737e+003   -7.398798346474e+002   -6.238077719319e+003
2.813699409999998e+008   -4.878146376356e+006    2.396056999149e+006   -4.214734692889e+006    4.673315744591e+003   -9.177325513902e+002   -5.941015663641e+003
2.813783989999998e+008    5.215105727461e+006   -2.450628088653e+006    3.775851962809e+006   -4.232264606528e+003    6.996105730290e+002    6.276564018831e+003
2.813784590000001e+008    4.949923225071e+006   -2.403308776062e+006    4.143869888362e+006   -4.603932960256e+003    8.770647968202e+002    5.986197116455e+003
2.813785190000002e+008    4.663041148066e+006   -2.345453794099e+006    4.493671313591e+006   -4.955349729443e+003    1.050678763251e+003    5.669567012324e+003
2.813785789999998e+008    4.355719115841e+006   -2.277317729200e+006    4.823720972687e+006   -5.285013497591e+003    1.219632011248e+003    5.328041225540e+003
2.813786390000000e+008    4.029304193841e+006   -2.199200350871e+006    5.132568655486e+006   -5.591477781941e+003    1.383263545185e+003    4.963097372163e+003
2.813786990000002e+008    3.685231923488e+006   -2.111445321794e+006    5.418859505865e+006   -5.873386965842e+003    1.540775443095e+003    4.576413210294e+003
2.813787589999998e+008    3.325009217266e+006   -2.014437185153e+006    5.681337049747e+006   -6.129640164696e+003    1.691581014085e+003    4.169606922568e+003
2.813788189999999e+008    2.950215548642e+006   -1.908601774726e+006    5.918848693155e+006   -6.358945568202e+003    1.834916207491e+003    3.744536372868e+003
2.813788790000001e+008    2.562494568719e+006   -1.794403125840e+006    6.130351736017e+006   -6.560380427637e+003    1.970210522114e+003    3.302960034963e+003
2.813789389999997e+008    2.163543704548e+006   -1.672341817624e+006    6.314916389191e+006   -6.733103606186e+003    2.096914112797e+003    2.846906516879e+003
2.813789989999999e+008    1.755111857817e+006   -1.542952598794e+006    6.471732278333e+006   -6.876315907264e+003    2.214401203610e+003    2.378314491378e+003
2.813790590000001e+008    1.338988524346e+006   -1.406802003694e+006    6.600106461726e+006   -6.989411446571e+003    2.322211625938e+003    1.899252953860e+003
2.813791189999996e+008    9.169964439977e+005   -1.264485383669e+006    6.699466942393e+006   -7.071862654283e+003    2.419855170048e+003    1.411801025933e+003
2.813791789999999e+008    4.909847175747e+005   -1.116626459875e+006    6.769383179358e+006   -7.123339402755e+003    2.506899401422e+003    9.179981533995e+002
2.813792390000001e+008    6.282108804287e+004   -9.638723962263e+005    6.809539600408e+006   -7.143592356190e+003    2.582988870570e+003    4.199639172872e+002
2.813792990000002e+008   -3.656178534199e+005   -8.068923209766e+005    6.819749118134e+006   -7.132517613367e+003    2.647740008069e+003   -7.987186536707e+001
2.813793589999998e+008   -7.924523839194e+005   -6.463726893427e+005    6.799960139457e+006   -7.090133382370e+003    2.700905671646e+003   -5.794591728994e+002
2.813794190000000e+008   -1.215810111720e+006   -4.830162577235e+005    6.750251582718e+006   -7.016632467102e+003    2.742234761247e+003   -1.076857699603e+003
2.813794790000002e+008   -1.633830570604e+006   -3.175396631624e+005    6.670832385265e+006   -6.912298478904e+003    2.771531570866e+003   -1.569526988544e+003
2.813795389999998e+008   -2.044676916867e+006   -1.506689416647e+005    6.562040522707e+006   -6.777590868431e+003    2.788710896382e+003   -2.055546292167e+003
2.813795990000000e+008   -2.446541720962e+006    1.686380423449e+004    6.424342518505e+006   -6.613004465097e+003    2.793595598694e+003   -2.532694809115e+003
2.813796590000002e+008   -2.837654967169e+006    1.843221640759e+005    6.258333457073e+006   -6.419313617872e+003    2.786245347958e+003   -2.998981272257e+003
2.813797189999998e+008   -3.216291382181e+006    3.509707662091e+005    6.064729995950e+006   -6.197289636953e+003    2.766592248976e+003   -3.452174424947e+003
2.813797789999999e+008   -3.580779223416e+006    5.160752126097e+005    5.844373380117e+006   -5.947871873336e+003    2.734789418933e+003   -3.890372727198e+003
2.813798390000001e+008   -3.929507863371e+006    6.789085331487e+005    5.598223454632e+006   -5.672169709435e+003    2.690926498167e+003   -4.311614364941e+003
2.813798989999997e+008   -4.260933032741e+006    8.387522449187e+005    5.327353673208e+006   -5.371297462137e+003    2.635180056174e+003   -4.714077512307e+003
2.813799589999999e+008   -4.573586209386e+006    9.949008534033e+005    5.032948113707e+006   -5.046673274186e+003    2.567818489225e+003   -5.095809844245e+003
2.813800190000001e+008   -4.866078594324e+006    1.146663992319e+006    4.716295984704e+006   -4.699539459310e+003    2.489055499353e+003   -5.455319325224e+003
2.813800790000003e+008   -5.137057794789e+006    1.293384853458e+006    4.378748555719e+006   -4.329636058290e+003    2.399789181278e+003   -5.792246336630e+003
2.813801389999998e+008   -5.385480734735e+006    1.434371207220e+006    4.021906098790e+006   -3.944270105139e+003    2.298915776511e+003   -6.100889020292e+003
2.813801990000001e+008   -5.610077875360e+006    1.569040063487e+006    3.647223021954e+006   -3.539479561047e+003    2.188343596634e+003   -6.384033745087e+003
2.813802590000002e+008   -5.809901341488e+006    1.696780690261e+006    3.256387756200e+006   -3.118916788584e+003    2.068053615182e+003   -6.638934559459e+003
2.813803189999998e+008   -5.984061340715e+006    1.817026323549e+006    2.851129029201e+006   -2.684280502384e+003    1.938603201407e+003   -6.864688669813e+003
2.813803790000000e+008   -6.131778450044e+006    1.929242837553e+006    2.433236149977e+006   -2.237769805211e+003    1.800533727376e+003   -7.059962467802e+003
2.813804390000002e+008   -6.252387421427e+006    2.032933339910e+006    2.004552315293e+006   -1.781208258654e+003    1.654486923753e+003   -7.224052953001e+003
2.813804989999998e+008   -6.345244713483e+006    2.127660613257e+006    1.566867159940e+006   -1.317127442331e+003    1.500967031341e+003   -7.355715977506e+003
2.813805589999999e+008   -6.410180561316e+006    2.212948610696e+006    1.122370489082e+006   -8.466963073469e+002    1.340900882772e+003   -7.455189595313e+003
2.813806190000002e+008   -6.446841853545e+006    2.288465445012e+006    6.729890155300e+005   -3.722196329745e+002    1.174870226987e+003   -7.521950025399e+003
2.813806789999997e+008   -6.454905614854e+006    2.353847175868e+006    2.205143995404e+005    1.035859858226e+002    1.003688746039e+003   -7.554972804839e+003
2.813807389999999e+008   -6.434430281831e+006    2.408806318727e+006   -2.329372735284e+005    5.788858729189e+002    8.281885216586e+002   -7.554524907940e+003
2.813807990000001e+008   -6.385500414811e+006    2.453154270687e+006   -6.853632714012e+005    1.051548635483e+003    6.488521906139e+002   -7.520562841402e+003
2.813808590000003e+008   -6.308350775713e+006    2.486637886306e+006   -1.134741820117e+006    1.519498313887e+003    4.668172794360e+002   -7.453243172556e+003
2.813809189999999e+008   -6.203306718689e+006    2.509130117529e+006   -1.579092692471e+006    1.980557099887e+003    2.826884572296e+002   -7.352972327630e+003
2.813809790000001e+008   -6.070855068978e+006    2.520537887158e+006   -2.016448696761e+006    2.432802863138e+003    9.739552992070e+001   -7.220167134432e+003
2.813810390000003e+008   -5.911593290238e+006    2.520814049489e+006   -2.444875659059e+006    2.873954835237e+003   -8.820334426302e+001   -7.055483840349e+003
2.813810989999998e+008   -5.726234080179e+006    2.509961056938e+006   -2.862481415574e+006    3.302329604480e+003   -2.734008588994e+002   -6.859619672613e+003
2.813811590000001e+008   -5.515608062077e+006    2.488029874440e+006   -3.267425008332e+006    3.715879898329e+003   -4.573049108799e+002   -6.633561257857e+003
2.813812190000002e+008   -5.280686949853e+006    2.455153496443e+006   -3.657931145941e+006    4.112424586742e+003   -6.387260856733e+002   -6.378414991329e+003
2.813812789999998e+008   -5.022418494954e+006    2.411419153526e+006   -4.032211978138e+006    4.491522024564e+003   -8.177385885809e+002   -6.094600158063e+003
2.813813390000000e+008   -4.742062657787e+006    2.357077264544e+006   -4.388713839082e+006    4.849980460861e+003   -9.927700815458e+002   -5.784621491877e+003
2.813813979999999e+008   -4.446018741855e+006    2.293525511408e+006   -4.720387333130e+006    5.181735680463e+003   -1.160708077780e+003   -5.454748983814e+003
