2.828586220000002e+008   -6.855610015211e+006    4.487983093158e+005   -2.642530289433e+005    3.376561806844e+002    9.622441519798e+002   -7.552287129775e+003
2.828586819999998e+008   -6.820215975037e+006    5.054991629521e+005   -7.164696538412e+005    8.416008136132e+002    9.270938370925e+002   -7.516042005784e+003
2.828587420000000e+008   -6.754693559835e+006    5.599672486657e+005   -1.165512198071e+006    1.341600600138e+003    8.878560174853e+002   -7.446510578407e+003
2.828588020000002e+008   -6.659346505045e+006    6.119625055736e+005   -1.609394473569e+006    1.835411396589e+003    8.447137831315e+002   -7.344089173549e+003
2.828588619999998e+008   -6.534616033915e+006    6.612575018639e+005   -2.046155067118e+006    2.320647714820e+003    7.979012903214e+002   -7.209233883943e+003
2.828589230000002e+008   -6.378273623699e+006    7.083844598022e+005   -2.480909301662e+006    2.803324508091e+003    7.466602109056e+002   -7.039564568127e+003
2.828589829999998e+008   -6.196150990303e+006    7.515924502422e+005   -2.897492608498e+006    3.265197307342e+003    6.930650989594e+002   -6.841451333113e+003
2.828590430000000e+008   -5.986744887128e+006    7.914899778710e+005   -3.301282422566e+006    3.712324963491e+003    6.364489491604e+002   -6.613294106067e+003
2.828780990000000e+008    6.280719024138e+006    1.631342581951e+004   -2.851471594415e+006    3.103164139119e+003   -1.065874745531e+003    6.848878194015e+003
2.828781590000002e+008    6.453043519348e+006   -4.762817011974e+004   -2.434588968386e+006    2.638811769141e+003   -1.064726508786e+003    7.042177108885e+003
2.828782189999998e+008    6.597140130461e+006   -1.113620364900e+005   -2.007027103811e+006    2.162629220285e+003   -1.058918072365e+003    7.204675537756e+003
2.828782789999999e+008    6.712366021144e+006   -1.746083986362e+005   -1.570657739172e+006    1.676748120843e+003   -1.048496186562e+003    7.335659995174e+003
2.828783390000001e+008    6.798198024792e+006   -2.370901006737e+005   -1.127392308615e+006    1.183258760054e+003   -1.033430518552e+003    7.434477066980e+003
2.828783989999997e+008    6.854247565667e+006   -2.985327862321e+005   -6.791739663344e+005    6.843383454507e+002   -1.013866913010e+003    7.500663188750e+003
2.828784589999999e+008    6.880253744512e+006   -3.586667161605e+005   -2.279710753545e+005    1.821635583422e+002   -9.898613254706e+002    7.533904801412e+003
2.828785190000001e+008    6.876087047555e+006   -4.172289316433e+005    2.242334863188e+005   -3.209467781383e+002   -9.614708244608e+002    7.534068113820e+003
2.828785790000003e+008    6.841756581758e+006   -4.739595934249e+005    6.754516140617e+005   -8.229634946192e+002   -9.288766718380e+002    7.501029802043e+003
2.828786389999998e+008    6.777398052237e+006   -5.286104104648e+005    1.123696495875e+006   -1.321469607732e+003   -8.921325000621e+002    7.434975915080e+003
2.828786990000001e+008    6.683286477146e+006   -5.809394966565e+005    1.566994091872e+006   -1.814363944601e+003   -8.514895344695e+002    7.336173008437e+003
2.828787590000002e+008    6.559822052493e+006   -6.307176134093e+005    2.003389657073e+006   -2.299558076819e+003   -8.071265767757e+002    7.204997662033e+003
2.828788189999998e+008    6.407542259068e+006   -6.777242256924e+005    2.430960421835e+006   -2.774654612705e+003   -7.591990159064e+002    7.042085952454e+003
2.828788790000000e+008    6.227105498182e+006   -7.217529703061e+005    2.847818418321e+006   -3.237702323676e+003   -7.079118645004e+002    6.848074682772e+003
2.828789390000002e+008    6.019299527926e+006   -7.626091324973e+005    3.252124666853e+006   -3.686612674416e+003   -6.534966580412e+002    6.623830430726e+003
2.828789989999998e+008    5.785032301690e+006   -8.001127613352e+005    3.642094390736e+006   -4.119424263664e+003   -5.962072416812e+002    6.370369980843e+003
2.828790589999999e+008    5.525328281232e+006   -8.340976802966e+005    4.016005222338e+006   -4.534170101272e+003   -5.362758801885e+002    6.088760109589e+003
2.828791190000002e+008    5.241326222073e+006   -8.644146442863e+005    4.372206006562e+006   -4.929036939417e+003   -4.739712057708e+002    5.780247843057e+003
2.828791789999997e+008    4.934271009814e+006   -8.909296460219e+005    4.709122814269e+006   -5.302317212312e+003   -4.095850687586e+002    5.446180378977e+003
2.828792389999999e+008    4.605510305317e+006   -9.135253358727e+005    5.025267247706e+006   -5.652279977706e+003   -3.433770960332e+002    5.088104878672e+003
2.828792990000001e+008    4.256488489156e+006   -9.321018240260e+005    5.319241950357e+006   -5.977502644313e+003   -2.756886266606e+002    4.707469003135e+003
2.828793590000003e+008    3.888739034408e+006   -9.465773900907e+005    5.589747919382e+006   -6.276325956494e+003   -2.067435075333e+002    4.306080032808e+003
2.828794189999999e+008    3.503877100765e+006   -9.568878538860e+005    5.835587517745e+006   -6.547675136413e+003   -1.368846679610e+002    3.885586197065e+003
2.828794790000001e+008    3.103595234194e+006   -9.629878823136e+005    6.055676481196e+006   -6.790144344062e+003   -6.639161155185e+001    3.448085188019e+003
2.828795390000003e+008    2.689653064384e+006   -9.648494418682e+005    6.249036435158e+006   -7.002834106119e+003    4.324152089296e+000    2.994975517757e+003
2.828795989999998e+008    2.263870909036e+006   -9.624645730750e+005    6.414810405069e+006   -7.184701032408e+003    7.506298798923e+001    2.528755474892e+003
2.828796590000001e+008    1.828121164305e+006   -9.558424669626e+005    6.552262830580e+006   -7.334936517311e+003    1.455049695551e+002    2.051303724980e+003
2.828797190000002e+008    1.384321675354e+006   -9.450114540927e+005    6.660782076298e+006   -7.452941157359e+003    2.153102006678e+002    1.564679274630e+003
2.828797789999998e+008    9.344257111589e+005   -9.300188305813e+005    6.739886948177e+006   -7.538104191220e+003    2.841834236930e+002    1.071071114199e+003
2.828798390000000e+008    4.804129693149e+005   -9.109293197778e+005    6.789217708276e+006   -7.590072721573e+003    3.518145183204e+002    5.727286546976e+002
2.828798990000002e+008    2.428377135382e+004   -8.878261202769e+005    6.808553084215e+006   -7.608632189331e+003    4.179233724099e+002    7.160153418954e+001
2.828799589999998e+008   -4.319527886194e+005   -8.608100344468e+005    6.797797788561e+006   -7.593668907146e+003    4.821956365782e+002   -4.299804456087e+002
2.828800189999999e+008   -8.862848104404e+005   -8.299995230759e+005    6.756994528590e+006   -7.545195660033e+003    5.443886038765e+002   -9.296872728977e+002
2.828800790000001e+008   -1.336709023329e+006   -7.955288449775e+005    6.686313025045e+006   -7.463420049339e+003    6.041560564530e+002   -1.425468622953e+003
2.828801389999997e+008   -1.781236927688e+006   -7.575492756938e+005    6.586057022118e+006   -7.348717842716e+003    6.612841104399e+002   -1.915133889721e+003
2.828801989999999e+008   -2.217906638125e+006   -7.162266099118e+005    6.456663306925e+006   -7.201562006461e+003    7.155225842237e+002   -2.396492310092e+003
2.828802590000001e+008   -2.644786304968e+006   -6.717428928261e+005    6.298692214993e+006   -7.022533592298e+003    7.666321190440e+002   -2.867312943778e+003
2.828803189999996e+008   -3.059989361557e+006   -6.242932936826e+005    6.112834655339e+006   -6.812475194196e+003    8.143760859073e+002   -3.325694423475e+003
2.828803789999999e+008   -3.461678274425e+006   -5.740860018312e+005    5.899904616586e+006   -6.572239957533e+003    8.584992925039e+002   -3.769395365066e+003
2.828804390000001e+008   -3.848073708696e+006   -5.213420282193e+005    5.660837181951e+006   -6.302868290688e+003    8.988871371527e+002   -4.196574072208e+003
2.828804990000002e+008   -4.217463964797e+006   -4.662940426710e+005    5.396684544716e+006   -6.005585726130e+003    9.352967191343e+002   -4.605268552108e+003
2.828805589999998e+008   -4.568210113760e+006   -4.091841433272e+005    5.108608016710e+006   -5.681650715311e+003    9.675920771546e+002   -4.993716753268e+003
2.828806190000000e+008   -4.898755660686e+006   -3.502657832488e+005    4.797878544013e+006   -5.332523011294e+003    9.956276474847e+002   -5.360066295611e+003
2.828806790000002e+008   -5.207636678599e+006   -2.897953962861e+005    4.465871723913e+006   -4.959695221356e+003    1.019237971642e+003   -5.702794746756e+003
2.828807389999998e+008   -5.493477075730e+006   -2.280454323640e+005    4.114049796517e+006   -4.564856680098e+003    1.038344400158e+003   -6.020229348473e+003
2.828807990000000e+008   -5.755011898643e+006   -1.652845398763e+005    3.743975183808e+006   -4.149794766015e+003    1.052900385296e+003   -6.310967181113e+003
2.828808590000002e+008   -5.991077899671e+006   -1.017916023938e+005    3.357285673521e+006   -3.716236910039e+003    1.062735060542e+003   -6.573835429261e+003
2.828809189999998e+008   -6.200628720210e+006   -3.784846869037e+004    2.955696644310e+006   -3.266238154457e+003    1.067914452585e+003   -6.807480730492e+003
2.828809789999999e+008   -6.382735258076e+006    2.626294952621e+004    2.540988766473e+006   -2.801764467610e+003    1.068335209856e+003   -7.010949876601e+003
2.828810390000001e+008   -6.536592406226e+006    9.025832133989e+004    2.115004012848e+006   -2.324906133341e+003    1.064029638039e+003   -7.183289449669e+003
2.828890779999997e+008    4.539484965943e+006    4.276188602174e+005   -5.177606833230e+006    5.699886863326e+003   -9.494090496886e+002    4.918972811314e+003
2.828891379999999e+008    4.871338647737e+006    3.697627348500e+005   -4.871369248439e+006    5.357865659096e+003   -9.784005260895e+002    5.285240959808e+003
2.828891980000001e+008    5.181957084042e+006    3.102946795561e+005   -4.543838004249e+006    4.992300056042e+003   -1.003099658554e+003    5.628517778875e+003
2.828892580000003e+008    5.469974514479e+006    2.494731497759e+005   -4.196433356957e+006    4.604759400171e+003   -1.023485171606e+003    5.947410702700e+003
2.828893179999999e+008    5.734121285980e+006    1.875623487965e+005   -3.830665919774e+006    4.196911938520e+003   -1.039407952753e+003    6.240427009835e+003
2.828893780000001e+008    5.973234004257e+006    1.248323658973e+005   -3.448127379406e+006    3.770534016351e+003   -1.050785024384e+003    6.506283799144e+003
2.828894380000002e+008    6.186251552464e+006    6.155661066508e+004   -3.050483989663e+006    3.327413559764e+003   -1.057592203627e+003    6.743738147707e+003
2.828894979999998e+008    6.372230535130e+006   -1.986765160213e+003   -2.639470096632e+006    2.869562606225e+003   -1.059755976825e+003    6.951746768859e+003
2.828895580000000e+008    6.530343871237e+006   -6.552234951014e+004   -2.216881336738e+006    2.398859592243e+003   -1.057305602127e+003    7.129416589494e+003
2.828896180000002e+008    6.659878523284e+006   -1.287724290415e+005   -1.784564532772e+006    1.917377220668e+003   -1.050213384957e+003    7.275884221686e+003
2.828896779999998e+008    6.760258129757e+006   -1.914577725350e+005   -1.344414530930e+006    1.427343003788e+003   -1.038514371569e+003    7.390446021542e+003
2.828897379999999e+008    6.831023992179e+006   -2.533048942548e+005   -8.983584700696e+005    9.306186639168e+002   -1.022307258428e+003    7.472638940324e+003
2.828897980000002e+008    6.871855852980e+006   -3.140463268468e+005   -4.483532156864e+005    4.297892293851e+002   -1.001548387256e+003    7.521988753708e+003
2.828898579999997e+008    6.882551550453e+006   -3.734021467564e+005    3.620574243771e+003   -7.335709458575e+001   -9.764166240292e+002    7.538312529503e+003
2.828899179999999e+008    6.863058866451e+006   -4.311243081675e+005    4.555798950718e+005   -5.762511035054e+002   -9.469679598957e+002    7.521456064722e+003
2.828899780000001e+008    6.813446037139e+006   -4.869559356271e+005    9.055332456495e+005   -1.076863820512e+003   -9.133726445091e+002    7.471486034208e+003
2.828900380000003e+008    6.733924443829e+006   -5.406483586558e+005    1.351500890430e+006   -1.572920715909e+003   -8.757539819608e+002    7.388618713808e+003
2.828900979999999e+008    6.624830166193e+006   -5.919676897233e+005    1.791515789301e+006   -2.062234164139e+003   -8.342649113631e+002    7.273170520073e+003
2.828901580000001e+008    6.486633312438e+006   -6.406865794057e+005    2.223638382748e+006   -2.542646795640e+003   -7.891360508474e+002    7.125627915412e+003
2.828902180000003e+008    6.319933662285e+006   -6.865904298764e+005    2.645962698682e+006   -3.011966478628e+003   -7.404855935269e+002    6.946647311043e+003
2.828902779999998e+008    6.125456701195e+006   -7.294769425313e+005    3.056625058947e+006   -3.468196697231e+003   -6.885685292735e+002    6.737025431462e+003
2.828903380000001e+008    5.904052671088e+006   -7.691564272043e+005    3.453811580867e+006   -3.909229480998e+003   -6.336066686290e+002    6.497668820663e+003
2.828903980000002e+008    5.656689008863e+006   -8.054537666515e+005    3.835770389523e+006   -4.333198354231e+003   -5.758760667719e+002    6.229564414862e+003
2.828904579999998e+008    5.384449319084e+006   -8.382093906477e+005    4.200812619382e+006   -4.738119750590e+003   -5.156124945383e+002    5.933988961150e+003
2.828905180000000e+008    5.088527346175e+006   -8.672781787971e+005    4.547326424224e+006   -5.122290000907e+003   -4.530510470916e+002    5.612199664161e+003
2.828905780000002e+008    4.770221500447e+006   -8.925324318270e+005    4.873781485944e+006   -5.483969100593e+003   -3.885076338464e+002    5.265643665412e+003
2.828906379999998e+008    4.430929327757e+006   -9.138600710028e+005    5.178735023686e+006   -5.821593780764e+003   -3.222164059667e+002    4.895748399258e+003
2.828906979999999e+008    4.072141319220e+006   -9.311665003622e+005    5.460839603885e+006   -6.133614518325e+003   -2.545178865439e+002    4.504251317734e+003
2.828907580000001e+008    3.695434510562e+006   -9.443754403097e+005    5.718847150688e+006   -6.418661346086e+003   -1.856862053005e+002    4.092840169548e+003
2.828908179999997e+008    3.302463076449e+006   -9.534281647369e+005    5.951615461376e+006   -6.675527120991e+003   -1.160264588229e+002    3.663262968145e+003
2.828908779999999e+008    2.894957655076e+006   -9.582845028798e+005    6.158116207430e+006   -6.903028976969e+003   -4.585619927820e+001    3.217497766335e+003
2.828909380000001e+008    2.474708771467e+006   -9.589222334210e+005    6.337435461655e+006   -7.100123903644e+003    2.452591516706e+001    2.757512846452e+003
2.828909979999996e+008    2.043565613609e+006   -9.553389637269e+005    6.488773200092e+006   -7.266039749826e+003    9.480038303761e+001    2.285256932592e+003
2.828910579999999e+008    1.603423791623e+006   -9.475492192813e+005    6.611460822191e+006   -7.399958763022e+003    1.646953760776e+002    1.802848676826e+003
2.828911180000001e+008    1.156220835725e+006   -9.355866307536e+005    6.704951158050e+006   -7.501313345401e+003    2.338497486466e+002    1.312377135801e+003
2.828911780000002e+008    7.039254503884e+005   -9.195029084761e+005    6.768826986046e+006   -7.569671844067e+003    3.020002125981e+002    8.159915932505e+002
2.828912379999998e+008    2.485280811595e+005   -8.993677964063e+005    6.802797048251e+006   -7.604664100413e+003    3.688337870416e+002    3.159014311010e+002
2.828912980000000e+008   -2.079641879875e+005   -8.752694060673e+005    6.806706058772e+006   -7.606146989105e+003    4.340546955368e+002   -1.856935967221e+002
2.828913580000002e+008   -6.635403491652e+005   -8.473128169302e+005    6.780530224602e+006   -7.574131721980e+003    4.974060855682e+002   -6.865634820305e+002
2.828914179999998e+008   -1.116191099095e+006   -8.156201666144e+005    6.724376254814e+006   -7.508690681073e+003    5.585390971586e+002   -1.184588121245e+003
2.828914780000000e+008   -1.563919439102e+006   -7.803299560190e+005    6.638482377926e+006   -7.410106614117e+003    6.172828133490e+002   -1.677517058018e+003
2.828915380000002e+008   -2.004749666172e+006   -7.415966851277e+005    6.523225356632e+006   -7.278799799154e+003    6.732973682033e+002   -2.163149619421e+003
2.828915979999998e+008   -2.436731983289e+006   -6.995907573809e+005    6.379097495312e+006   -7.115339236108e+003    7.263488930181e+002   -2.639314884240e+003
2.828916579999999e+008   -2.857958354953e+006   -6.544959828875e+005    6.206732666115e+006   -6.920393670398e+003    7.762042836851e+002   -3.104011768358e+003
2.828917180000001e+008   -3.266564718325e+006   -6.065105763202e+005    6.006884812494e+006   -6.694820133767e+003    8.226462518632e+002   -3.555148878903e+003
2.828917779999997e+008   -3.660742261479e+006   -5.558462325731e+005    5.780428467696e+006   -6.439630187685e+003    8.654784791766e+002   -3.990674569363e+003
2.828918379999999e+008   -4.038744875297e+006   -5.027251303556e+005    5.528359767096e+006   -6.155832019482e+003    9.044939788515e+002   -4.408597199310e+003
2.828918980000001e+008   -4.398897130302e+006   -4.473812949683e+005    5.251787461160e+006   -5.844796459912e+003    9.395426909206e+002   -4.807104532845e+003
2.828919580000003e+008   -4.739600455129e+006   -3.900593631899e+005    4.951929925605e+006   -5.507777281647e+003    9.704223515502e+002   -5.184494528105e+003
2.828920179999999e+008   -5.059343345404e+006   -3.310121509231e+005    4.630111678210e+006   -5.146375012951e+003    9.970363478297e+002   -5.538864570843e+003
2.829003580000000e+008    4.015451074327e+006    5.182712958013e+005   -5.586026959654e+006    6.158673151044e+003   -8.858109953275e+002    4.342738687197e+003
2.829004180000002e+008    4.375959276429e+006    4.640311089708e+005   -5.313454955813e+006    5.853873527626e+003   -9.214680754518e+002    4.739706066184e+003
2.829004779999998e+008    4.717404570608e+006    4.077708208315e+005   -5.017670337928e+006    5.523438936354e+003   -9.531607154477e+002    5.116185546385e+003
2.829005379999999e+008    5.038289808361e+006    3.497334257187e+005   -4.699957646611e+006    5.168815936174e+003   -9.806664328307e+002    5.470424770182e+003
2.829005980000002e+008    5.337206510133e+006    2.901711352222e+005   -4.361693067178e+006    4.791399527703e+003   -1.003968013217e+003    5.800961454749e+003
2.829006579999997e+008    5.612838398716e+006    2.293429914298e+005   -4.004347135548e+006    4.392939103453e+003   -1.022864610191e+003    6.106252746257e+003
2.829007179999999e+008    5.863971506584e+006    1.675144131298e+005   -3.629473754787e+006    3.975021103953e+003   -1.037332688622e+003    6.384996049166e+003
2.829007780000001e+008    6.089494121399e+006    1.049543118098e+005   -3.238704395152e+006    3.539588088614e+003   -1.047220982189e+003    6.635918191554e+003
2.829008380000003e+008    6.288406806116e+006    4.193544532981e+004   -2.833743110466e+006    3.088396216299e+003   -1.052594900504e+003    6.857886296116e+003
2.829008979999999e+008    6.459825147210e+006   -2.126671098859e+004   -2.416357542653e+006    2.623433931324e+003   -1.053336523339e+003    7.049907114555e+003
2.829009580000001e+008    6.602983790828e+006   -8.437557912156e+004   -1.988371428415e+006    2.146743846713e+003   -1.049464041912e+003    7.211107303523e+003
2.829010180000003e+008    6.717241123933e+006   -1.471149950835e+005   -1.551658106955e+006    1.660374939794e+003   -1.041053645341e+003    7.340703506541e+003
2.829010779999998e+008    6.802081233188e+006   -2.092103312145e+005   -1.108130623230e+006    1.166426097593e+003   -1.028072227455e+003    7.438142291025e+003
2.829011380000001e+008    6.857117465937e+006   -2.703893782593e+005   -6.597345338044e+005    6.672319213731e+002   -1.010548491772e+003    7.502949835882e+003
2.829011980000002e+008    6.882091397537e+006   -3.303836242443e+005   -2.084377052187e+005    1.649226902535e+002   -9.885425048467e+002    7.534742652827e+003
2.829012579999998e+008    6.876885981309e+006   -3.889283969751e+005    2.437742644982e+005   -3.384020514666e+002   -9.622514845496e+002    7.533437297607e+003
2.829013180000000e+008    6.841507025500e+006   -4.457671127924e+005    6.949128759420e+005   -8.404869148572e+002   -9.316971838511e+002    7.499000079513e+003
2.829013780000002e+008    6.776098628749e+006   -5.006499901245e+005    1.142992603149e+006   -1.339003196088e+003   -8.970479291249e+002    7.431507180945e+003
2.829014379999998e+008    6.680938869836e+006   -5.533344897440e+005    1.586039300636e+006   -1.831800626827e+003   -8.584765391325e+002    7.331285076283e+003
2.829014979999999e+008    6.556436745366e+006   -6.035886048723e+005    2.022100808260e+006   -2.316769014066e+003   -8.161049795707e+002    7.198700307934e+003
2.829015580000001e+008    6.403126895953e+006   -6.511915247570e+005    2.449251559818e+006   -2.791687699627e+003   -7.701253387583e+002    7.034399234555e+003
2.829016179999997e+008    6.221677133293e+006   -6.959333385850e+005    2.865608470768e+006   -3.254404488080e+003   -7.207347429854e+002    6.839048326553e+003
2.829016779999999e+008    6.012881108648e+006   -7.376157181673e+005    3.269333850190e+006   -3.702939968746e+003   -6.681956653177e+002    6.613514334081e+003
2.829017380000001e+008    5.777651238206e+006   -7.760569647676e+005    3.658643812125e+006   -4.135283238318e+003   -6.127047325585e+002    6.358733959006e+003
2.829017979999996e+008    5.517013063297e+006   -8.110841898048e+005    4.031822485195e+006   -4.549508503079e+003   -5.545005664299e+002    6.075914040740e+003
2.829018579999999e+008    5.232111342577e+006   -8.425443479683e+005    4.387220002101e+006   -4.943732762864e+003   -4.938575012945e+002    5.766241486926e+003
2.829019180000001e+008    4.924195289579e+006   -8.703005191624e+005    4.723262823962e+006   -5.316314456062e+003   -4.310379780730e+002    5.431093600983e+003
2.829019780000002e+008    4.594617052445e+006   -8.942281443086e+005    5.038470243007e+006   -5.665549631821e+003   -3.663087826484e+002    5.071957584183e+003
2.829020379999998e+008    4.244825470399e+006   -9.142206252428e+005    5.331451892513e+006   -5.989903953300e+003   -2.999633001240e+002    4.690410914094e+003
2.829020980000000e+008    3.876354684867e+006   -9.301910053209e+005    5.600902765345e+006   -6.287961768178e+003   -2.322686169674e+002    4.288031263692e+003
2.829021580000002e+008    3.490826857243e+006   -9.420672095627e+005    5.845642209795e+006   -6.558296815249e+003   -1.635495552141e+002    3.866816286364e+003
2.829022179999998e+008    3.089934534398e+006   -9.497980324974e+005    6.064576458086e+006   -6.799815416029e+003   -9.410370336137e+001    3.428444180452e+003
2.829022780000000e+008    2.675443475704e+006   -9.533467194154e+005    6.256748622127e+006   -7.011487822950e+003   -2.425313858449e+001    2.974833248020e+003
2.829023380000002e+008    2.249174264338e+006   -9.526993320217e+005    6.421296723134e+006   -7.192302681621e+003    4.574247945487e+001    2.508051824417e+003
2.829023979999998e+008    1.813001584573e+006   -9.478570519862e+005    6.557494193237e+006   -7.341441865189e+003    1.155404306503e+002    2.030178557116e+003
2.829024579999999e+008    1.368844128276e+006   -9.388403282319e+005    6.664732891770e+006   -7.458306765265e+003    1.848302056028e+002    1.543222454163e+003
2.829025180000001e+008    9.186593327414e+005   -9.256886025986e+005    6.742538613914e+006   -7.542343816842e+003    2.533180236045e+002    1.049322598277e+003
2.829025779999997e+008    4.644285526424e+005   -9.084582105411e+005    6.790560615042e+006   -7.593169643222e+003    3.207038360372e+002    5.507283504409e+002
2.829026379999999e+008    8.150269712000e+003   -8.872255585734e+005    6.808578121682e+006   -7.610544475093e+003    3.866911279393e+002    4.955930658003e+001
2.829026980000001e+008   -4.481649911561e+005   -8.620823377203e+005    6.796504840075e+006   -7.594372725870e+003    4.510056007864e+002   -4.519147002274e+002
2.829027580000003e+008   -9.025048008459e+005   -8.331383525437e+005    6.754384472617e+006   -7.544710862327e+003    5.133416653132e+002   -9.515835898564e+002
2.829028179999999e+008   -1.352865078372e+006   -8.005205191073e+005    6.682397234693e+006   -7.461764058719e+003    5.734164678146e+002   -1.447127037513e+003
2.829028780000001e+008   -1.797258677605e+006   -7.643717303672e+005    6.580850868763e+006   -7.345862397070e+003    6.310029218906e+002   -1.936504511736e+003
2.829029380000002e+008   -2.233722432593e+006   -7.248500490929e+005    6.450186155942e+006   -7.197545245501e+003    6.858100912594e+002   -2.417475141460e+003
2.829029979999998e+008   -2.660327646040e+006   -6.821286017230e+005    6.290971433152e+006   -7.017388824492e+003    7.376214038523e+002   -2.887767991697e+003
2.829030580000000e+008   -3.075186263147e+006   -6.363958327077e+005    6.103901603215e+006   -6.806144788500e+003    7.861688555441e+002   -3.345511843436e+003
2.829031180000002e+008   -3.476463267291e+006   -5.878517897164e+005    5.889798655310e+006   -6.564811572761e+003    8.312938283402e+002   -3.788575068308e+003
2.829031779999998e+008   -3.862380278418e+006   -5.367108666239e+005    5.649599670717e+006   -6.294344861181e+003    8.727189021014e+002   -4.215086113916e+003
2.829032379999999e+008   -4.231228274374e+006   -4.831981316385e+005    5.384362343813e+006   -5.996010089092e+003    9.103138083742e+002   -4.622992913772e+003
2.829032980000002e+008   -4.581369274129e+006   -4.275490956453e+005    5.095253484821e+006   -5.671043831096e+003    9.438856687892e+002   -5.010453451865e+003
2.829033559999999e+008   -4.900597919346e+006   -3.719543114724e+005    4.794290535454e+006   -5.333006946206e+003    9.724268729621e+002   -5.364025573486e+003
