2.810996980000002e+008    5.698868352300e+006   -2.845234140224e+006    2.629273840631e+006   -3.047796733388e+003    3.431679939581e+002    6.955829488323e+003
2.810997579999997e+008    5.503636247769e+006   -2.818418942828e+006    3.040533643855e+006   -3.457370007414e+003    5.502604345206e+002    6.747946008251e+003
2.810998179999999e+008    5.284290689104e+006   -2.779248224948e+006    3.438435083146e+006   -3.851762189435e+003    7.549176442479e+002    6.510427646340e+003
2.810998780000001e+008    5.041757680903e+006   -2.727889968500e+006    3.821209039858e+006   -4.229375956785e+003    9.562966403080e+002    6.244231762706e+003
2.810999380000003e+008    4.777143460432e+006   -2.664576072906e+006    4.187195498936e+006   -4.588099824833e+003    1.153376416945e+003    5.950754872276e+003
2.810999979999999e+008    4.491573074787e+006   -2.589581990628e+006    4.534771612700e+006   -4.926942105307e+003    1.345401568282e+003    5.631075325909e+003
2.811000580000001e+008    4.186330153672e+006   -2.503241116981e+006    4.862422772605e+006   -5.244061578016e+003    1.531522203143e+003    5.286690086912e+003
2.811001180000003e+008    3.862744906212e+006   -2.405931646128e+006    5.168711292246e+006   -5.538165619451e+003    1.710887911190e+003    4.919187012253e+003
2.811001779999998e+008    3.522240885736e+006   -2.298083376722e+006    5.452295330899e+006   -5.807925520639e+003    1.882715871105e+003    4.530123903267e+003
2.811002500000003e+008    3.093399837347e+006   -2.155418572180e+006    5.760877413897e+006   -6.097939015378e+003    2.077969840126e+003    4.037174736540e+003
2.811003099999999e+008    2.721015860948e+006   -2.026110082683e+006    5.990279307558e+006   -6.310327301418e+003    2.230677576577e+003    3.606767228741e+003
2.811003700000001e+008    2.336713243872e+006   -1.887926955486e+006    6.193368992927e+006   -6.495048265980e+003    2.373629526171e+003    3.160544178069e+003
2.811004300000003e+008    1.942175901416e+006   -1.741476542927e+006    6.369252697524e+006   -6.651345531652e+003    2.506196106851e+003    2.700474325850e+003
2.811004899999999e+008    1.539134397575e+006   -1.587399229274e+006    6.517176071539e+006   -6.778500316447e+003    2.627785368839e+003    2.228496476385e+003
2.811005500000001e+008    1.129351819734e+006   -1.426369908427e+006    6.636477710709e+006   -6.875961971699e+003    2.737837710726e+003    1.746739709607e+003
2.811006100000002e+008    7.146226852406e+005   -1.259093749286e+006    6.726632658356e+006   -6.943333814182e+003    2.835906040396e+003    1.257333361500e+003
2.811006699999998e+008    2.967626235553e+005   -1.086302761810e+006    6.787246422349e+006   -6.980274100199e+003    2.921568014752e+003    7.623468586265e+002
2.811007300000000e+008   -1.223979612513e+005   -9.087542221260e+005    6.818050985492e+006   -6.986660925668e+003    2.994439605839e+003    2.640799877292e+002
2.811007900000002e+008   -5.410221842532e+005   -7.272286176121e+005    6.818907319136e+006   -6.962411740565e+003    3.054144793244e+003   -2.354174002916e+002
2.811008499999998e+008   -9.572753697239e+005   -5.425222008269e+005    6.789809397687e+006   -6.907655122874e+003    3.100355160365e+003   -7.335751077246e+002
2.811009099999999e+008   -1.369333192882e+006   -3.554481519001e+005    6.730875211803e+006   -6.822556846555e+003    3.133016968043e+003   -1.229252865340e+003
2.811009700000002e+008   -1.775382876194e+006   -1.667642914063e+005    6.642204773524e+006   -6.707509939466e+003    3.152578339810e+003   -1.721100010052e+003
2.811010489999998e+008   -2.297856577999e+006    8.264781263683e+004    6.480982201383e+006   -6.511181039278e+003    3.156386558154e+003   -2.354510475468e+003
2.810846879999998e+008   -7.473670660907e+005    2.342402607028e+006    6.422067353299e+006    5.948399246741e+002    7.392215433072e+003   -2.547817343319e+003
2.811010930000000e+008   -2.581516415243e+006    2.213682775405e+005    6.372977853808e+006   -6.387506948335e+003    3.134940254796e+003   -2.696323382341e+003
2.811014039999998e+008   -4.375979266620e+006    1.168426899228e+006    5.172590924804e+006   -5.045027807894e+003    2.881604761620e+003   -4.922274866831e+003
2.811014639999999e+008   -4.668842169438e+006    1.338642561627e+006    4.866082460199e+006   -4.712694495948e+003    2.789339593730e+003   -5.292310979627e+003
2.811015240000002e+008   -4.941115964868e+006    1.502937655682e+006    4.538034653424e+006   -4.359796330505e+003    2.685088606605e+003   -5.638591114598e+003
2.811015839999997e+008   -5.191609225241e+006    1.660609137092e+006    4.189915033147e+006   -3.987382278612e+003    2.568868816596e+003   -5.960233560984e+003
2.811016439999999e+008   -5.419242263208e+006    1.810975782236e+006    3.823328811259e+006   -3.597173815197e+003    2.441217932836e+003   -6.255725487539e+003
2.811017040000001e+008   -5.622961729796e+006    1.953349842294e+006    3.439811242176e+006   -3.190907372518e+003    2.302755258685e+003   -6.523634034972e+003
2.811017639999997e+008   -5.801868769159e+006    2.087105081584e+006    3.041069035064e+006   -2.770407758776e+003    2.154037291251e+003   -6.762866203435e+003
2.811018239999999e+008   -5.955163547804e+006    2.211647148188e+006    2.628863961953e+006   -2.337542446913e+003    1.995761863581e+003   -6.972198916841e+003
2.811018840000001e+008   -6.082162876498e+006    2.326422993068e+006    2.205019586890e+006   -1.894219954874e+003    1.828640913936e+003   -7.150739032046e+003
2.811019440000003e+008   -6.182297001615e+006    2.430923140118e+006    1.771407460794e+006   -1.442358460336e+003    1.653373931110e+003   -7.297643390835e+003
2.811020039999998e+008   -6.255116610540e+006    2.524683522057e+006    1.329946832955e+006   -9.840870068598e+002    1.470785179635e+003   -7.412238485966e+003
2.811020640000001e+008   -6.300296289398e+006    2.607286757660e+006    8.825930567033e+005   -5.213675583084e+002    1.281642961246e+003   -7.494021085189e+003
2.811021240000002e+008   -6.317554863048e+006    2.678367445803e+006    4.313008598615e+005   -5.687381851704e+001    1.086861914712e+003   -7.542406790071e+003
2.811021839999998e+008   -6.306830895510e+006    2.737567088187e+006   -2.189697139995e+004    4.079504047375e+002    8.874537085637e+002   -7.557533201900e+003
2.811022440000000e+008   -6.268428473068e+006    2.784724518028e+006   -4.749670463519e+005    8.716242387887e+002    6.838973055181e+002   -7.539197885955e+003
2.811023040000002e+008   -6.202396268588e+006    2.819606630343e+006   -9.259017936550e+005    1.331770602450e+003    4.771438052258e+002   -7.487606926358e+003
2.811023639999998e+008   -6.108869444438e+006    2.841993425114e+006   -1.372770800579e+006    1.785515568536e+003    2.685221463497e+002   -7.402705580078e+003
2.811024239999999e+008   -5.988327648506e+006    2.851817860276e+006   -1.813564186066e+006    2.231067345105e+003    5.884715564714e+001   -7.284980891326e+003
2.811024840000001e+008   -5.841340735877e+006    2.849047848448e+006   -2.246326620570e+006    2.666669245715e+003   -1.510299721672e+002   -7.135069960029e+003
2.811025439999997e+008   -5.668564950657e+006    2.833701793792e+006   -2.669142531537e+006    3.090342794442e+003   -3.602327486196e+002   -6.953649523761e+003
2.811026039999999e+008   -5.470776762021e+006    2.805854213103e+006   -3.080149348048e+006    3.500189693052e+003   -5.676567923504e+002   -6.741516440281e+003
2.811026640000001e+008   -5.248864514121e+006    2.765648872174e+006   -3.477534413808e+006    3.894425593265e+003   -7.726861469941e+002   -6.499647775926e+003
2.811113990000002e+008    4.335099750230e+006   -2.534791549020e+006    4.713868901102e+006   -5.103911963731e+003    1.434907347414e+003    5.448494320538e+003
2.811114589999998e+008    4.019588449080e+006   -2.443204256058e+006    5.030182830955e+006   -5.409244048991e+003    1.616810693050e+003    5.091439350117e+003
2.811115189999999e+008    3.686466199056e+006   -2.340913079764e+006    5.324396895706e+006   -5.690795367484e+003    1.791583157428e+003    4.712105294317e+003
2.811115790000001e+008    3.337194950789e+006   -2.228367987923e+006    5.595221692005e+006   -5.947387316372e+003    1.958476245918e+003    4.312080202139e+003
2.811116389999997e+008    2.973304634850e+006   -2.106062329272e+006    5.841468203982e+006   -6.177893620783e+003    2.116807924603e+003    3.893172211161e+003
2.811116989999999e+008    2.596391898104e+006   -1.974532413646e+006    6.062060305347e+006   -6.381308851661e+003    2.265828616512e+003    3.457189652701e+003
2.811117590000001e+008    2.208106901984e+006   -1.834355994406e+006    6.256028280947e+006   -6.556796571791e+003    2.404931749843e+003    3.006041139964e+003
2.811118329999998e+008    1.716089958200e+006   -1.650476461475e+006    6.457338681174e+006   -6.733601202039e+003    2.561940466477e+003    2.431695413782e+003
2.811118970000003e+008    1.281222447430e+006   -1.482534532288e+006    6.596704698887e+006   -6.850378404166e+003    2.683992850701e+003    1.921650429946e+003
2.811119610000002e+008    8.399701840349e+005   -1.307205773012e+006    6.703108401665e+006   -6.933029758035e+003    2.792674093285e+003    1.402069249484e+003
2.811120230000002e+008    4.084931972105e+005   -1.131135259874e+006    6.774250667430e+006   -6.980165706176e+003    2.884705042154e+003    8.919494872101e+002
2.811120829999998e+008   -1.090603933142e+004   -9.556979024721e+005    6.812837688002e+006   -6.994699677347e+003    2.960960262528e+003    3.940059316728e+002
2.811121430000000e+008   -4.302567148099e+005   -7.760743860457e+005    6.821494275709e+006   -6.978597410479e+003    3.024227127655e+003   -1.056481080871e+002
2.811122030000002e+008   -8.477220760670e+005   -5.930498045284e+005    6.800170403611e+006   -6.931886811631e+003    3.074278633911e+003   -6.049625937005e+002
2.811122629999998e+008   -1.261470854899e+006   -4.074257759899e+005    6.748949053171e+006   -6.854739899491e+003    3.110844892161e+003   -1.101797253956e+003
2.811123229999999e+008   -1.669687471757e+006   -2.200139745455e+005    6.668051731169e+006   -6.747521678128e+003    3.133792831069e+003   -1.593841496915e+003
2.811123830000001e+008   -2.070578419027e+006   -3.163829369024e+004    6.557819979974e+006   -6.610651838601e+003    3.143042075641e+003   -2.079194639727e+003
2.811124429999997e+008   -2.462382243971e+006    1.568760256060e+005    6.418727394314e+006   -6.444703160881e+003    3.138414032698e+003   -2.555545754196e+003
2.811125029999999e+008   -2.843374402814e+006    3.447022829728e+005    6.251374629167e+006   -6.250400456776e+003    3.120061385947e+003   -3.020883649850e+003
2.811125630000001e+008   -3.211874778308e+006    5.310148609051e+005    6.056484412110e+006   -6.028514674324e+003    3.087984681457e+003   -3.473117067938e+003
2.811126230000003e+008   -3.566260956225e+006    7.149935962763e+005    5.834904065142e+006   -5.780022924986e+003    3.042312451390e+003   -3.910244408293e+003
2.811126829999998e+008   -3.904966819817e+006    8.958296781660e+005    5.587597002649e+006   -5.506019191513e+003    2.983244846271e+003   -4.330343877292e+003
2.811127430000001e+008   -4.226494143665e+006    1.072724708434e+006    5.315640750239e+006   -5.207604331072e+003    2.911005485546e+003   -4.731573669182e+003
2.811128030000002e+008   -4.529417673022e+006    1.244897963431e+006    5.020222453335e+006   -4.886146325906e+003    2.825937967616e+003   -5.112091537779e+003
2.811128629999998e+008   -4.812395352263e+006    1.411588809354e+006    4.702634893933e+006   -4.542961492048e+003    2.728320043929e+003   -5.470265324345e+003
2.811129230000000e+008   -5.074174306770e+006    1.572066661223e+006    4.364295000822e+006   -4.179573981255e+003    2.618630008999e+003   -5.804602522780e+003
2.811129830000002e+008   -5.313580906236e+006    1.725607397355e+006    4.006632332173e+006   -3.797649441389e+003    2.497419170558e+003   -6.113170392705e+003
2.811130429999998e+008   -5.529555363791e+006    1.871539070912e+006    3.631253834182e+006   -3.398741716457e+003    2.365074620082e+003   -6.394906384470e+003
2.811131029999999e+008   -5.721131549165e+006    2.009212159884e+006    3.239810506663e+006   -2.984759100769e+003    2.222293287767e+003   -6.648437356764e+003
2.811131630000002e+008   -5.887457019284e+006    2.138017497831e+006    2.834028636519e+006   -2.557388667244e+003    2.069626762300e+003   -6.872630535485e+003
2.811132229999997e+008   -6.027788272483e+006    2.257383456601e+006    2.415700289867e+006   -2.118594837941e+003    1.907770483452e+003   -7.066492688587e+003
2.811132829999999e+008   -6.141496399266e+006    2.366780361843e+006    1.986672521431e+006   -1.670323659530e+003    1.737430750480e+003   -7.229110613603e+003
2.811133430000001e+008   -6.228074304364e+006    2.465721691691e+006    1.548845886343e+006   -1.214565789788e+003    1.559396627449e+003   -7.359731031913e+003
2.811134030000003e+008   -6.287133141784e+006    2.553768849433e+006    1.104156234530e+006   -7.533255243228e+002    1.374380164369e+003   -7.457780646488e+003
2.811134629999999e+008   -6.318408019369e+006    2.630530859806e+006    6.545735199868e+005   -2.887670056158e+002    1.183366121554e+003   -7.522785887778e+003
2.811135230000001e+008   -6.321758623592e+006    2.695668132785e+006    2.020904019419e+005    1.771217911985e+002    9.870590807612e+002   -7.554423486103e+003
2.811135830000002e+008   -6.297171672583e+006    2.748892925059e+006   -2.512887511442e+005    6.421614882442e+002    7.864235514113e+002   -7.552609848653e+003
2.811136429999998e+008   -6.244753397708e+006    2.789969136809e+006   -7.035552738446e+005    1.104389025774e+003    5.822828551177e+002   -7.517331741424e+003
2.811137030000000e+008   -6.164742853972e+006    2.818717358954e+006   -1.152703181876e+006    1.561643918248e+003    3.756205391548e+002   -7.448755601943e+003
2.811137630000002e+008   -6.057496153687e+006    2.835012950110e+006   -1.596744397883e+006    2.011895870044e+003    1.673751242338e+002   -7.347158081972e+003
2.811138229999998e+008   -5.923496281475e+006    2.838787776352e+006   -2.033713835387e+006    2.453101551226e+003   -4.155638341693e+001   -7.213105814382e+003
2.811138830000000e+008   -5.763340970544e+006    2.830028042241e+006   -2.461678118645e+006    2.883337836492e+003   -2.502461012557e+002   -7.047125626363e+003
2.811139430000002e+008   -5.577748519367e+006    2.808777919015e+006   -2.878746573026e+006    3.300743950099e+003   -4.578026900937e+002   -6.850034448728e+003
2.811140029999998e+008   -5.367546654794e+006    2.775135574209e+006   -3.283078943346e+006    3.703392788577e+003   -6.631866163091e+002   -6.622739097718e+003
2.811140629999999e+008   -5.133674857816e+006    2.729254720655e+006   -3.672892690018e+006    4.089467737280e+003   -8.655463652653e+002   -6.366256578231e+003
2.811141230000001e+008   -4.877092848142e+006    2.671319571940e+006   -4.046450639197e+006    4.456902667928e+003   -1.063840541164e+003   -6.081953480768e+003
2.811141830000004e+008   -4.599134456853e+006    2.601653501903e+006   -4.402161901768e+006    4.805065788842e+003   -1.257592392208e+003   -5.770708756394e+003
2.811142429999999e+008   -4.300912656678e+006    2.520529046765e+006   -4.738423150559e+006    5.131831562354e+003   -1.445632060605e+003   -5.434298893663e+003
2.811143030000001e+008   -3.983758383191e+006    2.428299996838e+006   -5.053777200022e+006    5.435821919311e+003   -1.627171652685e+003   -5.074071615055e+003
2.811143630000003e+008   -3.649087640947e+006    2.325400403291e+006   -5.346853722590e+006    5.715759743864e+003   -1.801479521073e+003   -4.691594810318e+003
2.811227990000002e+008    4.177205744600e+006   -2.478754613614e+006    4.882487676166e+006   -5.270954440908e+003    1.519165234304e+003    5.263863882930e+003
2.811228589999998e+008    3.852028021788e+006   -2.382239254171e+006    5.187360177990e+006   -5.564319132181e+003    1.696785132959e+003    4.894868829423e+003
2.811229280000002e+008    3.457295321431e+006   -2.258366953691e+006    5.509707135584e+006   -5.871549042314e+003    1.891815888469e+003    4.444057010952e+003
2.811229879999998e+008    3.097694622579e+006   -2.139999032197e+006    5.764057571045e+006   -6.110951640389e+003    2.052460597925e+003    4.031103304754e+003
2.811230480000000e+008    2.724520025366e+006   -2.012253298041e+006    5.993086983179e+006   -6.323644538369e+003    2.204127969379e+003    3.600405698271e+003
2.811231080000002e+008    2.339431515245e+006   -1.875708677322e+006    6.195863642850e+006   -6.508746476198e+003    2.346237680019e+003    3.153412733495e+003
2.811231679999998e+008    1.944071023997e+006   -1.730928757299e+006    6.371331350871e+006   -6.665171442548e+003    2.477948906329e+003    2.693302609729e+003
2.811232279999999e+008    1.540196681799e+006   -1.578568715997e+006    6.518825215374e+006   -6.792410406697e+003    2.598788909759e+003    2.221244479270e+003
2.811232880000002e+008    1.129578100761e+006   -1.419296427210e+006    6.637690325283e+006   -6.889915352153e+003    2.708270585943e+003    1.739387431626e+003
2.811233479999997e+008    7.140128597840e+005   -1.253807925906e+006    6.727402722957e+006   -6.957238462735e+003    2.805928432516e+003    1.249840720308e+003
2.811234079999999e+008    2.953196304524e+005   -1.082827272591e+006    6.787560915365e+006   -6.994094409555e+003    2.891278854299e+003    7.547138624420e+002
2.811234680000001e+008   -1.246645719442e+005   -9.071029012487e+005    6.817899878748e+006   -7.000323386489e+003    2.963986949885e+003    2.561565862143e+002
2.811235280000003e+008   -5.441015627159e+005   -7.274038749892e+005    6.818277086717e+006   -6.975882509074e+003    3.023746392405e+003   -2.435611884626e+002
2.811235879999999e+008   -9.611540510275e+005   -5.445155698599e+005    6.788682513819e+006   -6.920819601749e+003    3.070241497104e+003   -7.424793948951e+002
2.811236480000001e+008   -1.373992305957e+006   -3.592388891814e+005    6.729240646424e+006   -6.835433615227e+003    3.103295767952e+003   -1.238217550868e+003
2.811237080000002e+008   -1.780802874184e+006   -1.723870943695e+005    6.640198997040e+006   -6.720005884887e+003    3.122741890292e+003   -1.728735202876e+003
2.811237679999998e+008   -2.179799087587e+006    1.522108032502e+004    6.521938621734e+006   -6.575040590945e+003    3.128495963661e+003   -2.211841530809e+003
2.811238280000000e+008   -2.569226363318e+006    2.027622504345e+005    6.374966628787e+006   -6.401162390416e+003    3.120516821543e+003   -2.685375516617e+003
2.811238880000002e+008   -2.947370313599e+006    3.894128641185e+005    6.199920192096e+006   -6.199069379719e+003    3.098814128656e+003   -3.147306020632e+003
2.811239479999998e+008   -3.312564505776e+006    5.743526711712e+005    5.997557063945e+006   -5.969623570222e+003    3.063517415055e+003   -3.595651631106e+003
2.811240080000000e+008   -3.663196721470e+006    7.567668025650e+005    5.768755585285e+006   -5.713842854156e+003    3.014693343613e+003   -4.028310685328e+003
2.811240680000002e+008   -3.997716720300e+006    9.358517921592e+005    5.514511198631e+006   -5.432766923680e+003    2.952556591125e+003   -4.443401478738e+003
2.811241279999998e+008   -4.314644400434e+006    1.110821135770e+006    5.235925961579e+006   -5.127663355317e+003    2.877477147500e+003   -4.839141929067e+003
2.811241879999999e+008   -4.612575350354e+006    1.280892286986e+006    4.934233055282e+006   -4.799781293230e+003    2.789580763631e+003   -5.213669995018e+003
2.811242480000001e+008   -4.890173864729e+006    1.445310557000e+006    4.610728774075e+006   -4.450494655844e+003    2.689294701663e+003   -5.565453419078e+003
2.811243080000004e+008   -5.146228052837e+006    1.603363692471e+006    4.266855615915e+006   -4.081491422875e+003    2.577155505830e+003   -5.892769427502e+003
2.811243679999999e+008   -5.379588221698e+006    1.754345989478e+006    3.904112680373e+006   -3.694287319821e+003    2.453570752480e+003   -6.194185533112e+003
2.811244280000001e+008   -5.589194239940e+006    1.897559159067e+006    3.524098413251e+006   -3.290539549503e+003    2.319137819171e+003   -6.468379010105e+003
2.811244880000003e+008   -5.774235573905e+006    2.032529986747e+006    3.128525376872e+006   -2.872617008158e+003    2.174841544944e+003   -6.713705956639e+003
2.811245479999999e+008   -5.933718862203e+006    2.158439219003e+006    2.719074720369e+006   -2.441447013625e+003    2.020480926699e+003   -6.929684871960e+003
2.811246080000001e+008   -6.066997548346e+006    2.274816811664e+006    2.297582073238e+006   -1.999496104229e+003    1.857248079777e+003   -7.114881686326e+003
2.811246680000002e+008   -6.173474195267e+006    2.381143825170e+006    1.865910642744e+006   -1.548460856093e+003    1.685674605305e+003   -7.268763614058e+003
2.811247279999998e+008   -6.252673405445e+006    2.476949817413e+006    1.425971737010e+006   -1.090514734256e+003    1.506635093316e+003   -7.390437077504e+003
2.811247880000000e+008   -6.304239762580e+006    2.561809595241e+006    9.797132614991e+005   -6.277189036314e+002    1.320961659667e+003   -7.479338684161e+003
2.811248480000002e+008   -6.327943669138e+006    2.635347513679e+006    5.291131286985e+005   -1.620677569514e+002    1.129377552186e+003   -7.535135155460e+003
2.811249079999998e+008   -6.323677693624e+006    2.697237399974e+006    7.616725215266e+004    3.042431570746e+002    9.328165043793e+002   -7.557482876012e+003
2.811249680000000e+008   -6.291461897308e+006    2.747205792018e+006   -3.771165447351e+005    7.692196662468e+002    7.321920818287e+002   -7.546358559498e+003
2.811250280000002e+008   -6.231440847643e+006    2.785033438661e+006   -8.287287335109e+005    1.230754954313e+003    5.282561791319e+002   -7.501818743774e+003
2.811250879999998e+008   -6.143883124191e+006    2.810554435077e+006   -1.276669181532e+006    1.686763713622e+003    3.221435773324e+002   -7.424009984530e+003
2.811251479999999e+008   -6.029181303818e+006    2.823658725248e+006   -1.718953851891e+006    2.135208766052e+003    1.145599929180e+002   -7.313358935610e+003
2.811252080000001e+008   -5.887849885782e+006    2.824291597789e+006   -2.153625506829e+006    2.574080275713e+003   -9.343862954413e+001   -7.170352279625e+003
2.811252679999997e+008   -5.720522621843e+006    2.812455156808e+006   -2.578761212032e+006    3.001459105202e+003   -3.009724846146e+002   -6.995636854994e+003
2.811253279999999e+008   -5.527945771175e+006    2.788204785901e+006   -2.992483247780e+006    3.415405711515e+003   -5.070679766582e+002   -6.790019462945e+003
2.811253880000001e+008   -5.310999090071e+006    2.751684241145e+006   -3.392959973211e+006    3.815244596586e+003   -7.129689196315e+002   -6.554909062740e+003
2.811254480000003e+008   -5.070626759926e+006    2.702949905108e+006   -3.778536046843e+006    4.195241096988e+003   -9.116663521445e+002   -6.291666007889e+003
2.811255079999998e+008   -4.807870653458e+006    2.642373961194e+006   -4.147225353526e+006    4.558553232912e+003   -1.107624030758e+003   -5.998135636582e+003
2.811255680000001e+008   -4.523963902268e+006    2.570138427691e+006   -4.497685876385e+006    4.901159212289e+003   -1.298969724276e+003   -5.679841327573e+003
2.811256280000002e+008   -4.220139971020e+006    2.486586365305e+006   -4.828289990369e+006    5.222325240330e+003   -1.484782859874e+003   -5.336411845069e+003
2.811256879999998e+008   -3.897750220783e+006    2.392097000374e+006   -5.137591777223e+006    5.519999553809e+003   -1.663551881179e+003   -4.969963785295e+003
2.811257490000002e+008   -3.552426522707e+006    2.285251684118e+006   -5.428817913065e+006    5.797635745173e+003   -1.837978578381e+003   -4.575052882737e+003
2.811257979999998e+008   -3.263316232440e+006    2.191868318528e+006   -5.645025865655e+006    6.001805874387e+003   -1.971902249368e+003   -4.242200692805e+003
