2.829179970000001e+008    6.573969157650e+006   -4.833418280543e+004   -2.084570964809e+006    2.257146990852e+003   -1.042743766186e+003    7.177697863913e+003
2.829180570000002e+008    6.694914604743e+006   -1.107474568470e+005   -1.649649865845e+006    1.772901645566e+003   -1.036910012649e+003    7.314350657807e+003
2.829181169999998e+008    6.786547652565e+006   -1.726763783998e+005   -1.207486571962e+006    1.280468821446e+003   -1.026569606447e+003    7.418987012791e+003
2.829181770000000e+008    6.848453536414e+006   -2.338480187751e+005   -7.600207946238e+005    7.822189824069e+002   -1.011725275708e+003    7.491073049282e+003
2.829182370000002e+008    6.880348332239e+006   -2.939931123325e+005   -3.092145595891e+005    2.803776856529e+002   -9.924359524943e+002    7.530255122443e+003
2.829182969999998e+008    6.882070414025e+006   -3.528507629569e+005    1.429498068486e+005   -2.229852411733e+002   -9.687712806336e+002    7.536369842020e+003
2.829183570000000e+008    6.853610164947e+006   -4.101580866384e+005    5.944854297532e+005   -7.254948308992e+002   -9.408121768711e+002    7.509303318054e+003
2.829184170000002e+008    6.795071212140e+006   -4.656667867073e+005    1.043404348209e+006   -1.225090635571e+003   -9.087814605019e+002    7.449172168929e+003
2.829184769999998e+008    6.706705511518e+006   -5.191291305661e+005    1.487731158586e+006   -1.719429182665e+003   -8.726924041216e+002    7.356252559942e+003
2.829185369999999e+008    6.588887714421e+006   -5.703125146052e+005    1.925506855813e+006   -2.206470784729e+003   -8.328224960849e+002    7.230901141274e+003
2.829185970000001e+008    6.442125618475e+006   -6.189910407754e+005    2.354799516685e+006   -2.683813027493e+003   -7.892220722453e+002    7.073633980432e+003
2.829186569999997e+008    6.267059973594e+006   -6.649488228885e+005    2.773719200050e+006   -3.149575844823e+003   -7.421862772589e+002    6.885177988500e+003
2.829187169999999e+008    6.064449965499e+006   -7.079852342060e+005    3.180413270309e+006   -3.601600459047e+003   -6.918520108664e+002    6.666319628007e+003
2.829187770000001e+008    5.835180884181e+006   -7.479084607602e+005    3.573088585205e+006   -4.037887042820e+003   -6.384749504866e+002    6.418045616328e+003
2.829188370000003e+008    5.580256536735e+006   -7.845437613625e+005    3.950010207852e+006   -4.456484914762e+003   -5.822921243396e+002    6.141412752237e+003
2.829188969999999e+008    5.300794107463e+006   -8.177292104985e+005    4.309514715359e+006   -4.855552224365e+003   -5.235298168037e+002    5.837618013293e+003
2.829189570000001e+008    4.998018168934e+006   -8.473184071442e+005    4.650011708515e+006   -5.233290116248e+003   -4.624495733981e+002    5.508098446111e+003
2.829190170000002e+008    4.673258576609e+006   -8.731809872893e+005    4.969997815223e+006   -5.588073377953e+003   -3.993444193555e+002    5.154191379848e+003
2.829190769999998e+008    4.327939722580e+006   -8.952024905267e+005    5.268058708099e+006   -5.918304423053e+003   -3.344859522795e+002    4.777524190274e+003
2.829191370000000e+008    3.963579811569e+006   -9.132858589776e+005    5.542878405599e+006   -6.222541386264e+003   -2.681511522628e+002    4.379744507748e+003
2.829191970000002e+008    3.581779816946e+006   -9.273510082417e+005    5.793241290114e+006   -6.499447857010e+003   -2.006202755662e+002    3.962600135177e+003
2.829192569999998e+008    3.184217481170e+006   -9.373358737214e+005    6.018039117750e+006   -6.747771199890e+003   -1.321870137329e+002    3.527919012048e+003
2.829193169999999e+008    2.772640582941e+006   -9.431956243548e+005    6.216277029389e+006   -6.966435261336e+003   -6.314348244775e+001    3.077559366736e+003
2.829193809999998e+008    2.320218668518e+006   -9.448698782882e+005    6.397468439893e+006   -7.165877906509e+003    1.074969432235e+001    2.582228433749e+003
2.829194410000001e+008    1.885473714502e+006   -9.421421500648e+005    6.538166075030e+006   -7.320300945767e+003    8.005220503078e+001    2.105993653449e+003
2.829195010000002e+008    1.442426960016e+006   -9.352659995944e+005    6.649996444608e+006   -7.442507997002e+003    1.489685841669e+002    1.620266130581e+003
2.829195609999998e+008    9.930275133791e+005   -9.242715543275e+005    6.732458357363e+006   -7.531987989042e+003    2.172845318695e+002    1.127395022437e+003
2.829196210000000e+008    5.392536116300e+005   -9.092063075086e+005    6.785183073767e+006   -7.588282682675e+003    2.846245970383e+002    6.294095648548e+002
2.829196810000002e+008    8.310365134316e+004   -8.901357779655e+005    6.807930320668e+006   -7.611131150113e+003    3.507398762587e+002    1.285293226480e+002
2.829197439999998e+008   -3.962120906974e+005   -8.658919438424e+005    6.799434665454e+006   -7.599058094471e+003    4.185087820345e+002   -3.980980158908e+002
2.829198040000000e+008   -8.509473366081e+005   -8.388888162909e+005    6.760535377217e+006   -7.553209978618e+003    4.811778965259e+002   -8.980808155042e+002
2.829198640000002e+008   -1.301930275193e+006   -8.081874135556e+005    6.691742578232e+006   -7.474039746375e+003    5.417431343964e+002   -1.394148227354e+003
2.829199239999998e+008   -1.747170680605e+006   -7.739219662682e+005    6.593353506353e+006   -7.361860709290e+003    5.999276838291e+002   -1.884249748574e+003
2.829199840000000e+008   -2.184701830742e+006   -7.362424486453e+005    6.465794437362e+006   -7.217157053139e+003    6.555041657358e+002   -2.366114594131e+003
2.829200440000002e+008   -2.612591435864e+006   -6.953137979296e+005    6.309620702884e+006   -7.040570724829e+003    7.082114092811e+002   -2.837701722751e+003
2.829201039999998e+008   -3.028946226191e+006   -6.513162148874e+005    6.125514697874e+006   -6.832825617463e+003    7.577855868693e+002   -3.296859959057e+003
2.829201639999999e+008   -3.431924707150e+006   -6.044425409993e+005    5.914281401608e+006   -6.594838280687e+003    8.040474744662e+002   -3.741617808783e+003
2.829202240000001e+008   -3.819742673835e+006   -5.548987631712e+005    5.676849886678e+006   -6.327667665189e+003    8.467450048707e+002   -4.169893547913e+003
2.829202839999997e+008   -4.190681144192e+006   -5.029025158573e+005    5.414260832027e+006   -6.032410363188e+003    8.857348563909e+002   -4.579835386115e+003
2.829203439999999e+008   -4.543095197784e+006   -4.486834195191e+005    5.127672037401e+006   -5.710402593209e+003    9.208152432321e+002   -4.969601143735e+003
2.829204040000001e+008   -4.875420984088e+006   -3.924795764829e+005    4.818347434962e+006   -5.363055421388e+003    9.518584392491e+002   -5.337408515318e+003
2.829204640000003e+008   -5.186184188491e+006   -3.345396119395e+005    4.487651603036e+006   -4.991869698729e+003    9.786826539095e+002   -5.681705051339e+003
2.829205239999999e+008   -5.474007915791e+006   -2.751193190511e+005    4.137049779167e+006   -4.598568102984e+003    1.001183004117e+003   -6.000807935616e+003
2.829205840000001e+008   -5.737606574397e+006   -2.144818548962e+005    3.768088850075e+006   -4.184824919186e+003    1.019257250468e+003   -6.293314431415e+003
2.829206440000002e+008   -5.975815907496e+006   -1.528948347158e+005    3.382407100936e+006   -3.752489444878e+003    1.032833839350e+003   -6.558001514502e+003
2.829207039999998e+008   -6.187576349795e+006   -9.063249534104e+004    2.981712888021e+006   -3.303611253272e+003    1.041801482299e+003   -6.793515834662e+003
2.829207640000000e+008   -6.371952243364e+006   -2.796754974947e+004    2.567785670512e+006   -2.839977675687e+003    1.046169379780e+003   -6.998954465775e+003
2.829208240000002e+008   -6.528125999917e+006    3.481982728543e+004    2.142461500515e+006   -2.363852513271e+003    1.045929075376e+003   -7.173273702831e+003
2.829208839999998e+008   -6.655408996932e+006    9.745297798689e+004    1.707628641388e+006   -1.877354579449e+003    1.041068741009e+003   -7.315770078672e+003
2.829209440000000e+008   -6.753242779947e+006    1.596548065462e+005    1.265219069508e+006   -1.382573597722e+003    1.031545935537e+003   -7.425770175221e+003
2.829287380000001e+008    3.757556642245e+006    5.748362161939e+005   -5.757416221500e+006    6.354890809167e+003   -8.235125341688e+002    4.062434464255e+003
2.829287979999996e+008    4.130394276653e+006    5.242086825359e+005   -5.501280941906e+006    6.068476645223e+003   -8.634215171914e+002    4.472361640316e+003
2.829288579999999e+008    4.485243161713e+006    4.712976996229e+005   -5.221120310585e+006    5.755476831325e+003   -8.995854892522e+002    4.862952438882e+003
2.829289180000001e+008    4.820551012541e+006    4.163332575665e+005   -4.918149280214e+006    5.417287066396e+003   -9.318576493976e+002    5.232444581246e+003
2.829289780000002e+008    5.134847301681e+006    3.595543942169e+005   -4.593682436935e+006    5.055344805286e+003   -9.600640938797e+002    5.579255721925e+003
2.829290379999998e+008    5.426748197299e+006    3.012068482138e+005   -4.249125008529e+006    4.671176345554e+003   -9.840846657225e+002    5.901783367676e+003
2.829290980000000e+008    5.694970928928e+006    2.415450013879e+005   -3.885977887820e+006    4.266356437746e+003   -1.003852526710e+003    6.198694943967e+003
2.829291580000002e+008    5.938332618786e+006    1.808294395655e+005   -3.505820330854e+006    3.842706812563e+003   -1.019233238057e+003    6.468597475397e+003
2.829292179999998e+008    6.155755298708e+006    1.193232361335e+005   -3.110307465265e+006    3.402017687002e+003   -1.030188237673e+003    6.710358034098e+003
2.829292780000000e+008    6.346275642251e+006    5.729601868288e+004   -2.701164505997e+006    2.946327080380e+003   -1.036604221589e+003    6.922773290312e+003
2.829293380000002e+008    6.509044993701e+006   -4.982288959045e+003   -2.280178255622e+006    2.477338618126e+003   -1.038541284943e+003    7.104990453722e+003
2.829293979999998e+008    6.643335625736e+006   -6.723868093215e+004   -1.849188714429e+006    1.997306052424e+003   -1.035922128023e+003    7.256105840595e+003
2.829294579999999e+008    6.748545827719e+006   -1.291996875499e+005   -1.410082588860e+006    1.508371950223e+003   -1.028686144799e+003    7.375395948559e+003
2.829295180000001e+008    6.824197437729e+006   -1.905976433846e+005   -9.647834877380e+005    1.012452736076e+003   -1.017058846266e+003    7.462427632401e+003
2.829295779999997e+008    6.869945134250e+006   -2.511597332631e+005   -5.152452369514e+005    5.118662649086e+002   -1.000953922307e+003    7.516687104636e+003
2.829296379999999e+008    6.885573760433e+006   -3.106207675593e+005   -6.344237564579e+004    8.830641833505e+000   -9.803861307558e+002    7.537900736654e+003
2.829296980000001e+008    6.871001372747e+006   -3.687197756230e+005    3.886392389624e+005   -4.944460027247e+002   -9.555562266484e+002    7.525964907912e+003
2.829297580000003e+008    6.826279694484e+006   -4.252006095438e+005    8.390112308323e+005   -9.957459442675e+002   -9.264794161080e+002    7.480905990906e+003
2.829298179999999e+008    6.751594692684e+006   -4.798146771676e+005    1.285690904045e+006   -1.492898769603e+003   -8.933759476761e+002    7.402900426362e+003
2.829298780000001e+008    6.647260127875e+006   -5.323232369038e+005    1.726707853260e+006   -1.983650501688e+003   -8.563011257156e+002    7.292234526104e+003
2.829299380000002e+008    6.513724225605e+006   -5.824944127915e+005    2.160117452962e+006   -2.465855551694e+003   -8.154520627408e+002    7.149464773127e+003
2.829299979999998e+008    6.351570755609e+006   -6.301039931914e+005    2.584012055682e+006   -2.937319813386e+003   -7.710357896596e+002    6.975107570628e+003
2.829300580000000e+008    6.161500893604e+006   -6.749458008371e+005    2.996516421177e+006   -3.396017843215e+003   -7.231779618300e+002    6.769969601793e+003
2.829301180000002e+008    5.944344569392e+006   -7.168205506041e+005    3.395811698425e+006   -3.839841800086e+003   -6.721545817430e+002    6.534977408382e+003
2.829301779999998e+008    5.701051380578e+006   -7.555438229389e+005    3.780134040113e+006   -4.266913457492e+003   -6.181793266814e+002    6.271057910560e+003
2.829302379999999e+008    5.432687179476e+006   -7.909444678652e+005    4.147786608319e+006   -4.675248206068e+003   -5.614590162998e+002    5.979487855348e+003
2.829302980000002e+008    5.140427575181e+006   -8.228664355206e+005    4.497144585060e+006   -5.063102529342e+003   -5.022593488444e+002    5.661484381302e+003
2.829303579999997e+008    4.825555204208e+006   -8.511691153655e+005    4.826664676757e+006   -5.428778367057e+003   -4.408656858790e+002    5.318434700686e+003
2.829304179999999e+008    4.489452432997e+006   -8.757273513481e+005    5.134890126177e+006   -5.770561468017e+003   -3.775174698225e+002    4.951876001630e+003
2.829304780000001e+008    4.133595909442e+006   -8.964327885441e+005    5.420458021298e+006   -6.086993829833e+003   -3.124968206538e+002    4.563485889586e+003
2.829305380000003e+008    3.759549650300e+006   -9.131938379505e+005    5.682106806623e+006   -6.376626404976e+003   -2.460638722722e+002    4.154921985668e+003
2.829305979999999e+008    3.368958568096e+006   -9.259360422917e+005    5.918679293759e+006   -6.638291051840e+003   -1.785843425331e+002    3.727922365659e+003
2.829306580000001e+008    2.963538440184e+006   -9.346034253500e+005    6.129127177765e+006   -6.870746101783e+003   -1.102936037563e+002    3.284424991375e+003
2.829307180000003e+008    2.545072279146e+006   -9.391574322100e+005    6.312519043149e+006   -7.073004354565e+003   -4.152090941053e+001    2.826378236501e+003
2.829307779999998e+008    2.115400848535e+006   -9.395770770784e+005    6.468041379378e+006   -7.244109762756e+003    2.746835178572e+001    2.355780528686e+003
2.829308380000001e+008    1.676414147240e+006   -9.358597420155e+005    6.595002094768e+006   -7.383377854958e+003    9.633120027489e+001    1.874680736218e+003
2.829308980000002e+008    1.230045157651e+006   -9.280210462425e+005    6.692837026727e+006   -7.490124375755e+003    1.647732182164e+002    1.385267730167e+003
2.829309579999998e+008    7.782575716536e+005   -9.160954587998e+005    6.761106461793e+006   -7.563927169226e+003    2.325162902069e+002    8.896008107962e+002
2.829310180000000e+008    3.230410336240e+005   -9.001335272566e+005    6.799505643558e+006   -7.604370480108e+003    2.992442364856e+002    3.899492873843e+002
2.829310780000002e+008   -1.335983444473e+005   -8.802050679616e+005    6.807856788020e+006   -7.611353451602e+003    3.646954879434e+002   -1.116570136608e+002
2.829311379999998e+008   -5.896484381873e+005   -8.563971239752e+005    6.786116100784e+006   -7.584752781227e+003    4.285328836701e+002   -6.128183055957e+002
2.829311979999999e+008   -1.043098443999e+006   -8.288133240655e+005    6.734371289077e+006   -7.524691990057e+003    4.905156886691e+002   -1.111444394059e+003
2.829312580000001e+008   -1.491947885775e+006   -7.975740285629e+005    6.652842576476e+006   -7.431453127022e+003    5.503540568695e+002   -1.605184827358e+003
2.829313179999997e+008   -1.934214899216e+006   -7.628157578821e+005    6.541883716481e+006   -7.305372900020e+003    6.077578064998e+002   -2.092059064939e+003
2.829313779999999e+008   -2.367946899388e+006   -7.246910359237e+005    6.401975009951e+006   -7.147022316418e+003    6.625226228655e+002   -2.569846178870e+003
2.829314380000001e+008   -2.791225669775e+006   -6.833668958521e+005    6.233725313502e+006   -6.957083983987e+003    7.143654047486e+002   -3.036425062479e+003
2.829314979999996e+008   -3.202179060773e+006   -6.390246920486e+005    6.037871558641e+006   -6.736323802483e+003    7.630802049869e+002   -3.489674469381e+003
2.829315579999999e+008   -3.598987598892e+006   -5.918591002066e+005    5.815273262612e+006   -6.485733940635e+003    8.084570662568e+002   -3.927652783633e+003
2.829316180000001e+008   -3.979892540462e+006   -5.420786746399e+005    5.566905041524e+006   -6.206427619178e+003    8.502372582169e+002   -4.348248193378e+003
2.829316780000002e+008   -4.343205503855e+006   -4.899012812690e+005    5.293862626324e+006   -5.899536568661e+003    8.883044062076e+002   -4.749808850615e+003
2.829317379999998e+008   -4.687315574593e+006   -4.355577902573e+005    4.997349374219e+006   -5.566530507794e+003    9.224172730667e+002   -5.130402360039e+003
2.829317980000000e+008   -5.010697349935e+006   -3.792875079786e+005    4.678673282039e+006   -5.208836153143e+003    9.524788238118e+002   -5.488256390306e+003
2.829318580000002e+008   -5.311911073405e+006   -3.213391301124e+005    4.339242486399e+006   -4.827958941019e+003    9.783511372332e+002   -5.821938483713e+003
2.829319179999998e+008   -5.589623240017e+006   -2.619693611156e+005    3.980557997449e+006   -4.425734840709e+003    9.998920235020e+002   -6.129745641951e+003
2.829319780000000e+008   -5.842602009645e+006   -2.014393670313e+005    3.604212191527e+006   -4.003769612857e+003    1.017011009144e+003   -6.410475241482e+003
2.829320380000002e+008   -6.069721833459e+006   -1.400177333004e+005    3.211869018561e+006   -3.564074423633e+003    1.029580354487e+003   -6.662813997463e+003
2.829320979999998e+008   -6.269974554143e+006   -7.797626745043e+004    2.805268020412e+006   -3.108547578107e+003    1.037642495267e+003   -6.885538801980e+003
2.829321579999999e+008   -6.442476931897e+006   -1.558909218048e+004    2.386217043211e+006   -2.639383253167e+003    1.041108059646e+003   -7.077656069707e+003
2.829322180000001e+008   -6.586465313475e+006    4.686763698288e+004    1.956575128626e+006   -2.158476718222e+003    1.039964748982e+003   -7.238412700921e+003
2.829322779999997e+008   -6.701304039799e+006    1.091170781501e+005    1.518249327664e+006   -1.668147921251e+003    1.034225485632e+003   -7.366964900265e+003
2.829323379999999e+008   -6.786492206603e+006    1.708839166233e+005    1.073187111815e+006   -1.170473444601e+003    1.023882176553e+003   -7.462919271932e+003
2.829323980000001e+008   -6.841659945440e+006    2.318951602959e+005    6.233655669851e+005   -6.678157241245e+002    1.009040872633e+003   -7.525631947206e+003
2.829325879999999e+008   -6.816467440023e+006    4.170793314911e+005   -8.097458988516e+005    9.316018603793e+002    9.330971320984e+002   -7.503810613742e+003
2.829326480000001e+008   -6.745563330534e+006    4.721014818784e+005   -1.257849656504e+006    1.430927932508e+003    9.003122921737e+002   -7.427448451346e+003
2.829327080000002e+008   -6.644886102057e+006    5.250404888446e+005   -1.700385582890e+006    1.923654411997e+003    8.636470281370e+002   -7.318295625736e+003
2.829327679999998e+008   -6.514902083388e+006    5.756636382195e+005   -2.135400823021e+006    2.407515640027e+003    8.231836526351e+002   -7.176868429411e+003
2.829328280000000e+008   -6.356202012435e+006    6.237497602609e+005   -2.560977718020e+006    2.880499141453e+003    7.791194196435e+002   -7.003813563814e+003
2.829328880000002e+008   -6.169505273050e+006    6.690888106598e+005   -2.975242998230e+006    3.340406453275e+003    7.316471410214e+002   -6.799957426780e+003
2.829416380000001e+008    5.282107121886e+006   -7.964266813996e+005    4.335610391639e+006   -4.882954695714e+003   -5.416326924403e+002    5.813762864268e+003
2.829416980000002e+008    4.977726264593e+006   -8.271472687767e+005    4.674617390042e+006   -5.259350524141e+003   -4.820862413743e+002    5.482260256582e+003
2.829417579999998e+008    4.651445596269e+006   -8.542290418558e+005    4.992999314485e+006   -5.612662081624e+003   -4.203872119230e+002    5.126539986924e+003
2.829418180000000e+008    4.304697516560e+006   -8.775519107346e+005    5.289349827452e+006   -5.941344468959e+003   -3.568415385000e+002    4.748169518971e+003
2.829418780000002e+008    3.939006735890e+006   -8.970130037004e+005    5.562359439942e+006   -6.243875063162e+003   -2.917074845157e+002    4.348806355142e+003
2.829419379999998e+008    3.555979412045e+006   -9.125258536241e+005    5.810820029262e+006   -6.518970300462e+003   -2.252852230548e+002    3.930208386764e+003
2.829419979999999e+008    3.157300032261e+006   -9.240222802236e+005    6.033631344052e+006   -6.765422794652e+003   -1.578658440258e+002    3.494133630094e+003
2.829420580000001e+008    2.744721022214e+006   -9.314505115237e+005    6.229806521357e+006   -6.982132276417e+003   -8.973084158779e+001    3.042640277298e+003
2.829421179999997e+008    2.320057278868e+006   -9.347776701195e+005    6.398475095453e+006   -7.168121719303e+003   -2.122020850900e+001    2.577586719007e+003
2.829421779999999e+008    1.885178587048e+006   -9.339883145680e+005    6.538890510320e+006   -7.322513512224e+003    4.743371697289e+001    2.101171513732e+003
2.829422380000001e+008    1.441997445149e+006   -9.290842639778e+005    6.650427639541e+006   -7.444745281848e+003    1.158766200147e+002    1.615333729206e+003
2.829422979999996e+008    9.924648557999e+005   -9.200878933922e+005    6.732586793034e+006   -7.534177216365e+003    1.838031836023e+002    1.122282309223e+003
2.829423579999999e+008    5.385600302155e+005   -9.070371479631e+005    6.785001234122e+006   -7.590430894497e+003    2.509865444228e+002    6.242466283853e+002
2.829424180000001e+008    8.228236328259e+004   -8.899891266706e+005    6.807431692467e+006   -7.613263576330e+003    3.170154609542e+002    1.231562741417e+002
2.829424780000002e+008   -3.743577762692e+005   -8.690177079282e+005    6.799773379246e+006   -7.602491364289e+003    3.816915091601e+002   -3.783790592050e+002
2.829425379999998e+008   -8.293471430209e+005   -8.442146275520e+005    6.762051500323e+006   -7.558226547553e+003    4.446865172883e+002   -8.785192003295e+002
2.829425980000000e+008   -1.280679723965e+006   -8.156886425201e+005    6.694423772815e+006   -7.480600161251e+003    5.057538114233e+002   -1.374893942824e+003
2.829426580000002e+008   -1.726362352549e+006   -7.835636214677e+005    6.597180934346e+006   -7.369980775268e+003    5.646058510474e+002   -1.865382694333e+003
2.829427179999998e+008   -2.164426684310e+006   -7.479820843270e+005    6.470748762467e+006   -7.226782782985e+003    6.209714394036e+002   -2.347714786677e+003
2.829427780000000e+008   -2.592937034751e+006   -7.090970918040e+005    6.315667087796e+006   -7.051621748331e+003    6.746231181904e+002   -2.819769221137e+003
2.829428380000002e+008   -3.009997739592e+006   -6.670812451642e+005    6.132622805686e+006   -6.845282940112e+003    7.252980134636e+002   -3.279514723434e+003
2.829428979999998e+008   -3.413763057668e+006   -6.221193636369e+005    5.922414892689e+006   -6.608609211146e+003    7.728094525923e+002   -3.724859921623e+003
2.829429579999999e+008   -3.802444991823e+006   -5.744084946585e+005    5.685965419351e+006   -6.342669235329e+003    8.169016191960e+002   -4.153893078181e+003
2.829430180000001e+008   -4.174320241787e+006   -5.241583824447e+005    5.424313061543e+006   -6.048577142469e+003    8.574130555652e+002   -4.564632376889e+003
2.829430779999997e+008   -4.527739354195e+006   -4.715900950589e+005    5.138609115467e+006   -5.727707064044e+003    8.941469332078e+002   -4.955225578479e+003
2.829431379999999e+008   -4.861135167906e+006   -4.169365869015e+005    4.830119011434e+006   -5.381403885234e+003    9.269130490440e+002   -5.323940491361e+003
2.829431980000001e+008   -5.173027321335e+006   -3.604385827459e+005    4.500202821387e+006   -5.011144368676e+003    9.556029941052e+002   -5.669194704904e+003
2.829432580000003e+008   -5.462031062225e+006   -3.023453827719e+005    4.150319473267e+006   -4.618695211506e+003    9.800521865371e+002   -5.989325337199e+003
2.829433179999999e+008   -5.726864606963e+006   -2.429140134406e+005    3.782018463060e+006   -4.205773508005e+003    1.000185921067e+003   -6.282859583545e+003
2.829433780000001e+008   -5.966349751173e+006   -1.824068340104e+005    3.396931055895e+006   -3.774128849195e+003    1.015878137825e+003   -6.548634588952e+003
2.829434380000002e+008   -6.179427419873e+006   -1.210920547206e+005    2.996766011420e+006   -3.325801703437e+003    1.027125810154e+003   -6.785307017232e+003
2.829434979999998e+008   -6.365151004507e+006   -5.924171898360e+004    2.583297772989e+006   -2.862724148908e+003    1.033789845958e+003   -6.991883716090e+003
2.829435580000000e+008   -6.522700884763e+006    2.871849831517e+003    2.158362791546e+006   -2.386992771280e+003    1.035903043830e+003   -7.167381256545e+003
2.829436180000002e+008   -6.651380553847e+006    6.497322332990e+004    1.723847619147e+006   -1.900722750758e+003    1.033359211878e+003   -7.311076186018e+003
2.829436779999998e+008   -6.750624097460e+006    1.267863180243e+005    1.281681521282e+006   -1.406209058192e+003    1.026342158060e+003   -7.422284744866e+003
2.829437379999999e+008   -6.820000689896e+006    1.880398867161e+005    8.338291844586e+005   -9.055040613490e+002    1.014689954831e+003   -7.500583586202e+003
2.829437980000002e+008   -6.859210688919e+006    2.484624922675e+005    3.822781095715e+005   -4.010454543044e+002    9.986475541046e+002   -7.545538714755e+003
2.829438579999997e+008   -6.868089447432e+006    3.077843831321e+005   -7.096958179605e+004    1.050449899692e+002    9.781194479701e+002   -7.557076667708e+003
2.829439179999999e+008   -6.846613982531e+006    3.657478538461e+005   -5.239020360072e+005    6.104898783008e+002    9.532655385914e+002   -7.535103716188e+003
2.829439780000001e+008   -6.794890903943e+006    4.220956830819e+005   -9.745140876552e+005    1.112939466497e+003    9.242650106002e+002   -7.479756012551e+003
2.829440380000003e+008   -6.713165735043e+006    4.765798296992e+005   -1.420811243939e+006    1.610197095881e+003    8.911980960519e+002   -7.391329964118e+003
2.829440979999999e+008   -6.601817276322e+006    5.289611531624e+005   -1.860821093905e+006    2.100063650772e+003    8.541495092635e+002   -7.270251974200e+003
2.829441580000001e+008   -6.461356062698e+006    5.790100408732e+005   -2.292602310954e+006    2.580239121029e+003    8.134818360686e+002   -7.117148268728e+003
2.829442180000003e+008   -6.292423246066e+006    6.265080071384e+005   -2.714252054605e+006    3.048736396324e+003    7.692155513273e+002   -6.932695600807e+003
2.829442770000002e+008   -6.099284164366e+006    6.705257931996e+005   -3.117197385772e+006    3.496001571988e+003    7.224008704946e+002   -6.721598317214e+003
