2.805092109999997e+008    2.059999998635e+006   -2.128057793693e+006    6.214933775357e+006   -6.186164680160e+003    3.133248180589e+003    3.115221494574e+003
2.805092709999999e+008    1.684593056774e+006   -1.935540971305e+006    6.388071561609e+006   -6.322852996718e+003    3.281551739438e+003    2.653929943740e+003
2.805093310000001e+008    1.301812617413e+006   -1.734553117759e+006    6.533172185360e+006   -6.431862749865e+003    3.415493017648e+003    2.181002689252e+003
2.805093909999997e+008    9.133351028238e+005   -1.525974940563e+006    6.649610878017e+006   -6.512710996648e+003    3.534475492937e+003    1.698588921821e+003
2.805094509999999e+008    5.208594212906e+005   -1.310719618750e+006    6.736855833106e+006   -6.565030650085e+003    3.637990404802e+003    1.208738024517e+003
2.805095110000001e+008    1.261052196043e+005   -1.089728735481e+006    6.794547209404e+006   -6.588673384239e+003    3.725599371453e+003    7.134897395514e+002
2.805095710000003e+008   -2.692010610259e+005   -8.639696397972e+005    6.822413653639e+006   -6.583453877915e+003    3.796893089428e+003    2.151137505612e+002
2.805096309999998e+008   -6.633291144080e+005   -6.344298914392e+005    6.820344805603e+006   -6.549406784018e+003    3.851579754158e+003   -2.841898956674e+002
2.805096910000001e+008   -1.054553689504e+006   -4.021138653428e+005    6.788331312740e+006   -6.486692944293e+003    3.889419210257e+003   -7.824309449651e+002
2.805097510000002e+008   -1.441161195218e+006   -1.680361051511e+005    6.726520341269e+006   -6.395559207677e+003    3.910224181974e+003   -1.277299000407e+003
2.805098109999998e+008   -1.821456508255e+006    6.677685254099e+004    6.635167587113e+006   -6.276365233433e+003    3.913923248987e+003   -1.766723476611e+003
2.805098710000000e+008   -2.193772843169e+006    3.012973912811e+005    6.514667792490e+006   -6.129665331411e+003    3.900484453470e+003   -2.248513469535e+003
2.805099310000002e+008   -2.556475675693e+006    5.344975269799e+005    6.365541752316e+006   -5.956031328458e+003    3.869947819449e+003   -2.720598043565e+003
2.805099909999998e+008   -2.907971626928e+006    7.653550292333e+005    6.188433828926e+006   -5.756229054891e+003    3.822430869685e+003   -3.180905943937e+003
2.805100509999999e+008   -3.246714472618e+006    9.928565134919e+005    5.984110461994e+006   -5.531070170449e+003    3.758097726675e+003   -3.627415839299e+003
2.805101110000002e+008   -3.571212533986e+006    1.216002231220e+006    5.753459180766e+006   -5.281564662220e+003    3.677290773725e+003   -4.058176067685e+003
2.805101709999997e+008   -3.880034877951e+006    1.433810564569e+006    5.497483614349e+006   -5.008730146407e+003    3.580259945726e+003   -4.471284958965e+003
2.805102309999999e+008   -4.171817613396e+006    1.645322267078e+006    5.217299002132e+006   -4.713792756124e+003    3.467468006334e+003   -4.864830494160e+003
2.805102910000001e+008   -4.445271048535e+006    1.849604993976e+006    4.914128205636e+006   -4.397968659090e+003    3.339386747507e+003   -5.237180670503e+003
2.805103510000003e+008   -4.699183290055e+006    2.045757372490e+006    4.589295214534e+006   -4.062653209281e+003    3.196558118874e+003   -5.586623190439e+003
2.805104109999999e+008   -4.932429819418e+006    2.232913188599e+006    4.244224162424e+006   -3.709346035590e+003    3.039612094236e+003   -5.911565582984e+003
2.805104720000003e+008   -5.147309808883e+006    2.413111969423e+006    3.874213875640e+006   -3.333242334342e+003    2.866269925707e+003   -6.215325772961e+003
2.805105319999999e+008   -5.335825360554e+006    2.579650885079e+006    3.493015759070e+006   -2.948284746926e+003    2.682931462287e+003   -6.486590769968e+003
2.805105920000001e+008   -5.500841781472e+006    2.734828207274e+006    3.096392172586e+006   -2.550219075197e+003    2.487708222665e+003   -6.729347586444e+003
2.805106520000002e+008   -5.641623038947e+006    2.877957183867e+006    2.686088890523e+006   -2.140747936391e+003    2.281470671554e+003   -6.942443411061e+003
2.805107119999998e+008   -5.757539560542e+006    3.008402461904e+006    2.263913762852e+006   -1.721723311705e+003    2.065098612274e+003   -7.124895189321e+003
2.805107720000000e+008   -5.848072100713e+006    3.125584540120e+006    1.831729521665e+006   -1.294957649450e+003    1.839543438909e+003   -7.275929928158e+003
2.805108320000002e+008   -5.912814701930e+006    3.228983523044e+006    1.391444786141e+006   -8.623607229717e+002    1.605810333325e+003   -7.394824473852e+003
2.805108919999998e+008   -5.951475841717e+006    3.318139860150e+006    9.450051644333e+005   -4.258745027345e+002    1.364954779614e+003   -7.481005618290e+003
2.805109520000000e+008   -5.963880042053e+006    3.392657091812e+006    4.943846563913e+005    1.255970549937e+001    1.118032176482e+003   -7.534130154806e+003
2.805110120000002e+008   -5.949968288109e+006    3.452204640863e+006    4.157615435518e+004    4.509613580264e+002    8.661568184317e+002   -7.553904810366e+003
2.805110719999998e+008   -5.909801218113e+006    3.496518741215e+006   -4.114158516292e+005    8.874152222013e+002    6.104419280200e+002   -7.540256418599e+003
2.805111319999999e+008   -5.843556463409e+006    3.525404609233e+006   -8.625872780597e+005    1.319928032971e+003    3.520649760960e+002   -7.493251683529e+003
2.805111920000001e+008   -5.751527519617e+006    3.538734505492e+006   -1.309941849917e+006    1.746600935597e+003    9.211863271814e+001   -7.413077466817e+003
2.805112520000004e+008   -5.634123735164e+006    3.536452681892e+006   -1.751500700476e+006    2.165410217988e+003   -1.681058099384e+002   -7.300120418377e+003
2.805113119999999e+008   -5.491866781529e+006    3.518572060091e+006   -2.185311577217e+006    2.574653716906e+003   -4.276090649522e+002   -7.154917724670e+003
2.805113720000001e+008   -5.325390529925e+006    3.485173191636e+006   -2.609457842090e+006    2.972512869695e+003   -6.852076983325e+002   -6.978076374647e+003
2.805114320000003e+008   -5.135433145123e+006    3.436408424303e+006   -3.022066684202e+006    3.357085253839e+003   -9.396514547202e+002   -6.770463218214e+003
2.805114919999999e+008   -4.922840347017e+006    3.372496539177e+006   -3.421318014771e+006    3.726723802110e+003   -1.189863908388e+003   -6.532995528679e+003
2.805115520000001e+008   -4.688557343063e+006    3.293726688280e+006   -3.805452280090e+006    4.079848539310e+003   -1.434810987369e+003   -6.266760690688e+003
2.805116120000002e+008   -4.433623648889e+006    3.200449731837e+006   -4.172778970353e+006    4.414832796193e+003   -1.673242682234e+003   -5.972966003426e+003
2.805116719999998e+008   -4.159170359013e+006    3.093081949299e+006   -4.521683123950e+006    4.730232219463e+003   -1.904271781274e+003   -5.652919079185e+003
2.805117320000000e+008   -3.866413693172e+006    2.972104110819e+006   -4.850633338015e+006    5.024693342714e+003   -2.126773102205e+003   -5.308057667660e+003
2.805117920000002e+008   -3.556649848187e+006    2.838052581144e+006   -5.158187277215e+006    5.296965703708e+003   -2.339885912299e+003   -4.939959698237e+003
2.805118519999998e+008   -3.231249105564e+006    2.691522917222e+006   -5.442999183191e+006    5.545792929342e+003   -2.542581995414e+003   -4.550243083260e+003
2.805119119999999e+008   -2.891647443368e+006    2.533164771688e+006   -5.703823188437e+006    5.770141923482e+003   -2.734015602503e+003   -4.140676106770e+003
2.805119720000002e+008   -2.539343909981e+006    2.363680246973e+006   -5.939520820663e+006    5.969031907536e+003   -2.913353134743e+003   -3.713047138535e+003
2.805119969999997e+008   -2.389168318166e+006    2.289953337597e+006   -6.030064590141e+006    6.044222492115e+003   -2.984356708890e+003   -3.529992398460e+003
