2.824414180000002e+008    5.262560078538e+006   -1.314632368907e+006    4.238281822358e+006   -4.800064316284e+003   -8.110789536386e+001    5.901372534771e+003
2.824414779999998e+008    4.963209350223e+006   -1.316606828432e+006    4.582769888573e+006   -5.174648233390e+003    1.527875090310e+001    5.577377649239e+003
2.824415379999999e+008    4.642058592747e+006   -1.312798493479e+006    4.907073260324e+006   -5.526479230184e+003    1.115830022296e+002    5.228775621277e+003
2.824415980000002e+008    4.300516072327e+006   -1.303223652594e+006    5.209760638390e+006   -5.854104813882e+003    2.074108782458e+002    4.857094065020e+003
2.824416579999997e+008    3.940081070521e+006   -1.287923936494e+006    5.489497074023e+006   -6.156007810950e+003    3.023330069457e+002    4.464020487592e+003
2.824417179999999e+008    3.562334939121e+006   -1.266965688712e+006    5.745046983556e+006   -6.430889014552e+003    3.959534675192e+002    4.051202753139e+003
2.824417780000001e+008    3.168936256468e+006   -1.240440840640e+006    5.975283656279e+006   -6.677545692652e+003    4.878283073802e+002    3.620548881168e+003
2.824418380000003e+008    2.761611780767e+006   -1.208465495140e+006    6.179188769253e+006   -6.894929215937e+003    5.775606002111e+002    3.173837144579e+003
2.824418979999999e+008    2.342149639306e+006   -1.171179430040e+006    6.355860898459e+006   -7.081964041262e+003    6.647947393874e+002    2.713105774679e+003
2.824419580000001e+008    1.912391478013e+006   -1.128745166812e+006    6.504517031638e+006   -7.237975839525e+003    7.490946426292e+002    2.240283653108e+003
2.824420180000003e+008    1.474225358194e+006   -1.081348646920e+006    6.624496079855e+006   -7.362173032335e+003    8.301383994701e+002    1.757529476038e+003
2.824420779999998e+008    1.029576533300e+006   -1.029196755794e+006    6.715263892658e+006   -7.454022212028e+003    9.075285567670e+002    1.266962357009e+003
2.824421380000001e+008    5.803989549316e+005   -9.725181954890e+005    6.776413771894e+006   -7.513084361559e+003    9.809902616835e+002    7.707315694120e+002
2.824421980000002e+008    1.286682766242e+005   -9.115610145088e+005    6.807669983239e+006   -7.539114966018e+003    1.050096686518e+003    2.707966963011e+002
2.824422579999998e+008   -3.236287360170e+005   -8.465924150839e+005    6.808882773469e+006   -7.531955225647e+003    1.114625780555e+003   -2.304025290240e+002
2.824423180000000e+008   -7.745016550754e+005   -7.778969057767e+005    6.780039882719e+006   -7.491622426000e+003    1.174284008720e+003   -7.306260897831e+002
2.824423780000002e+008   -1.221963968162e+006   -7.057761731964e+005    6.721261056832e+006   -7.418283474326e+003    1.228760016845e+003   -1.227923726421e+003
2.824424379999998e+008   -1.664043916462e+006   -6.305461810164e+005    6.632792565172e+006   -7.312270693095e+003    1.277882278549e+003   -1.719964902391e+003
2.824424979999999e+008   -2.098791025095e+006   -5.525378051319e+005    6.515014711254e+006   -7.173955160173e+003    1.321354194321e+003   -2.204559024131e+003
2.824425580000001e+008   -2.524286007153e+006   -4.720942977196e+005    6.368438849009e+006   -7.003973346376e+003    1.359049593462e+003   -2.679515057059e+003
2.824426179999997e+008   -2.938648829442e+006   -3.895688472176e+005    6.193701396055e+006   -6.803050217382e+003    1.390723379741e+003   -3.142931828357e+003
2.824426779999999e+008   -3.340046980698e+006   -3.053245527214e+005    5.991563347174e+006   -6.571978889362e+003    1.416278351427e+003   -3.592608046556e+003
2.824427380000001e+008   -3.726704053285e+006   -2.197328010206e+005    5.762905288389e+006   -6.311833906903e+003    1.435614944154e+003   -4.026461961458e+003
2.824427979999996e+008   -4.096906533096e+006   -1.331713616853e+005    5.508733908131e+006   -6.023711796239e+003    1.448620439756e+003   -4.442771788118e+003
2.824428579999999e+008   -4.449013141972e+006   -4.602161420670e+004    5.230163012587e+006   -5.708847641059e+003    1.455223529026e+003   -4.839535513241e+003
2.824429180000001e+008   -4.781460864302e+006    4.133139876016e+004    4.928416535534e+006   -5.368666543219e+003    1.455403211191e+003   -5.214950811456e+003
2.824429780000002e+008   -5.092773678274e+006    1.285013278520e+005    4.604826052683e+006   -5.004617519212e+003    1.449126830344e+003   -5.567425319218e+003
2.824430379999998e+008   -5.381567594708e+006    2.151028820359e+005    4.260816790002e+006   -4.618318446354e+003    1.436484625947e+003   -5.895266391521e+003
2.824430980000000e+008   -5.646559557912e+006    3.007540085290e+005    3.897907638331e+006   -4.211478871258e+003    1.417412573246e+003   -6.197151241737e+003
2.824431580000002e+008   -5.886570259307e+006    3.850733747554e+005    3.517707657851e+006   -3.785933034023e+003    1.392151360240e+003   -6.471486864846e+003
2.824432179999998e+008   -6.100531680167e+006    4.676888905568e+005    3.121896790771e+006   -3.343502747366e+003    1.360659476322e+003   -6.717270290423e+003
2.824432780000000e+008   -6.287495573929e+006    5.482341411763e+005    2.712232374998e+006   -2.886269609942e+003    1.323158335107e+003   -6.933168111238e+003
2.824433380000002e+008   -6.446626327313e+006    6.263515695460e+005    2.290528132624e+006   -2.416148071184e+003    1.279780637614e+003   -7.118417197678e+003
2.824433979999998e+008   -6.577222869551e+006    7.016989466823e+005    1.858657905976e+006   -1.935391290890e+003    1.230757736931e+003   -7.271983862568e+003
2.824434579999999e+008   -6.678705917023e+006    7.739388576530e+005    1.418537636285e+006   -1.446124697672e+003    1.176340373511e+003   -7.393274626686e+003
2.824435180000001e+008   -6.750628421657e+006    8.427516647137e+005    9.721209813474e+005   -9.504876794011e+002    1.116620965208e+003   -7.481755995710e+003
2.824435779999997e+008   -6.792678870655e+006    9.078357964263e+005    5.213906209083e+005   -4.507021855275e+002    1.052002939694e+003   -7.537034325859e+003
2.824436379999999e+008   -6.804679597192e+006    9.689046898114e+005    6.834865375278e+004    5.085302226094e+001    9.827885922665e+002   -7.558835722578e+003
2.824436980000001e+008   -6.786582102906e+006    1.025685416895e+006   -3.849977100081e+005    5.520732297840e+002    9.092310216385e+002   -7.547116740930e+003
2.824437580000003e+008   -6.738480057114e+006    1.077931157897e+006   -8.366377271345e+005    1.050695094048e+003    8.316824300841e+002   -7.501973672638e+003
2.824438179999999e+008   -6.660598798148e+006    1.125414116319e+006   -1.284570238737e+006    1.544376627982e+003    7.504831425217e+002   -7.423602681822e+003
2.824438780000001e+008   -6.553294846030e+006    1.167925289497e+006   -1.726812471092e+006    2.031014369525e+003    6.660578728076e+002   -7.312390317801e+003
2.824439380000002e+008   -6.417065166719e+006    1.205281479598e+006   -2.161412420206e+006    2.508386549034e+003    5.787000280749e+002   -7.168932943493e+003
2.824439979999998e+008   -6.252519212311e+006    1.237319907829e+006   -2.586449297680e+006    2.974395623456e+003    4.888894559455e+002   -6.993807115399e+003
2.824440580000000e+008   -6.060404781900e+006    1.263902945634e+006   -3.000050888317e+006    3.426966745975e+003    3.969194983312e+002   -6.787889436378e+003
2.824441180000002e+008   -5.841587288276e+006    1.284917736246e+006   -3.400397783964e+006    3.864173800013e+003    3.033246762616e+002   -6.552136740335e+003
2.824441779999998e+008   -5.597049536591e+006    1.300275316719e+006   -3.785732083923e+006    4.284033258397e+003    2.084543007021e+002   -6.287635776588e+003
2.824442379999999e+008   -5.327888173856e+006    1.309912912822e+006   -4.154365400638e+006    4.684653494223e+003    1.127494526212e+002   -5.995653440137e+003
2.824442980000002e+008   -5.035304489085e+006    1.313792524518e+006   -4.504685874776e+006    5.064441132679e+003    1.659702106426e+001   -5.677457115018e+003
2.824443579999997e+008   -4.720603862456e+006    1.311901292271e+006   -4.835165176115e+006    5.421693680324e+003   -7.954756096181e+001   -5.334524004236e+003
2.824523980000002e+008    6.595677295124e+006   -1.149913723361e+006    1.630621846267e+006   -1.945868027054e+003   -6.823339059461e+002    7.318031464071e+003
2.824524579999997e+008    6.464530796327e+006   -1.188298961562e+006    2.065792599575e+006   -2.423924734583e+003   -5.967647897691e+002    7.182365497710e+003
2.824525179999999e+008    6.305014116976e+006   -1.221469699320e+006    2.491871187330e+006   -2.891414901450e+003   -5.085391931084e+002    7.015052383710e+003
2.824525780000001e+008    6.117818655876e+006   -1.249278144884e+006    2.906979586645e+006   -3.346209933475e+003   -4.180962794325e+002    6.816828628289e+003
2.824526380000003e+008    5.903761004334e+006   -1.271601593840e+006    3.309288769187e+006   -3.786440585241e+003   -3.257733274538e+002    6.588541165907e+003
2.824526979999999e+008    5.663781437911e+006   -1.288341372368e+006    3.697025003696e+006   -4.210006619356e+003   -2.320478052379e+002    6.331236547489e+003
2.824527580000001e+008    5.398924301153e+006   -1.299423468352e+006    4.068479087963e+006   -4.615283272963e+003   -1.372680850410e+002    6.046022106119e+003
2.824528180000003e+008    5.110352561216e+006   -1.304797938527e+006    4.422012125119e+006   -5.000250064212e+003   -4.187223424238e+001    5.734114524906e+003
2.824528779999998e+008    4.799332777234e+006   -1.304440951609e+006    4.756067548072e+006   -5.363267883412e+003    5.370831614990e+001    5.396951109814e+003
2.824529380000001e+008    4.467228073776e+006   -1.298353967289e+006    5.069171131012e+006   -5.702807436079e+003    1.490551008980e+002    5.035939346541e+003
2.824529980000002e+008    4.115495954560e+006   -1.286563072560e+006    5.359936993010e+006   -6.017306470409e+003    2.437605100875e+002    4.652766667870e+003
2.824530579999998e+008    3.745680644375e+006   -1.269118321561e+006    5.627091110578e+006   -6.305376342209e+003    3.374253075434e+002    4.249040790120e+003
2.824531180000000e+008    3.359404769796e+006   -1.246097503509e+006    5.869445831022e+006   -6.565784257010e+003    4.296029019587e+002    3.826529681782e+003
2.824531780000002e+008    2.958364349852e+006   -1.217600082828e+006    6.085933880952e+006   -6.797331453611e+003    5.198848188618e+002    3.387101368835e+003
2.824532390000000e+008    2.537320503708e+006   -1.183142046391e+006    6.278525835162e+006   -7.002145174798e+003    6.093427105445e+002    2.924959367194e+003
2.824532990000002e+008    2.111921611457e+006   -1.144004057921e+006    6.440057088379e+006   -7.172604277402e+003    6.946833875868e+002    2.457401101395e+003
2.824533589999998e+008    1.677237864332e+006   -1.099836673973e+006    6.573195205253e+006   -7.311540560103e+003    7.769653164743e+002    1.978861236565e+003
2.824534189999999e+008    1.235178630206e+006   -1.050832141844e+006    6.677350560193e+006   -7.418381739404e+003    8.558120087221e+002    1.491528822816e+003
2.824534790000001e+008    7.876868612299e+005   -9.972071241590e+005    6.752050471721e+006   -7.492578324868e+003    9.309462083290e+002    9.975429522129e+002
2.824535389999997e+008    3.367295344951e+005   -9.391948870570e+005    6.796964218485e+006   -7.533836582144e+003    1.001996103248e+003    4.990031294681e+002
2.824535989999999e+008   -1.157087426582e+005   -8.770491922524e+005    6.811886549482e+006   -7.541935988559e+003    1.068678133417e+003   -1.861016769332e+000
2.824536590000001e+008   -5.676383110794e+005   -8.110435876264e+005    6.796743204619e+006   -7.516858410375e+003    1.130651563402e+003   -5.027695303304e+002
2.824537189999996e+008   -1.017068741823e+006   -7.414662491369e+005    6.751590921960e+006   -7.458667958001e+003    1.187664242148e+003   -1.001722316892e+003
2.824537789999999e+008   -1.462019626485e+006   -6.686227531370e+005    6.676617955191e+006   -7.367585823345e+003    1.239467784727e+003   -1.496479025304e+003
2.824538390000001e+008   -1.900528668139e+006   -5.928327230398e+005    6.572146086992e+006   -7.244025338111e+003    1.285835825442e+003   -1.984618989563e+003
2.824538990000002e+008   -2.330661034047e+006   -5.144301282208e+005    6.438628644286e+006   -7.088473379021e+003    1.326562492031e+003   -2.464301423421e+003
2.824539589999998e+008   -2.750516820252e+006   -4.337588620098e+005    6.276642010617e+006   -6.901596194638e+003    1.361441619026e+003   -2.933255247360e+003
2.824540190000000e+008   -3.158240486792e+006   -3.511730810490e+005    6.086888641542e+006   -6.684196915113e+003    1.390317691924e+003   -3.389399156260e+003
2.824540790000002e+008   -3.552027517762e+006   -2.670374921767e+005    5.870208075496e+006   -6.437209488825e+003    1.413089205389e+003   -3.830741628991e+003
2.824541389999998e+008   -3.930133725731e+006   -1.817229067949e+005    5.627536449143e+006   -6.161708199509e+003    1.429641479764e+003   -4.255320916082e+003
2.824541990000000e+008   -4.290884092418e+006   -9.560510509201e+004    5.359942511908e+006   -5.858879430202e+003    1.439842613145e+003   -4.661185085965e+003
2.824542590000002e+008   -4.632677445752e+006   -9.064102309072e+003    5.068602633609e+006   -5.530049488512e+003    1.443724643468e+003   -5.046551970923e+003
2.824543189999998e+008   -4.953996153924e+006    7.751711055146e+004    4.754799320344e+006   -5.176645888724e+003    1.441210909832e+003   -5.409689243431e+003
2.824543789999999e+008   -5.253413422419e+006    1.637561745162e+005    4.419916726570e+006   -4.800239202534e+003    1.432325263320e+003   -5.748984337729e+003
2.824544390000001e+008   -5.529598709397e+006    2.492720481793e+005    4.065431363959e+006   -4.402530624481e+003    1.417103744023e+003   -6.062834474274e+003
2.824544989999997e+008   -5.781322180600e+006    3.336855735778e+005    3.692912608709e+006   -3.985204685845e+003    1.395600477017e+003   -6.349846900072e+003
2.824545589999999e+008   -6.007465297865e+006    4.166229964746e+005    3.304008718968e+006   -3.550150675243e+003    1.367946909535e+003   -6.608808524408e+003
2.824546190000001e+008   -6.207022059603e+006    4.977170850461e+005    2.900442036919e+006   -3.099313052777e+003    1.334216231700e+003   -6.838446169251e+003
2.824546790000003e+008   -6.379106462703e+006    5.766082626813e+005    2.484001701005e+006   -2.634680278567e+003    1.294535121373e+003   -7.037776582493e+003
2.824547389999998e+008   -6.522955385234e+006    6.529487318335e+005    2.056537050824e+006   -2.158494164121e+003    1.249168042131e+003   -7.205786091752e+003
2.824547990000001e+008   -6.637931125427e+006    7.263985647259e+005    1.619944131074e+006   -1.672700005726e+003    1.198255321015e+003   -7.341901515131e+003
2.824548590000002e+008   -6.723527516605e+006    7.966331434272e+005    1.176161401892e+006   -1.179468659171e+003    1.142017609790e+003   -7.445399298461e+003
2.824549189999998e+008   -6.779369551713e+006    8.633432442406e+005    7.271595382344e+005   -6.812443984918e+002    1.080805701453e+003   -7.515815435305e+003
2.824549790000000e+008   -6.805215640769e+006    9.262334173651e+005    2.749312334731e+005   -1.800388821899e+002    1.014774988049e+003   -7.552896634992e+003
2.824550390000002e+008   -6.800959530983e+006    9.850269220089e+005   -1.785161972335e+005    3.217931793929e+002    9.442996050752e+002   -7.556429036317e+003
2.824550989999998e+008   -6.766630475615e+006    1.039465154999e+006   -6.311721167050e+005    8.220203410815e+002    8.696379803140e+002   -7.526508985247e+003
2.824551589999999e+008   -6.702392603691e+006    1.089308779704e+006   -1.081030766718e+006    1.318434527626e+003    7.912127328166e+002   -7.463232857799e+003
2.824552190000002e+008   -6.608543615839e+006    1.134340485054e+006   -1.526099870008e+006    1.808682396845e+003    7.093028658941e+002   -7.366936800205e+003
2.824552789999997e+008   -6.485513246505e+006    1.174362847120e+006   -1.964411432890e+006    2.290722326520e+003    6.243352169832e+002   -7.238077460278e+003
2.824553389999999e+008   -6.333861582957e+006    1.209204047295e+006   -2.394030447734e+006    2.762392185096e+003    5.366395448611e+002   -7.077281294084e+003
2.824631980000002e+008    6.376344671538e+006   -5.538984672139e+005   -2.571012555306e+006    2.696951068923e+003   -1.291300709119e+003    6.981542528799e+003
2.824632579999997e+008    6.524096922127e+006   -6.301109082143e+005   -2.146787309651e+006    2.226330303836e+003   -1.248121098247e+003    7.154143291445e+003
2.824633179999999e+008    6.643303401645e+006   -7.035667837632e+005   -1.713142508090e+006    1.745729830376e+003   -1.199490175529e+003    7.295420579942e+003
2.824633780000001e+008    6.733431747324e+006   -7.739432426333e+005   -1.271979667572e+006    1.257382844544e+003   -1.145527922275e+003    7.404690741244e+003
2.824634380000003e+008    6.794073539041e+006   -8.409308382546e+005   -8.252316081110e+005    7.632511208403e+002   -1.086563990284e+003    7.481480555449e+003
2.824634979999999e+008    6.824950471770e+006   -9.042355741427e+005   -3.748589629643e+005    2.656150847470e+002   -1.022788205035e+003    7.525446289321e+003
2.824635580000001e+008    6.825919685807e+006   -9.635757513754e+005    7.716061282858e+004   -2.333641494399e+002   -9.545368504964e+002    7.536364397376e+003
2.824636180000003e+008    6.796964419591e+006   -1.018693185169e+006    5.288412571675e+005   -7.314731864740e+002   -8.820523979359e+002    7.514131253459e+003
2.824636779999998e+008    6.738201771778e+006   -1.069343251599e+006    9.781960887096e+005   -1.226621086117e+003   -8.056953781630e+002    7.458843425804e+003
2.824637380000001e+008    6.649877838821e+006   -1.115303514905e+006    1.423245614394e+006   -1.716415047320e+003   -7.257576978966e+002    7.370726993227e+003
2.824637980000002e+008    6.532379468467e+006   -1.156369053896e+006    1.862034110498e+006   -2.198840183728e+003   -6.426226172152e+002    7.250168647315e+003
2.824638579999998e+008    6.386213160708e+006   -1.192359819058e+006    2.292628856720e+006   -2.671663519506e+003   -5.566569932383e+002    7.097674724459e+003
2.824639180000000e+008    6.212010785787e+006   -1.223117158761e+006    2.713129327026e+006   -3.132928175263e+003   -4.682344412077e+002    6.913882011669e+003
2.824639780000002e+008    6.010534395506e+006   -1.248504669249e+006    3.121684081769e+006   -3.580510620728e+003   -3.777366512604e+002    6.699617023649e+003
2.824640379999998e+008    5.782665929024e+006   -1.268410177686e+006    3.516492384395e+006   -4.012350708221e+003   -2.855530746697e+002    6.455846378353e+003
2.824640979999999e+008    5.529399692784e+006   -1.282745688647e+006    3.895812513743e+006   -4.426655515994e+003   -1.921384777035e+002    6.183607126944e+003
2.824641580000001e+008    5.251851523602e+006   -1.291446053249e+006    4.257977249153e+006   -4.821584529866e+003   -9.783890389539e+001    5.884076248331e+003
2.824642179999997e+008    4.951231916710e+006   -1.294474053583e+006    4.601383414089e+006   -5.195312872003e+003   -3.079229965125e+000    5.558630743327e+003
2.824642779999999e+008    4.628861048584e+006   -1.291816124684e+006    4.924519851846e+006   -5.546380293217e+003    9.163798537978e+001    5.208638204300e+003
2.824643380000001e+008    4.286152299400e+006   -1.283483487799e+006    5.225960252393e+006   -5.873033150784e+003    1.859880180762e+002    4.835685753488e+003
2.824643979999996e+008    3.924612524524e+006   -1.269510716512e+006    5.504375152009e+006   -6.173913412317e+003    2.795440921528e+002    4.441391154143e+003
2.824644579999999e+008    3.545826052704e+006   -1.249960040795e+006    5.758534459207e+006   -6.447660888232e+003    3.718594750054e+002    4.027472165124e+003
2.824645180000001e+008    3.151456921311e+006   -1.224916448942e+006    5.987319451333e+006   -6.693149183358e+003    4.625573757338e+002    3.595806930669e+003
2.824645780000002e+008    2.743237242142e+006   -1.194489173382e+006    6.189714793485e+006   -6.909220549002e+003    5.512249495647e+002    3.148223541964e+003
2.824646379999998e+008    2.322959730542e+006   -1.158811535898e+006    6.364824050733e+006   -7.094931836124e+003    6.375013224234e+002    2.686640443264e+003
2.824646980000000e+008    1.892469669367e+006   -1.118039582490e+006    6.511872701316e+006   -7.249487458028e+003    7.209902063213e+002    2.213196318334e+003
2.824647580000002e+008    1.453658449699e+006   -1.072351176889e+006    6.630211147233e+006   -7.372187566261e+003    8.013148590219e+002    1.729910008056e+003
2.824648179999998e+008    1.008454555627e+006   -1.021946824441e+006    6.719307228915e+006   -7.462517479376e+003    8.781368921829e+002    1.238870657644e+003
2.824648780000000e+008    5.588145900174e+005   -9.670466419228e+005    6.778766240055e+006   -7.520009321219e+003    9.510893224794e+002    7.423174875370e+002
2.824649380000002e+008    1.067157324962e+005   -9.078915884797e+005    6.808315939841e+006   -7.544450323561e+003    1.019917057127e+003    2.422501399072e+002
2.824649979999998e+008   -3.458528904742e+005   -8.447407968313e+005    6.807820067199e+006   -7.535675607996e+003    1.084249218067e+003   -2.589116699698e+002
2.824650579999999e+008   -7.968994382573e+005   -7.778712391192e+005    6.777270355876e+006   -7.493696449737e+003    1.143827539961e+003   -7.590779340933e+002
2.824651180000001e+008   -1.244437283680e+006   -7.075753403975e+005    6.716788547501e+006   -7.418742067580e+003    1.198411666650e+003   -1.256138287653e+003
2.824651779999997e+008   -1.686493367328e+006   -6.341616121447e+005    6.626637905222e+006   -7.311049213684e+003    1.247705109673e+003   -1.747792356014e+003
2.824652379999999e+008   -2.121117417106e+006   -5.579531210422e+005    6.507202228797e+006   -7.171103885493e+003    1.291541551398e+003   -2.231919351390e+003
2.824652980000001e+008   -2.546391386985e+006   -4.792841121081e+005    6.359000370206e+006   -6.999481287192e+003    1.329701101483e+003   -2.706338342837e+003
2.824653580000003e+008   -2.960434548505e+006   -3.985010971417e+005    6.182674241887e+006   -6.796906736472e+003    1.361986657738e+003   -3.169058153394e+003
2.824654179999999e+008   -3.361416353327e+006   -3.159593739267e+005    5.978993837926e+006   -6.564247590676e+003    1.388289775621e+003   -3.617837369456e+003
2.824654780000001e+008   -3.747562125394e+006   -2.320230801483e+005    5.748848243337e+006   -6.302523524148e+003    1.408486811224e+003   -4.050804329889e+003
2.824655380000002e+008   -4.117160160907e+006   -1.470619479302e+005    5.493249645824e+006   -6.012886965759e+003    1.422465624150e+003   -4.466007156069e+003
2.824655970000002e+008   -4.462872372504e+006   -6.288086685079e+004    5.218175480958e+006   -5.702011559289e+003    1.430059553880e+003   -4.855144947618e+003
