2.804975969999999e+008    3.477568647244e+006   -2.817437391880e+006    5.233773972302e+006   -5.348200916718e+003    2.404182543638e+003    4.838702500552e+003
2.804976570000001e+008    3.149295059377e+006   -2.667121243912e+006    5.512387618269e+006   -5.590265409082e+003    2.604488770246e+003    4.445045216281e+003
2.804977170000003e+008    2.807228605747e+006   -2.505124242107e+006    5.766792220070e+006   -5.807803968047e+003    2.793364057269e+003    4.032047456031e+003
2.804977769999999e+008    2.452870684203e+006   -2.332158928475e+006    5.995878799324e+006   -5.999833041906e+003    2.969969205408e+003    3.601397582582e+003
2.804978370000001e+008    2.087773681264e+006   -2.148984190316e+006    6.198643792673e+006   -6.165615544416e+003    3.133554956555e+003    3.154974364305e+003
2.804978970000003e+008    1.713538836485e+006   -1.956403717808e+006    6.374202555346e+006   -6.304370284802e+003    3.283385310257e+003    2.694856498687e+003
2.804979569999998e+008    1.331804321563e+006   -1.755261693280e+006    6.521788880770e+006   -6.415520228499e+003    3.418827546193e+003    2.222873019970e+003
2.804980170000001e+008    9.442417542944e+005   -1.546439237938e+006    6.640756006401e+006   -6.498560398832e+003    3.539320250339e+003    1.741283083563e+003
2.804980770000002e+008    5.525468608799e+005   -1.330849896005e+006    6.730587629155e+006   -6.553201852442e+003    3.644299034989e+003    1.251936195843e+003
2.804981369999998e+008    1.584338917204e+005   -1.109436998540e+006    6.790889414608e+006   -6.579156151102e+003    3.733337762256e+003    7.571918710823e+002
2.804981970000000e+008   -2.363729349738e+005   -8.831696475243e+005    6.821387011103e+006   -6.576325502870e+003    3.806053277842e+003    2.590199353451e+002
2.804982570000002e+008   -6.301459731314e+005   -6.530379886358e+005    6.821951060649e+006   -6.544704144032e+003    3.862116781300e+003   -2.402796325561e+002
2.804983169999998e+008   -1.021161912007e+006   -4.200478023668e+005    6.792571211777e+006   -6.484429586690e+003    3.901287501515e+003   -7.386466168485e+002
2.804983769999999e+008   -1.407707409589e+006   -1.852193523175e+005    6.733372628780e+006   -6.395748489842e+003    3.923390818741e+003   -1.233930620924e+003
2.804984370000002e+008   -1.788088533158e+006    5.041975295213e+004    6.644607007400e+006   -6.279023150615e+003    3.928306136829e+003   -1.723861057297e+003
2.804984969999997e+008   -2.160637862613e+006    2.858368374446e+005    6.526657086499e+006   -6.134778186022e+003    3.916008447251e+003   -2.206347070103e+003
2.804985569999999e+008   -2.523719913548e+006    5.200011719355e+005    6.380030157207e+006   -5.963568769819e+003    3.886542592815e+003   -2.679337750570e+003
2.804986170000001e+008   -2.875740173273e+006    7.518851739735e+005    6.205361577681e+006   -5.766174680083e+003    3.840015638300e+003   -3.140821821528e+003
2.804986769999997e+008   -3.215150295669e+006    9.804711467160e+005    6.003406781869e+006   -5.543383630270e+003    3.776652651066e+003   -3.588587987188e+003
2.804987369999999e+008   -3.540456486648e+006    1.204756427633e+006    5.775044793396e+006   -5.296203561601e+003    3.696684805200e+003   -4.020744593451e+003
2.804987970000001e+008   -3.850224126613e+006    1.423753088513e+006    5.521266733060e+006   -5.025640976976e+003    3.600438734434e+003   -4.435449984228e+003
2.804988570000002e+008   -4.143086270299e+006    1.636497824938e+006    5.243177333124e+006   -4.732888755986e+003    3.488389077154e+003   -4.830772193142e+003
2.804989169999998e+008   -4.417748498642e+006    1.842054193385e+006    4.941991945310e+006   -4.419157316821e+003    3.360909010039e+003   -5.205099230378e+003
2.804989770000000e+008   -4.672993605271e+006    2.039514552779e+006    4.619025048507e+006   -4.085890773411e+003    3.218633244250e+003   -5.556578713389e+003
2.804990370000002e+008   -4.907691381256e+006    2.228007246220e+006    4.275690765017e+006   -3.734478050455e+003    3.062088157202e+003   -5.883728354951e+003
2.804990969999998e+008   -5.120796829002e+006    2.406696847288e+006    3.913492357654e+006   -3.366468239586e+003    2.892064133170e+003   -6.185065594999e+003
2.804991570000000e+008   -5.311364417420e+006    2.574794472251e+006    3.534021453416e+006   -2.983460544958e+003    2.709133285889e+003   -6.459277802202e+003
2.804992170000002e+008   -5.478543061163e+006    2.731553852565e+006    3.138946035112e+006   -2.587161737897e+003    2.514232302495e+003   -6.705062153386e+003
2.804992769999998e+008   -5.621587992655e+006    2.876279969967e+006    2.730003661075e+006   -2.179281978694e+003    2.308164183786e+003   -6.921305826298e+003
2.804993369999999e+008   -5.739859314581e+006    3.008330970512e+006    2.308997162888e+006   -1.761702773366e+003    2.091888202580e+003   -7.107065712846e+003
2.804993970000001e+008   -5.832828499720e+006    3.127120803744e+006    1.877783256064e+006   -1.336206082474e+003    1.866292059480e+003   -7.261418870312e+003
2.804994569999997e+008   -5.900076359002e+006    3.232120289684e+006    1.438265836782e+006   -9.046718167246e+002    1.632395705902e+003   -7.383722190862e+003
2.804995169999999e+008   -5.941301972312e+006    3.322864671938e+006    9.923870967522e+005   -4.690339993086e+002    1.391253665016e+003   -7.473392477102e+003
2.804995770000001e+008   -5.956317139098e+006    3.398949274298e+006    5.421183139708e+005   -3.133200554822e+001    1.143964040373e+003   -7.530006358405e+003
2.804996370000003e+008   -5.945053091299e+006    3.460037578597e+006    8.945116400529e+004    4.066141966888e+002    8.915677498690e+002   -7.553300824136e+003
2.804996969999999e+008   -5.907559729072e+006    3.505860098311e+006   -3.636106813166e+005    8.427674976855e+002    6.352261340628e+002   -7.543202504974e+003
2.804997570000001e+008   -5.843997838550e+006    3.536212057069e+006   -8.150644666996e+005    1.275179916704e+003    3.761289338518e+002   -7.499708175493e+003
2.804998170000002e+008   -5.754651661886e+006    3.550962341622e+006   -1.262911932517e+006    1.701915864352e+003    1.153850710015e+002   -7.423034634481e+003
2.804998769999998e+008   -5.639917406389e+006    3.550045958991e+006   -1.705172033880e+006    2.121097838979e+003   -1.458320871947e+002   -7.313548772541e+003
2.804999370000000e+008   -5.500305898639e+006    3.533471356688e+006   -2.139890435997e+006    2.530890020938e+003   -4.064062268475e+002   -7.171727550928e+003
2.804999970000002e+008   -5.336437106188e+006    3.501312776166e+006   -2.565144423451e+006    2.929394408166e+003   -6.650990362753e+002   -6.998197824313e+003
2.805000569999998e+008   -5.149039129217e+006    3.453716377110e+006   -2.979057001580e+006    3.314877569306e+003   -9.207947915838e+002   -6.793816721207e+003
2.805001169999999e+008   -4.938946589529e+006    3.390898245610e+006   -3.379802399204e+006    3.685596706352e+003   -1.172337152265e+003   -6.559441353046e+003
2.805001770000002e+008   -4.707092218495e+006    3.313139091832e+006   -3.765614382571e+006    4.039998848184e+003   -1.418620792356e+003   -6.296219143003e+003
2.805002369999998e+008   -4.454505345618e+006    3.220786542782e+006   -4.134793257722e+006    4.376443843405e+003   -1.658563713807e+003   -6.005277373432e+003
2.805002969999999e+008   -4.182307222984e+006    3.114254545646e+006   -4.485718178156e+006    4.693429001195e+003   -1.891069668845e+003   -5.687963550099e+003
2.805003570000001e+008   -3.891703987406e+006    2.994017480487e+006   -4.816847656549e+006    4.989723906002e+003   -2.115217969168e+003   -5.345665630086e+003
2.805004170000003e+008   -3.583981166924e+006    2.860610536836e+006   -5.126729073700e+006    5.263906025456e+003   -2.329920922735e+003   -4.979951250381e+003
2.805004769999999e+008   -3.260499147209e+006    2.714624242832e+006   -5.414005186169e+006    5.514848811349e+003   -2.534384470636e+003   -4.592458543334e+003
2.805005370000001e+008   -2.922687059536e+006    2.556707492761e+006   -5.677420136100e+006    5.741406900700e+003   -2.727502429165e+003   -4.184875596442e+003
2.805005970000003e+008   -2.572036455577e+006    2.387560257333e+006   -5.915824961857e+006    5.942670813237e+003   -2.908580469424e+003   -3.759060900293e+003
2.805005979999999e+008   -2.566092271415e+006    2.384650146518e+006   -5.919580275590e+006    5.945823176186e+003   -2.911504283760e+003   -3.751816155311e+003
