2.812760990000002e+008    5.094766671199e+006   -2.542551122053e+006    3.878204265449e+006   -4.318234336769e+003    8.364537090778e+002    6.200373673840e+003
2.812761589999998e+008    4.824696722833e+006   -2.486827437295e+006    4.241431236555e+006   -4.680828958950e+003    1.020289758337e+003    5.902752696990e+003
2.812762189999999e+008    4.533480395787e+006   -2.420204653297e+006    4.586016848513e+006   -5.022815606868e+003    1.199589893914e+003    5.579227891226e+003
2.812762790000001e+008    4.222396775180e+006   -2.342976258874e+006    4.910449301129e+006   -5.342814309875e+003    1.373675903612e+003    5.231226978251e+003
2.812763389999997e+008    3.884205203714e+006   -2.251696298891e+006    5.207301543620e+006   -5.656754049856e+003    1.555646492479e+003    4.868716539319e+003
2.812763989999999e+008    3.546167920274e+006   -2.158104045500e+006    5.493256126793e+006   -5.911140232008e+003    1.702958045232e+003    4.468017387319e+003
2.812764590000001e+008    3.183994883398e+006   -2.051274720116e+006    5.749077614854e+006   -6.157019593563e+003    1.856702792122e+003    4.056154657629e+003
2.812765189999996e+008    2.807870300020e+006   -1.935458738929e+006    5.979642720753e+006   -6.375889065175e+003    2.002336108273e+003    3.626547511882e+003
2.812765810000004e+008    2.406305858646e+006   -1.806881846278e+006    6.190288347641e+006   -6.572758737364e+003    2.143614322827e+003    3.165814271061e+003
2.812766409999999e+008    2.006958063163e+006   -1.674399214981e+006    6.366503996741e+006   -6.733993693061e+003    2.270774030049e+003    2.705862305425e+003
2.812767010000001e+008    1.598818607255e+006   -1.534582162332e+006    6.514752774515e+006   -6.865701070260e+003    2.388004865503e+003    2.233971744776e+003
2.812767680000001e+008    1.134868650122e+006   -1.370538443876e+006    6.646450600225e+006   -6.977244334508e+003    2.506631097696e+003    1.695488300427e+003
2.812768280000002e+008    7.140528784460e+005   -1.217251659089e+006    6.733506075846e+006   -7.044830765907e+003    2.601097148381e+003    1.205252167550e+003
2.812768879999998e+008    2.901078122147e+005   -1.058631031347e+006    6.790970857559e+006   -7.081548842366e+003    2.684252966956e+003    7.095851999246e+002
2.812769480000000e+008   -1.351091998141e+005   -8.953710125321e+005    6.818591386040e+006   -7.087225723189e+003    2.755658024910e+003    2.107770986880e+002
2.812770080000002e+008   -5.597340037337e+005   -7.281867000180e+005    6.816236090099e+006   -7.061807810380e+003    2.815040085369e+003   -2.892222333020e+002
2.812770679999998e+008   -9.819052177129e+005   -5.578096539504e+005    6.783908902499e+006   -7.005439278183e+003    2.862063135093e+003   -7.879825732613e+002
2.812771279999999e+008   -1.399769614187e+006   -3.849856214403e+005    6.721742268828e+006   -6.918309619961e+003    2.896532966895e+003   -1.283523618526e+003
2.812771880000002e+008   -1.811491390959e+006   -2.104734668713e+005    6.629997662652e+006   -6.800754007461e+003    2.918325834789e+003   -1.773574825379e+003
2.812772479999997e+008   -2.215261420643e+006   -3.503831176299e+004    6.509070600914e+006   -6.653305370311e+003    2.927303419437e+003   -2.255995328716e+003
2.812773090000001e+008   -2.615777614738e+006    1.434738038068e+005    6.356746335980e+006   -6.473394046270e+003    2.923247744273e+003   -2.736389333287e+003
2.812773689999997e+008   -2.998149289160e+006    3.184273043230e+005    6.178677302605e+006   -6.267646182222e+003    2.906304625104e+003   -3.197096010837e+003
2.812774289999999e+008   -3.367342724033e+006    4.919810006328e+005    5.973374191742e+006   -6.034282056838e+003    2.876603739220e+003   -3.643888262970e+003
2.812774890000001e+008   -3.721727312149e+006    6.633705467174e+005    5.741729812030e+006   -5.774219449930e+003    2.834217573389e+003   -4.074824587927e+003
2.812775490000003e+008   -4.059736755744e+006    8.318408761207e+005    5.484751577514e+006   -5.488646648313e+003    2.779353464427e+003   -4.488013036957e+003
2.812776089999999e+008   -4.379875322927e+006    9.966499924789e+005    5.203562518010e+006   -5.178708319124e+003    2.712201859752e+003   -4.881591733219e+003
2.812776690000001e+008   -4.680722544729e+006    1.157069307487e+006    4.899389786759e+006   -4.845845421040e+003    2.633074937683e+003   -5.253788311542e+003
2.812777290000002e+008   -4.960942927043e+006    1.312389601592e+006    4.573567676537e+006   -4.491431151502e+003    2.542298452861e+003   -5.602960516717e+003
2.812777889999998e+008   -5.219291488408e+006    1.461924589167e+006    4.227523628823e+006   -4.117051396718e+003    2.440295685469e+003   -5.927545742549e+003
2.812778490000000e+008   -5.454618210247e+006    1.605010771366e+006    3.862781741044e+006   -3.724295414019e+003    2.327462516695e+003   -6.226081378780e+003
2.812779090000002e+008   -5.665874225717e+006    1.741014873502e+006    3.480943976986e+006   -3.314968528461e+003    2.204286055504e+003   -6.497114458864e+003
2.812779689999998e+008   -5.852119565654e+006    1.869333126976e+006    3.083698179384e+006   -2.890861591560e+003    2.071339571609e+003   -6.739522036282e+003
2.812780290000000e+008   -6.012581173477e+006    1.989411547184e+006    2.672784365356e+006   -2.453195768529e+003    1.929042245574e+003   -6.952052099796e+003
2.812780890000002e+008   -6.146388247467e+006    2.100674103399e+006    2.250043991882e+006   -2.005433351081e+003    1.778428395686e+003   -7.133998958556e+003
2.812781489999998e+008   -6.253050315510e+006    2.202663688343e+006    1.817335341238e+006   -1.548565615672e+003    1.619829852896e+003   -7.284380980386e+003
2.812782089999999e+008   -6.332078659432e+006    2.294916005803e+006    1.376567698307e+006   -1.084742568494e+003    1.454072633834e+003   -7.402444622376e+003
2.812782690000001e+008   -6.383120376289e+006    2.377024412731e+006    9.296970720353e+005   -6.159854866736e+002    1.281830290199e+003   -7.487736558899e+003
2.812783290000004e+008   -6.405947050163e+006    2.448625798667e+006    4.787047762826e+005   -1.445392859227e+002    1.103952958070e+003   -7.539783091711e+003
2.812783889999999e+008   -6.400453673683e+006    2.509401012936e+006    2.558992807589e+004    3.275737736922e+002    9.211561706097e+002   -7.558440892105e+003
2.812784490000001e+008   -6.366668130199e+006    2.559083259678e+006   -4.276384365648e+005    7.982624394247e+002    7.342373213223e+002   -7.543596515215e+003
2.812785090000003e+008   -6.304741932937e+006    2.597453840040e+006   -8.789713779293e+005    1.265233969051e+003    5.442336424688e+002   -7.495286176939e+003
2.812785689999999e+008   -6.214954572628e+006    2.624345052852e+006   -1.326408845413e+006    1.726567472014e+003    3.518288532120e+002   -7.413796715894e+003
2.812786290000001e+008   -6.097704636406e+006    2.639641321387e+006   -1.767969491951e+006    2.180213542536e+003    1.578989912215e+002   -7.299464752444e+003
2.812786890000002e+008   -5.953521359619e+006    2.643278268580e+006   -2.201699055251e+006    2.624067157402e+003   -3.668167147348e+001   -7.152846816741e+003
2.812787489999998e+008   -5.783050760504e+006    2.635244298412e+006   -2.625680280330e+006    3.056150527899e+003   -2.310214411095e+002   -6.974629645650e+003
2.812788090000000e+008   -5.587055778621e+006    2.615578961084e+006   -3.038040119378e+006    3.474549270110e+003   -4.242313789729e+002   -6.765650079711e+003
2.812788690000002e+008   -5.366413049601e+006    2.584374799461e+006   -3.436960136938e+006    3.877435341559e+003   -6.154862433348e+002   -6.526825103257e+003
2.812789289999998e+008   -5.122108622775e+006    2.541775580642e+006   -3.820683216986e+006    4.262998392610e+003   -8.039143881913e+002   -6.259271727589e+003
2.812789889999999e+008   -4.855232060808e+006    2.487975705274e+006   -4.187523372581e+006    4.629603928551e+003   -9.887127475904e+002   -5.964187253875e+003
2.812790490000002e+008   -4.566970821370e+006    2.423216800940e+006   -4.535867555188e+006    4.975544713633e+003   -1.169018561905e+003   -5.642998862327e+003
2.812874990000002e+008    4.961649999230e+006   -2.503708104214e+006    4.070335530592e+006   -4.512874695888e+003    9.228137798621e+002    6.048011154478e+003
2.812875589999998e+008    4.680202246496e+006   -2.442893445182e+006    4.424008557455e+006   -4.865301470328e+003    1.103588001390e+003    5.736673051353e+003
2.812876190000000e+008    4.378241504349e+006   -2.371371228851e+006    4.758235158487e+006   -5.196366452408e+003    1.279541009046e+003    5.400119893907e+003
2.812876790000002e+008    4.057093432104e+006   -2.289457304637e+006    5.071550457553e+006   -5.504669442309e+003    1.449875129125e+003    5.039889367295e+003
2.812877389999998e+008    3.718164790133e+006   -2.197511024066e+006    5.362580144577e+006   -5.788774980713e+003    1.613819011204e+003    4.657609100606e+003
2.812877990000000e+008    3.362946053739e+006   -2.095936164666e+006    5.630047271250e+006   -6.047504638391e+003    1.770685298698e+003    4.254777145303e+003
2.812878590000002e+008    2.992994229985e+006   -1.985178716630e+006    5.872778779135e+006   -6.279751836477e+003    1.919789672186e+003    3.833301670600e+003
2.812879189999998e+008    2.609929462257e+006   -1.865725054712e+006    6.089711005291e+006   -6.484456871582e+003    2.060464569758e+003    3.395090922865e+003
2.812879789999999e+008    2.215428954814e+006   -1.738098442401e+006    6.279887692327e+006   -6.660738904669e+003    2.192116910147e+003    2.941893443032e+003
2.812880390000001e+008    1.811222865147e+006   -1.602857398952e+006    6.442477495193e+006   -6.807869939612e+003    2.314181329714e+003    2.475798022738e+003
2.812880989999997e+008    1.399080849569e+006   -1.460594518153e+006    6.576762503138e+006   -6.925179458961e+003    2.426094191131e+003    1.998723547115e+003
2.812881589999999e+008    9.808034364259e+005   -1.311927440230e+006    6.682137754172e+006   -7.012121855015e+003    2.527378593614e+003    1.513009109304e+003
2.812882190000001e+008    5.582352739305e+005   -1.157518462386e+006    6.758167712669e+006   -7.068384041975e+003    2.617621527495e+003    1.020404183337e+003
2.812882790000003e+008    1.332201882337e+005   -9.980363501523e+005    6.804493344196e+006   -7.093655104348e+003    2.696402477550e+003    5.232082471802e+002
2.812883389999998e+008   -2.923787594640e+005   -8.341787542675e+005    6.820904081909e+006   -7.087841335017e+003    2.763403520009e+003    2.372113729568e+001
2.812883990000001e+008   -7.166964651743e+005   -6.666649231927e+005    6.807323354877e+006   -7.050930575594e+003    2.818303488549e+003   -4.760171775155e+002
2.812884590000002e+008   -1.137870397991e+006   -4.962257218848e+005    6.763812096058e+006   -6.983084314025e+003    2.860822365242e+003   -9.740264438122e+002
2.812885189999998e+008   -1.554052522936e+006   -3.236100193413e+005    6.690531261376e+006   -6.884582837514e+003    2.890850102298e+003   -1.467716206064e+003
2.812885790000000e+008   -1.963413006307e+006   -1.495737253676e+005    6.587808336352e+006   -6.755800184553e+003    2.908150083120e+003   -1.955225862811e+003
2.812886390000002e+008   -2.364152703976e+006    2.511896194203e+004    6.456082856308e+006   -6.597297624716e+003    2.912725893511e+003   -2.434144495913e+003
2.812886989999998e+008   -2.754507232306e+006    1.997024001815e+005    6.295911913321e+006   -6.409749623335e+003    2.904508105440e+003   -2.902751007137e+003
2.812889519999998e+008   -4.247884667186e+006    9.172364537934e+005    5.324604703602e+006   -5.338405053994e+003    2.731988951660e+003   -4.606036274176e+003
2.812890120000000e+008   -4.557663237798e+006    1.078947844832e+006    5.031199732404e+006   -4.996165381601e+003    2.657305665394e+003   -5.098327795828e+003
2.812890720000002e+008   -4.847169774187e+006    1.235895195640e+006    4.714406490450e+006   -4.650466634521e+003    2.572170358233e+003   -5.457545248806e+003
2.812891319999998e+008   -5.115305349596e+006    1.387387933075e+006    4.376770160056e+006   -4.284132167902e+003    2.475777403810e+003   -5.792766790483e+003
2.812891919999999e+008   -5.360880333664e+006    1.532767263386e+006    4.019780275891e+006   -3.898720732687e+003    2.368334090354e+003   -6.102559870286e+003
2.812892520000002e+008   -5.582802409633e+006    1.671383216217e+006    3.645002231656e+006   -3.495952323356e+003    2.250403677442e+003   -6.385451658726e+003
2.812893129999999e+008   -5.783153679908e+006    1.804742357481e+006    3.247446380598e+006   -3.070537437794e+003    2.120317770697e+003   -6.644190850774e+003
2.812893730000002e+008   -5.954473890870e+006    1.927882771467e+006    2.841897466504e+006   -2.638238626257e+003    1.982862169972e+003   -6.869041540980e+003
2.812894329999997e+008   -6.099489672435e+006    2.042506704794e+006    2.423759001936e+006   -2.194068497832e+003    1.836445047715e+003   -7.063581930042e+003
2.812894929999999e+008   -6.217552592537e+006    2.148104946143e+006    1.994880610472e+006   -1.740018800129e+003    1.682117218025e+003   -7.226998724629e+003
2.812895530000001e+008   -6.308135498626e+006    2.244209904058e+006    1.557160615204e+006   -1.278306101722e+003    1.520195327024e+003   -7.358288298626e+003
2.812896130000003e+008   -6.370978888598e+006    2.330537497509e+006    1.112565483638e+006   -8.101998068133e+002    1.350852358841e+003   -7.457088576009e+003
2.812896729999999e+008   -6.405407911840e+006    2.406332792033e+006    6.629761851796e+005   -3.397530972562e+002    1.176708070270e+003   -7.522492834339e+003
2.812897330000001e+008   -6.411598417882e+006    2.471561684711e+006    2.104711079816e+005    1.327642378729e+002    9.968468843273e+002   -7.554720676298e+003
2.812897930000003e+008   -6.389501010531e+006    2.525890078051e+006   -2.429262404433e+005    6.051409056324e+002    8.123994156421e+002   -7.553818448740e+003
2.812898529999998e+008   -6.339099047414e+006    2.569019678460e+006   -6.952818977154e+005    1.074295714762e+003    6.247224964536e+002   -7.519121070537e+003
2.812899130000001e+008   -6.260676168845e+006    2.600795800033e+006   -1.144563005701e+006    1.538439918612e+003    4.343705570089e+002   -7.451005603639e+003
2.812899730000002e+008   -6.154606617187e+006    2.621092913026e+006   -1.588758157409e+006    1.995855034943e+003    2.420084066444e+002   -7.350019219657e+003
2.812900329999998e+008   -6.021343414774e+006    2.629810213788e+006   -2.025914616500e+006    2.444369305587e+003    4.863868276795e+001   -7.216508336322e+003
2.812900930000000e+008   -5.861498000959e+006    2.626919816441e+006   -2.454100185334e+006    2.881882198345e+003   -1.449280441126e+002   -7.051089496557e+003
2.812901530000002e+008   -5.675787413426e+006    2.612439144818e+006   -2.871430192298e+006    3.308911428771e+003   -3.390787694723e+002   -6.852933560299e+003
2.812902129999998e+008   -5.464922921058e+006    2.586370896698e+006   -3.275984575817e+006    3.717432771815e+003   -5.295664526971e+002   -6.627107271952e+003
2.812902729999999e+008   -5.230017521434e+006    2.548931496427e+006   -3.666094710638e+006    4.109945257506e+003   -7.179880927537e+002   -6.371644772179e+003
2.812903330000001e+008   -4.972094107967e+006    2.500275611447e+006   -4.040023221011e+006    4.484399501948e+003   -9.032841064888e+002   -6.087962677088e+003
2.812903929999997e+008   -4.692286894472e+006    2.440613306331e+006   -4.396115447491e+006    4.839105067089e+003   -1.084670982375e+003   -5.777368199891e+003
2.812904529999999e+008   -4.391812438247e+006    2.370208859374e+006   -4.732797994190e+006    5.172369890388e+003   -1.261273961940e+003   -5.441428547376e+003
2.812988999999999e+008    4.816719435554e+006   -2.461126326480e+006    4.265230851077e+006   -4.708469849145e+003    1.010319374798e+003    5.878838158042e+003
2.812989600000001e+008    4.523847291424e+006   -2.395151314429e+006    4.608360064913e+006   -5.050330183540e+003    1.187974558380e+003    5.554552276188e+003
2.812990199999997e+008    4.211128641309e+006   -2.318672001476e+006    4.931287533276e+006   -5.369642836241e+003    1.360146593255e+003    5.205349405748e+003
2.812990799999999e+008    3.879942928263e+006   -2.232026929663e+006    5.232578493152e+006   -5.665672670702e+003    1.526707395169e+003    4.833668347891e+003
2.812991400000001e+008    3.531746252793e+006   -2.135597799916e+006    5.510901054945e+006   -5.936377246566e+003    1.686152310911e+003    4.440215710703e+003
2.812992000000003e+008    3.168071546785e+006   -2.029812944796e+006    5.765004202012e+006   -6.181437943630e+003    1.838576892675e+003    4.027950984273e+003
2.812992599999998e+008    2.790541134598e+006   -1.915161739208e+006    5.993644769462e+006   -6.402152112662e+003    1.986114525022e+003    3.613876400720e+003
2.812993200000001e+008    2.400721144315e+006   -1.792049482035e+006    6.196312688723e+006   -6.588989933741e+003    2.118209862694e+003    3.150255903317e+003
2.812993800000002e+008    2.000229093207e+006   -1.661065205581e+006    6.371902798432e+006   -6.749672034431e+003    2.244468220991e+003    2.687912565565e+003
2.812994399999998e+008    1.591339026308e+006   -1.522914571070e+006    6.518847362691e+006   -6.881042929140e+003    2.360734397753e+003    2.217451049483e+003
2.812995000000000e+008    1.175293307612e+006   -1.378034775240e+006    6.637474339689e+006   -6.982129835067e+003    2.466746393433e+003    1.735329755484e+003
2.812995600000002e+008    7.540977994083e+005   -1.227116147986e+006    6.726936431783e+006   -7.052601290963e+003    2.561942102525e+003    1.245588124213e+003
2.812996199999998e+008    3.295985444942e+005   -1.070819463121e+006    6.786827103444e+006   -7.092251956214e+003    2.645966814294e+003    7.502858084502e+002
2.812996799999999e+008   -9.634550684377e+004   -9.098284991647e+005    6.816888297316e+006   -7.100755436378e+003    2.718380076102e+003    2.513922599007e+002
2.812997400000002e+008   -5.218674862412e+005   -7.448480776438e+005    6.816981442394e+006   -7.078142178232e+003    2.778884848067e+003   -2.485824816408e+002
2.812997999999997e+008   -9.451220831953e+005   -5.765834161271e+005    6.787180003062e+006   -7.024361181607e+003    2.827118305853e+003   -7.479985131134e+002
2.812998599999999e+008   -1.364197099447e+006   -4.058151478184e+005    6.727385831198e+006   -6.939919243704e+003    2.863119592018e+003   -1.243725003216e+003
2.812999200000001e+008   -1.777296250961e+006   -2.332556823861e+005    6.638023471196e+006   -6.824915325116e+003    2.886526184078e+003   -1.734301805044e+003
2.812999800000003e+008   -2.182588144088e+006   -5.966393594190e+004    6.519461908142e+006   -6.679916349608e+003    2.897192498837e+003   -2.217627999264e+003
2.813000399999999e+008   -2.578294735211e+006    1.141746224183e+005    6.372142712875e+006   -6.505501776089e+003    2.895232156494e+003   -2.691182633753e+003
2.813001000000001e+008   -2.962673230702e+006    2.875079812230e+005    6.196730515466e+006   -6.302422510827e+003    2.880584191084e+003   -3.153004486072e+003
2.813001600000002e+008   -3.334026042792e+006    4.595887093962e+005    5.994035020000e+006   -6.071503924022e+003    2.853168614941e+003   -3.601272213658e+003
2.813002199999998e+008   -3.690714128387e+006    6.296420865411e+005    5.764889024667e+006   -5.813744600488e+003    2.813208284383e+003   -4.033924177884e+003
2.813002800000000e+008   -4.031162307260e+006    7.969298942296e+005    5.510313933546e+006   -5.530281706210e+003    2.760846741702e+003   -4.448998518345e+003
2.813003400000002e+008   -4.353859391001e+006    9.607068751118e+005    5.231405754680e+006   -5.222339885095e+003    2.696290881559e+003   -4.844583229457e+003
2.813003999999998e+008   -4.657378077967e+006    1.120251783647e+006    4.929386133933e+006   -4.891182621975e+003    2.619832122295e+003   -5.219016238914e+003
2.813004600000000e+008   -4.940366892938e+006    1.274858391817e+006    4.605581841438e+006   -4.538311430166e+003    2.531776073243e+003   -5.570505086204e+003
2.813005200000002e+008   -5.201570635297e+006    1.423844121658e+006    4.261412305248e+006   -4.165298850840e+003    2.432519726735e+003   -5.897567191474e+003
2.813005799999998e+008   -5.439826586730e+006    1.566548106474e+006    3.898390305077e+006   -3.773656468798e+003    2.322477380074e+003   -6.198700073306e+003
2.813006399999999e+008   -5.654074863624e+006    1.702339460866e+006    3.518115189515e+006   -3.365262148823e+003    2.202149573158e+003   -6.472490650335e+003
2.813007000000001e+008   -5.843357001250e+006    1.830613218468e+006    3.122262373520e+006   -2.941815966350e+003    2.072048629528e+003   -6.717736130345e+003
2.813007599999997e+008   -6.006828739954e+006    1.950801916027e+006    2.712579859752e+006   -2.505192154371e+003    1.932709991045e+003   -6.933333436774e+003
2.813008199999999e+008   -6.143760769362e+006    2.062371759149e+006    2.290878439592e+006   -2.057497302940e+003    1.784853352624e+003   -7.118189106514e+003
2.813008800000001e+008   -6.253537888953e+006    2.164825969086e+006    1.859022691914e+006   -1.600422081835e+003    1.628989792636e+003   -7.271650363556e+003
2.813009400000003e+008   -6.335672071263e+006    2.257711391306e+006    1.418926904641e+006   -1.136311703418e+003    1.465983932130e+003   -7.392813350123e+003
2.813009999999999e+008   -6.389795350547e+006    2.340615377585e+006    9.725400630038e+005   -6.671494150646e+002    1.296464360047e+003   -7.481214808976e+003
2.813010600000001e+008   -6.415665182686e+006    2.413170401889e+006    5.218404584668e+005   -1.949046902540e+002    1.121132667003e+003   -7.536501502142e+003
2.813011200000002e+008   -6.413167640095e+006    2.475055723037e+006    6.882729398804e+004    2.781027451075e+002    9.409236045219e+002   -7.558349611010e+003
2.813011799999998e+008   -6.382314729824e+006    2.525997995052e+006   -3.844913203355e+005    7.499827542764e+002    7.564978766271e+002   -7.546716029091e+003
2.813012400000000e+008   -6.323246193562e+006    2.565773465192e+006   -8.361054642506e+005    1.218275690919e+003    5.688281381906e+002   -7.501546708754e+003
2.813013000000002e+008   -6.236227477329e+006    2.594208374609e+006   -1.284014010651e+006    1.681222560386e+003    3.786336505191e+002   -7.423198754877e+003
2.813013599999998e+008   -6.121651199622e+006    2.611180655152e+006   -1.726231223121e+006    2.137514180083e+003    1.836933383143e+002   -7.315890144069e+003
2.813014200000000e+008   -5.980031410033e+006    2.616615561804e+006   -2.160803565507e+006    2.582317598330e+003   -5.683735377040e+000   -7.168392524313e+003
2.813014800000002e+008   -5.812005788103e+006    2.610497504185e+006   -2.585805597792e+006    3.016486254200e+003   -1.981467420960e+002   -6.993127696927e+003
2.813015399999998e+008   -5.618323835004e+006    2.592856185059e+006   -2.999360995979e+006    3.437174835516e+003   -3.896722034272e+002   -6.786990843183e+003
2.813015999999999e+008   -5.399854299620e+006    2.563774736003e+006   -3.399646139641e+006    3.842466606839e+003   -5.793060797148e+002   -6.550938801456e+003
2.813016600000001e+008   -5.157573471321e+006    2.523387459814e+006   -3.784897331090e+006    4.230568392897e+003   -7.663381382927e+002   -6.286068622584e+003
2.813017199999997e+008   -4.892562997439e+006    2.471880636701e+006   -4.153421298905e+006    4.599869794009e+003   -9.498892788246e+002   -5.993547647267e+003
2.813017799999999e+008   -4.606002717963e+006    2.409485736153e+006   -4.503599009917e+006    4.948637861907e+003   -1.129124917887e+003   -5.674753019098e+003
2.813018400000001e+008   -4.299167381387e+006    2.336484059459e+006   -4.833898174352e+006    5.275437305181e+003   -1.303327949463e+003   -5.331172371650e+003
2.813102989999998e+008    4.675352295176e+006   -2.418294394765e+006    4.442465446650e+006   -4.888691533964e+003    1.091019781361e+003    5.719241515685e+003
2.813103589999999e+008    4.372039632292e+006   -2.347583900460e+006    4.775614620913e+006   -5.219568701398e+003    1.265228801498e+003    5.381287441078e+003
2.813104190000002e+008    4.049518165628e+006   -2.266577010846e+006    5.087779994542e+006   -5.527299890633e+003    1.433856745473e+003    5.019685420841e+003
2.813104789999997e+008    3.709251710585e+006   -2.175641092669e+006    5.377563167240e+006   -5.810855504443e+003    1.596195343743e+003    4.636123749436e+003
2.813105389999999e+008    3.352735518891e+006   -2.075172636504e+006    5.643718186428e+006   -6.068885171030e+003    1.751516381889e+003    4.232310198559e+003
2.813105990000001e+008    2.981526900854e+006   -1.965610293752e+006    5.885073996717e+006   -6.300279555322e+003    1.899186584917e+003    3.809892936360e+003
2.813106590000003e+008    2.597255327136e+006   -1.847435348994e+006    6.100573923504e+006   -6.504111975040e+003    2.038482657310e+003    3.370760424276e+003
2.813107189999999e+008    2.201604550175e+006   -1.721166451533e+006    6.289271202297e+006   -6.679395369287e+003    2.168880250387e+003    2.916871034832e+003
2.813107790000001e+008    1.796309759953e+006   -1.587355894770e+006    6.450339483527e+006   -6.825483071170e+003    2.289766276008e+003    2.450103690094e+003
2.813108390000003e+008    1.383144773513e+006   -1.446589890309e+006    6.583067853369e+006   -6.941646230786e+003    2.400638861475e+003    1.972607183940e+003
2.813108989999998e+008    9.639191859211e+005   -1.299484680457e+006    6.686872338572e+006   -7.027431675628e+003    2.501011333999e+003    1.486340759179e+003
2.813109590000001e+008    5.404699528039e+005   -1.146684205034e+006    6.761292420256e+006   -7.082411762491e+003    2.590410261643e+003    9.933837009154e+002
2.813110190000002e+008    1.146512640334e+005   -9.888570204556e+005    6.805991550528e+006   -7.106363288545e+003    2.668487712064e+003    4.960956330372e+002
2.813110789999998e+008   -3.116696059992e+005   -8.266949676003e+005    6.820772159312e+006   -7.099167061445e+003    2.734869176297e+003   -3.513653067856e+000
2.813111390000000e+008   -7.366244401286e+005   -6.609080302130e+005    6.805556174320e+006   -7.060813353087e+003    2.789286194592e+003   -5.033541829088e+002
2.813111990000002e+008   -1.158348231042e+006   -4.922210115766e+005    6.760411027989e+006   -6.991506708338e+003    2.831477495755e+003   -1.001065632726e+003
2.813112589999998e+008   -1.574989012075e+006   -3.213745358351e+005    6.685518673388e+006   -6.891481704333e+003    2.861257295318e+003   -1.494507626697e+003
2.813113189999999e+008   -1.984715994153e+006   -1.491181550060e+005    6.581198097805e+006   -6.761122989568e+003    2.878468438299e+003   -1.981609543633e+003
2.813113790000001e+008   -2.385728109150e+006    2.379371056721e+004    6.447897836822e+006   -6.601043895519e+003    2.883056566226e+003   -2.460110385295e+003
2.813114389999997e+008   -2.776258922322e+006    1.966005183166e+005    6.286189482242e+006   -6.411897288290e+003    2.874991055388e+003   -2.928089088486e+003
2.813114989999999e+008   -3.154587488019e+006    3.685423770602e+005    6.096776200071e+006   -6.194447454171e+003    2.854255037966e+003   -3.383374407789e+003
2.813115590000001e+008   -3.519044825765e+006    5.388637568263e+005    5.880478741207e+006   -5.949674298674e+003    2.820978216068e+003   -3.823924740377e+003
2.813116189999996e+008   -3.868019595490e+006    7.068136978608e+005    5.638236950686e+006   -5.678563759261e+003    2.775245666043e+003   -4.247838475884e+003
2.813116789999999e+008   -4.199968495382e+006    8.716517263705e+005    5.371106784865e+006   -5.382341881560e+003    2.717290550758e+003   -4.653213606449e+003
2.813117390000001e+008   -4.513420982089e+006    1.032650901737e+006    5.080256819238e+006   -5.062221788296e+003    2.647301572756e+003   -5.038278147486e+003
2.813117990000002e+008   -4.806984661308e+006    1.189098432191e+006    4.766956257217e+006   -4.719672193322e+003    2.565651951418e+003   -5.401229689992e+003
2.813118589999998e+008   -5.079357876885e+006    1.340303297117e+006    4.432582450980e+006   -4.356125790258e+003    2.472635171022e+003   -5.740465887545e+003
2.813119190000000e+008   -5.329326867827e+006    1.485595979182e+006    4.078603396801e+006   -3.973131627943e+003    2.368637032258e+003   -6.054474200266e+003
2.813119790000002e+008   -5.555777745342e+006    1.624332321064e+006    3.706574454720e+006   -3.572504493015e+003    2.254174704606e+003   -6.341841649994e+003
2.813120389999998e+008   -5.757705730889e+006    1.755897666950e+006    3.318139563755e+006   -3.155870997528e+003    2.129672176720e+003   -6.601295569220e+003
2.813120990000000e+008   -5.934205253832e+006    1.879707108147e+006    2.915008925781e+006   -2.725201611888e+003    1.995747987783e+003   -6.831522721939e+003
2.813121590000002e+008   -6.084488480430e+006    1.995212292531e+006    2.498963735994e+006   -2.282393040132e+003    1.852972362020e+003   -7.031529994827e+003
2.813122189999998e+008   -6.207884378411e+006    2.101899513863e+006    2.071844481283e+006   -1.829342760098e+003    1.701949163564e+003   -7.200504271973e+003
2.813122789999999e+008   -6.303840045118e+006    2.199295321749e+006    1.635540242639e+006   -1.368069574373e+003    1.543354396928e+003   -7.337562236647e+003
2.813123390000001e+008   -6.371927744418e+006    2.286967505470e+006    1.191985806645e+006   -9.006740367427e+002    1.377932292098e+003   -7.442140436371e+003
2.813123989999997e+008   -6.411833573221e+006    2.364494354268e+006    7.431102455373e+005   -4.291372136693e+002    1.205882837207e+003   -7.514265639189e+003
2.813124589999999e+008   -6.423405639719e+006    2.431630819975e+006    2.910107035543e+005    4.400326507872e+001    1.029535779102e+003   -7.551933605795e+003
2.813125190000001e+008   -6.406566902705e+006    2.487981797320e+006   -1.624150605665e+005    5.170960080565e+002    8.481068328077e+002   -7.556691688427e+003
2.813125790000003e+008   -6.361402995177e+006    2.533332035806e+006   -6.151203148826e+005    9.878031951575e+002    6.629715467909e+002   -7.527926019127e+003
2.813126389999998e+008   -6.288118350187e+006    2.567483366180e+006   -1.065098233456e+006    1.454092623258e+003    4.749667554292e+002   -7.465823253273e+003
2.813126990000001e+008   -6.187042504920e+006    2.590286515780e+006   -1.510354684577e+006    1.913806971776e+003    2.849183769360e+002   -7.370609843259e+003
2.813127590000002e+008   -6.058632498036e+006    2.601645580574e+006   -1.948919326674e+006    2.364945925960e+003    9.359885354948e+001   -7.242802499767e+003
2.813128189999998e+008   -5.903460770811e+006    2.601511681857e+006   -2.378850628293e+006    2.805459050111e+003   -9.800939653601e+001   -7.082967842208e+003
2.813128790000000e+008   -5.722228416538e+006    2.589893056563e+006   -2.798250546093e+006    3.233423542438e+003   -2.891156747547e+002   -6.891852706798e+003
2.813129390000002e+008   -5.515742961418e+006    2.566844312085e+006   -3.205266261498e+006    3.646858617882e+003   -4.788375588500e+002   -6.670353831334e+003
2.813129989999998e+008   -5.284928492459e+006    2.532473530817e+006   -3.598104863904e+006    4.044110254861e+003   -6.664187796079e+002   -6.419438491160e+003
2.813130589999999e+008   -5.030816286855e+006    2.486938678952e+006   -3.975037366097e+006    4.423154449651e+003   -8.508110634833e+002   -6.140353346469e+003
2.813131190000002e+008   -4.754537615015e+006    2.430446325493e+006   -4.334407216028e+006    4.782636957232e+003   -1.031451333903e+003   -5.834276169542e+003
2.813131789999997e+008   -4.457323994889e+006    2.363252741467e+006   -4.674639296365e+006    5.120817083424e+003   -1.207425468010e+003   -5.502624087919e+003
2.813132389999999e+008   -4.140494291305e+006    2.285659509731e+006   -4.994242245681e+006    5.436284704203e+003   -1.378017133627e+003   -5.146884776210e+003
2.813219979999999e+008    2.791994301834e+006   -1.899755828069e+006    5.997853842446e+006   -6.412078147782e+003    1.956635918786e+003    3.588569401794e+003
2.813220580000001e+008    2.401456417127e+006   -1.778278573594e+006    6.199854723632e+006   -6.601768528208e+003    2.091043760355e+003    3.141703835839e+003
2.813221179999997e+008    2.000339032357e+006   -1.649021259355e+006    6.374562653855e+006   -6.762789411075e+003    2.216225211762e+003    2.680811173511e+003
2.813221779999999e+008    1.590484656967e+006   -1.512532376898e+006    6.521265108793e+006   -6.894019268082e+003    2.331747359769e+003    2.208179572279e+003
2.813222380000001e+008    1.173653619418e+006   -1.369407088384e+006    6.639316695659e+006   -6.995062101322e+003    2.437082099887e+003    1.725838365048e+003
2.813222979999996e+008    7.517246348131e+005   -1.220317574929e+006    6.728332825707e+006   -7.065306037438e+003    2.531639046665e+003    1.236286531156e+003
2.813223579999999e+008    3.264690842420e+005   -1.065852351551e+006    6.787668088419e+006   -7.104723175154e+003    2.615215289841e+003    7.408040168079e+002
2.813224180000001e+008   -1.002175460809e+005   -9.067149581662e+005    6.817166366507e+006   -7.113004298854e+003    2.687345855847e+003    2.420402998640e+002
2.813224780000002e+008   -5.264647770511e+005   -7.436024346668e+005    6.816688583660e+006   -7.090099483555e+003    2.747695947781e+003   -2.580247146843e+002
2.813225379999998e+008   -9.504036519587e+005   -5.772278128519e+005    6.786229665424e+006   -7.036069629048e+003    2.796017340122e+003   -7.569309367980e+002
2.813225980000000e+008   -1.370186685642e+006   -4.083100392404e+005    6.725904572116e+006   -6.950597520227e+003    2.831664562923e+003   -1.252358910716e+003
2.813226580000002e+008   -1.783910289653e+006   -2.376393984539e+005    6.636067669657e+006   -6.835102180443e+003    2.855147141384e+003   -1.741226299974e+003
2.813227179999998e+008   -2.189850345322e+006   -6.587855474532e+004    6.516869121719e+006   -6.690138905957e+003    2.866819765796e+003   -2.226332188442e+003
2.813227780000000e+008   -2.586154358273e+006    1.061535611892e+005    6.369033876392e+006   -6.515169645050e+003    2.865373343450e+003   -2.699717503817e+003
2.813228380000002e+008   -2.971093384855e+006    2.777190159158e+005    6.193132086390e+006   -6.311473172106e+003    2.851304288878e+003   -3.161430142562e+003
2.813228979999998e+008   -3.342970009984e+006    4.480636800663e+005    5.989928955163e+006   -6.079892001500e+003    2.824665205499e+003   -3.609548729426e+003
2.813229579999999e+008   -3.700142605567e+006    6.164376124094e+005    5.760305777239e+006   -5.821499455731e+003    2.785625038027e+003   -4.041831507677e+003
2.813230180000001e+008   -4.041031449687e+006    7.820987647663e+005    5.505261448351e+006   -5.537308675232e+003    2.734295113536e+003   -4.456496821835e+003
2.813230779999997e+008   -4.364127767353e+006    9.443164917269e+005    5.225910480318e+006   -5.228627248878e+003    2.670898392257e+003   -4.851762532046e+003
2.813231379999999e+008   -4.667999597503e+006    1.102374457866e+006    4.923475510716e+006   -4.896741196642e+003    2.595696308291e+003   -5.225706531507e+003
2.813231980000001e+008   -4.951297044785e+006    1.255574180832e+006    4.599280311581e+006   -4.543116765866e+003    2.509021946338e+003   -5.576746417213e+003
2.813232580000003e+008   -5.212762357044e+006    1.403237273882e+006    4.254747305915e+006   -4.169232475214e+003    2.411243536266e+003   -5.903379764600e+003
2.813233179999999e+008   -5.451230856514e+006    1.544709542591e+006    3.891392769390e+006   -3.776810447360e+003    2.302735712599e+003   -6.203973752279e+003
2.813233780000001e+008   -5.665642250532e+006    1.679366131881e+006    3.510816548980e+006   -3.367547758288e+003    2.184062797515e+003   -6.477225590965e+003
2.813234380000002e+008   -5.855038541168e+006    1.806607960334e+006    3.114696759391e+006   -2.943289663299e+003    2.055669247254e+003   -6.721882256052e+003
2.813234979999998e+008   -6.018574467324e+006    1.925869759326e+006    2.704784300423e+006   -2.505870467870e+003    1.918206818378e+003   -6.936870731057e+003
2.813235580000000e+008   -6.155518646205e+006    2.036622863163e+006    2.282886858944e+006   -2.057264627265e+003    1.772173199668e+003   -7.121157778859e+003
2.813236180000002e+008   -6.265261270673e+006    2.138376777077e+006    1.850873321498e+006   -1.599420388782e+003    1.618301126104e+003   -7.273960194043e+003
2.813236779999998e+008   -6.347311379560e+006    2.230678860460e+006    1.410657369829e+006   -1.134539530259e+003    1.457273801345e+003   -7.394504361056e+003
2.813237379999999e+008   -6.401302805580e+006    2.313120684832e+006    9.641882908486e+005   -6.645086207511e+002    1.289762849570e+003   -7.482287178037e+003
2.813237980000002e+008   -6.426993082422e+006    2.385335948190e+006    5.134437747589e+005   -1.915632790424e+002    1.116576614505e+003   -7.536904968803e+003
2.813238579999997e+008   -6.424271110957e+006    2.447006746273e+006    6.042332781366e+004    2.822871910264e+002    9.383710417811e+002   -7.558164432885e+003
2.813239190000002e+008   -6.392389953995e+006    2.498615268568e+006   -4.004103493752e+005    7.626062052984e+002    7.530682986703e+002   -7.545354720110e+003
2.813240000000002e+008   -6.321333946629e+006    2.548813686470e+006   -1.009120012980e+006    1.342869344731e+003    4.976603639513e+002   -1.576653078829e+003
2.813240709999999e+008   -6.186547447662e+006    2.577201745999e+006   -1.536195403253e+006    1.939109966845e+003    2.782716218369e+002   -7.486611453208e+003
2.813241400000003e+008   -6.034811032732e+006    2.588833090720e+006   -2.039295041468e+006    2.456955445426e+003    5.943615233196e+001   -7.211834070640e+003
2.813241999999998e+008   -5.874179775025e+006    2.586680527380e+006   -2.467171016822e+006    2.895410536995e+003   -1.311102864808e+002   -7.045446319147e+003
2.813242600000001e+008   -5.687628677635e+006    2.573112854282e+006   -2.884130895301e+006    3.320815118343e+003   -3.209810208427e+002   -6.847977266650e+003
2.813243200000002e+008   -5.475982809199e+006    2.548191667294e+006   -3.288326429620e+006    3.731398887731e+003   -5.093486771367e+002   -6.620273994353e+003
2.813243799999998e+008   -5.240192760027e+006    2.512033689330e+006   -3.677980065723e+006    4.125316597577e+003   -6.953798991667e+002   -6.363413461495e+003
2.813244400000000e+008   -4.981223667869e+006    2.464794110141e+006   -4.051393324137e+006    4.501235999673e+003   -8.783046364338e+002   -6.078693465230e+003
2.813245000000002e+008   -4.700377409739e+006    2.406706627272e+006   -4.406901773793e+006    4.856782762540e+003   -1.057191105119e+003   -5.767230099246e+003
2.813245599999998e+008   -4.398838346586e+006    2.338024012794e+006   -4.742956074041e+006    5.190708316490e+003   -1.231304374765e+003   -5.430491298656e+003
2.813246199999999e+008   -4.077949368668e+006    2.259056325467e+006   -5.058085823644e+006    5.501637175838e+003   -1.399881540029e+003   -5.070014790798e+003
2.813246800000001e+008   -3.739130719385e+006    2.170156387262e+006   -5.350914693570e+006    5.788200288930e+003   -1.562266543513e+003   -4.687408318646e+003
2.813247399999997e+008   -3.383882242213e+006    2.071721549358e+006   -5.620167723252e+006    6.049130975163e+003   -1.717639520253e+003   -4.284409784024e+003
2.813247999999999e+008   -3.013773750773e+006    1.964188789166e+006   -5.864671336492e+006    6.283328864131e+003   -1.865378681825e+003   -3.862767368801e+003
2.813248600000001e+008   -2.630439466194e+006    1.848035963110e+006   -6.083366350462e+006    6.489834553590e+003   -2.004878039004e+003   -3.424399485149e+003
2.813249200000003e+008   -2.235561276599e+006    1.723761554458e+006   -6.275292503891e+006    6.664479486455e+003   -2.127803553168e+003   -2.977148961684e+003
2.813249799999999e+008   -1.830898485540e+006    1.591968725109e+006   -6.439663404736e+006    6.816350237182e+003   -2.256640920635e+003   -2.505311637789e+003
2.813325010000003e+008    6.361257419501e+006   -2.530072186675e+006    8.031691896414e+005   -1.184318250365e+003   -5.855248010333e+002    7.485619200198e+003
2.813325620000001e+008    6.274631894977e+006   -2.560024734426e+006    1.257619090297e+006   -1.654146196793e+003   -3.962246471322e+002    7.408802979013e+003
2.813326229999999e+008    6.159570665811e+006   -2.578371762794e+006    1.706354529397e+006   -2.116510474976e+003   -2.051266202335e+002    7.298284658889e+003
2.813326830000001e+008    6.019166814301e+006   -2.585014640294e+006    2.140179066431e+006   -2.561838733734e+003   -1.623889686561e+001    7.157238469131e+003
2.813327430000003e+008    5.852478268860e+006   -2.580308964334e+006    2.564570124615e+006   -2.995050752030e+003    1.728398177322e+002    6.984492532004e+003
2.813328029999999e+008    5.660233101388e+006   -2.564289311884e+006    2.977707815385e+006   -3.414697753797e+003    3.609859804590e+002    6.781324436450e+003
2.813328740000001e+008    5.400707638237e+006   -2.530796174999e+006    3.449516435271e+006   -3.891714957428e+003    5.817958202834e+002    6.502301212720e+003
2.813329340000003e+008    5.152660814649e+006   -2.490020210519e+006    3.832481317590e+006   -4.290841056691e+003    7.675833649519e+002    6.239699536054e+003
2.813329939999999e+008    4.884040745664e+006   -2.438505570217e+006    4.198211787151e+006   -4.660238714989e+003    9.489980709142e+002    5.946979225152e+003
2.813330540000001e+008    4.593852156581e+006   -2.376212160916e+006    4.545607564895e+006   -5.009470419506e+003    1.126684956966e+003    5.628925881731e+003
2.813331169999997e+008    4.267307671635e+006   -2.299463568104e+006    4.889017716117e+006   -5.353078843879e+003    1.308769418890e+003    5.269093550035e+003
2.813331769999999e+008    3.936904267393e+006   -2.215849392995e+006    5.194293436695e+006   -5.655991352586e+003    1.477338250922e+003    4.903534318757e+003
2.813332370000001e+008    3.598746504696e+006   -2.122370041753e+006    5.477315732070e+006   -5.896268386147e+003    1.641146059885e+003    4.517872882811e+003
2.813332990000001e+008    3.221203344846e+006   -2.019454702403e+006    5.738953068093e+006   -6.168992467998e+003    1.780988880146e+003    4.073133026727e+003
2.813333589999997e+008    2.844273170773e+006   -1.908244001951e+006    5.970537774589e+006   -6.390592224178e+003    1.924579991798e+003    3.644040159947e+003
2.813334189999999e+008    2.454890089472e+006   -1.788669864849e+006    6.175909126716e+006   -6.584089111912e+003    2.059663131465e+003    3.199291119900e+003
2.813334790000001e+008    2.054761151161e+006   -1.661256134408e+006    6.354158319562e+006   -6.748774679725e+003    2.185658840709e+003    2.740034726271e+003
2.813335390000003e+008    1.645644915507e+006   -1.526559577846e+006    6.504509462905e+006   -6.883576251709e+003    2.302368571515e+003    2.269539227138e+003
2.813336009999997e+008    1.215086651840e+006   -1.380399949491e+006    6.629479035619e+006   -7.003262463040e+003    2.409918325289e+003    1.751458620908e+003
2.813336609999999e+008    7.932466989311e+005   -1.232748681620e+006    6.721215451885e+006   -7.065868643775e+003    2.507444869000e+003    1.281744681568e+003
2.813337210000001e+008    3.678663489019e+005   -1.079704789709e+006    6.783275359048e+006   -7.108434249805e+003    2.591956917973e+003    7.865074576403e+002
2.813337810000003e+008   -5.913546830721e+004   -9.219316981220e+005    6.815530601325e+006   -7.119665748326e+003    2.665149430951e+003    2.883486776546e+002
2.813338409999999e+008   -4.858753590874e+005   -7.601146041220e+005    6.817810079612e+006   -7.099756889103e+003    2.726701497392e+003   -2.120113582811e+002
2.813339010000001e+008   -9.104832378055e+005   -5.949628003304e+005    6.790102215458e+006   -7.048735285112e+003    2.776275491107e+003   -7.111826177605e+002
2.813339610000002e+008   -1.331096519896e+006   -4.272002790608e+005    6.732522942023e+006   -6.966643737915e+003    2.813700620717e+003   -1.207375037688e+003
2.813340209999998e+008   -1.745855903976e+006   -2.575848726463e+005    6.645363196347e+006   -6.854092206524e+003    2.838936706658e+003   -1.698997625689e+003
2.813340810000000e+008   -2.152964648788e+006   -8.681238110538e+004    6.528890020231e+006   -6.711299436922e+003    2.851548244750e+003   -2.182750043091e+003
2.813341410000002e+008   -2.550617969079e+006    8.434814368965e+004    6.383638939131e+006   -6.538961633352e+003    2.851562145902e+003   -2.656901153671e+003
2.813342009999998e+008   -2.937061681188e+006    2.551314077138e+005    6.210278561179e+006   -6.337798317429e+003    2.839071666476e+003   -3.119709780000e+003
2.813342609999999e+008   -3.310591718988e+006    4.247907478207e+005    6.009542077028e+006   -6.108666855576e+003    2.814122074099e+003   -3.569004522004e+003
2.813343210000002e+008   -3.669561792336e+006    5.925824021713e+005    5.782296271647e+006   -5.852569341472e+003    2.776770571928e+003   -4.002843743721e+003
2.813343809999997e+008   -4.012390885779e+006    7.577638887131e+005    5.529544536453e+006   -5.570653468450e+003    2.727153354013e+003   -4.419185568189e+003
2.813344409999999e+008   -4.337563607470e+006    9.196140174992e+005    5.252377870794e+006   -5.264120131165e+003    2.665611457872e+003   -4.816258022236e+003
2.813345010000001e+008   -4.643625502003e+006    1.077402982791e+006    4.952022372925e+006   -4.934184406808e+003    2.592153362729e+003   -5.192119125475e+003
2.813345610000003e+008   -4.929253632831e+006    1.230466138618e+006    4.629802358442e+006   -4.582539462637e+003    2.507384482262e+003   -5.545116090658e+003
2.813439060000003e+008    6.318450388277e+006   -2.535394553455e+006    1.076541908708e+006   -1.466211746174e+003   -4.756739043999e+002    7.443405057972e+003
2.813439659999999e+008    6.216687260580e+006   -2.558356356762e+006    1.520451409189e+006   -1.924646225604e+003   -2.893905898895e+002    7.348160695864e+003
2.813440260000001e+008    6.087662573399e+006   -2.570093125373e+006    1.957676851740e+006   -2.374654942295e+003   -1.018432663319e+002    7.220612632513e+003
2.813440860000002e+008    5.931935243264e+006   -2.570562102199e+006    2.386289225895e+006   -2.814246575605e+003    8.617055897161e+001    7.061297586181e+003
2.813441480000003e+008    5.743696564501e+006   -2.559204530877e+006    2.818141935560e+006   -3.255590522343e+003    2.800390101111e+002    6.864015632638e+003
2.813443319999999e+008    4.997743911455e+006   -3.188688703360e+006    4.014360203316e+006   -4.413999487511e+003    8.405154948211e+002    6.093268755155e+003
2.813443920000001e+008    4.751846279480e+006   -2.399437998267e+006    4.370852246070e+006   -4.825030249277e+003    1.021493367697e+003    5.785956669872e+003
2.813444519999997e+008    4.452141366360e+006   -2.332931199240e+006    4.708149584660e+006   -5.161561792082e+003    1.194500444014e+003    5.453132816370e+003
2.813445119999999e+008    4.132920098202e+006   -2.256199770783e+006    5.024752185041e+006   -5.475320644673e+003    1.362232107396e+003    5.096411583952e+003
2.813445720000001e+008    3.795584422670e+006   -2.169580102444e+006    5.319271745675e+006   -5.765100075348e+003    1.523959534435e+003    4.717300973241e+003
2.813446320000002e+008    3.441615435471e+006   -2.073452930819e+006    5.590414834042e+006   -6.029581644628e+003    1.679017973256e+003    4.317488806222e+003
2.813446919999998e+008    3.072565205922e+006   -1.968239627920e+006    5.836994900147e+006   -6.267628694408e+003    1.826703712263e+003    3.898753199198e+003
2.813447520000000e+008    2.690052404288e+006   -1.854402940821e+006    6.057924783603e+006   -6.478193511596e+003    1.966388270739e+003    3.462872416986e+003
2.813448120000002e+008    2.295752600873e+006   -1.732440186961e+006    6.252236729779e+006   -6.660369293770e+003    2.097465965336e+003    3.011844955317e+003
2.813448719999998e+008    1.891393585066e+006   -1.602886782846e+006    6.419078397255e+006   -6.813360789900e+003    2.219340189468e+003    2.547489491825e+003
2.813449320000000e+008    1.478747062643e+006   -1.466309431220e+006    6.557712371672e+006   -6.936513781303e+003    2.331490040489e+003    2.072004938041e+003
2.813449920000002e+008    1.059620481365e+006   -1.323306114935e+006    6.667530179067e+006   -7.029297497722e+003    2.433456580246e+003    1.587340409251e+003
2.813450519999998e+008    6.358500371066e+005   -1.174503069164e+006    6.748045797402e+006   -7.091254684228e+003    2.524739775999e+003    1.095555138647e+003
2.813451119999999e+008    2.092922106844e+005   -1.020551074338e+006    6.798899170536e+006   -7.122163310231e+003    2.604994168686e+003    5.987587501458e+002
2.813451740000000e+008   -2.324263822927e+005   -8.567752878489e+005    6.820043180859e+006   -7.121262387381e+003    2.675853858010e+003    8.325006574452e+001
2.813452340000002e+008   -6.588812651773e+005   -6.944547338279e+005    6.810016719279e+006   -7.088694277415e+003    2.732696564641e+003   -4.170408642532e+002
2.813452939999998e+008   -1.082454897450e+006   -5.290698881601e+005    6.770033176905e+006   -7.024950514585e+003    2.777367843846e+003   -9.153231665970e+002
2.813453539999999e+008   -1.501271560795e+006   -3.613800257137e+005    6.700271461569e+006   -6.930374788104e+003    2.809955500584e+003   -1.409796275226e+003
2.813454140000001e+008   -1.913494459773e+006   -1.921100530675e+005    6.600997046252e+006   -6.805378710301e+003    2.830263512095e+003   -1.898149526485e+003
2.813454739999997e+008   -2.317315647000e+006   -2.199317434866e+004    6.472654450733e+006   -6.650406687903e+003    2.838142485114e+003   -2.378372201424e+003
2.813455339999999e+008   -2.710956931666e+006    1.482218850846e+005    6.315796742621e+006   -6.466147785761e+003    2.833529837805e+003   -2.848333178159e+003
2.813455940000001e+008   -3.092698597097e+006    3.177723849735e+005    6.131167084324e+006   -6.253216079583e+003    2.816597622210e+003   -3.306541446438e+003
2.813456540000003e+008   -3.460830846129e+006    4.859521319673e+005    5.919417156994e+006   -6.012728756737e+003    2.786997135868e+003   -3.749645199149e+003
2.813457139999998e+008   -3.813715438398e+006    6.519791551562e+005    5.681538255103e+006   -5.745901486479e+003    2.745287604172e+003   -4.176302427436e+003
2.813457740000001e+008   -4.149826241587e+006    8.151443384376e+005    5.418604859362e+006   -5.453522733819e+003    2.691401285845e+003   -4.584911848351e+003
2.813458340000002e+008   -4.467657902132e+006    9.747119796080e+005    5.131751483098e+006   -5.136907856002e+003    2.625628802691e+003   -4.973631302928e+003
2.813458939999998e+008   -4.765810962151e+006    1.129992629585e+006    4.822218314502e+006   -4.797589162435e+003    2.548272782307e+003   -5.340458277954e+003
2.813459540000000e+008   -5.042949422707e+006    1.280288535261e+006    4.491366644882e+006   -4.436943188427e+003    2.459653477055e+003   -5.683860513715e+003
2.813460140000002e+008   -5.297845887979e+006    1.424935983485e+006    4.140651144215e+006   -4.056516782560e+003    2.360133876896e+003   -6.002325470975e+003
2.813460739999998e+008   -5.529365443257e+006    1.563296171738e+006    3.771614034443e+006   -3.657989520041e+003    2.250140493761e+003   -6.294330391153e+003
2.813461339999999e+008   -5.736476212599e+006    1.694755070605e+006    3.385882606660e+006   -3.243146190279e+003    2.130162289520e+003   -6.558642341599e+003
2.813461940000002e+008   -5.918253981154e+006    1.818729631918e+006    2.985156928930e+006   -2.813879389511e+003    2.000758124637e+003   -6.793948210508e+003
2.813462539999997e+008   -6.073886559400e+006    1.934669144171e+006    2.571207853464e+006   -2.372022565496e+003    1.862459908245e+003   -6.999234984098e+003
2.813462979999999e+008   -6.170993424671e+006    2.014284804968e+006    2.260298507690e+006   -2.041093841420e+003    1.755724346139e+003   -7.130169426527e+003
