2.814581980000001e+008    4.175534649080e+006   -2.160757244891e+006    5.031170514152e+006   -5.512013143791e+003    1.242291693503e+003    5.087797742677e+003
2.814582580000003e+008    3.835905493866e+006   -2.081536830572e+006    5.325161624552e+006   -5.804731299274e+003    1.397240587663e+003    4.708591441943e+003
2.814583179999999e+008    3.479465434131e+006   -1.993193134359e+006    5.595751520117e+006   -6.072133960078e+003    1.546178458261e+003    4.308203572004e+003
2.814583780000001e+008    3.107775989994e+006   -1.896114683669e+006    5.841748635996e+006   -6.312921908357e+003    1.688395811211e+003    3.888861985992e+003
2.814584380000002e+008    2.722466147602e+006   -1.790727397912e+006    6.062072295833e+006   -6.526011498336e+003    1.823148089130e+003    3.452564886494e+003
2.814584979999998e+008    2.325225705301e+006   -1.677491974744e+006    6.255755722744e+006   -6.710546825212e+003    1.949896856315e+003    3.001100856540e+003
2.814585580000000e+008    1.917798578348e+006   -1.556901790769e+006    6.421936550314e+006   -6.865600675697e+003    2.068124011618e+003    2.536428364131e+003
2.814586180000002e+008    1.501962030983e+006   -1.429489535317e+006    6.559896356190e+006   -6.990596148207e+003    2.177290047608e+003    2.060586447349e+003
2.814586779999998e+008    1.079541323208e+006   -1.295811371373e+006    6.669014638886e+006   -7.084969285847e+003    2.276930864227e+003    1.575564168810e+003
2.814587379999999e+008    6.523868911698e+005   -1.156452622188e+006    6.748814854772e+006   -7.148296118598e+003    2.366595533663e+003    1.083580820210e+003
2.814587980000002e+008    2.223724322934e+005   -1.012022034267e+006    6.798932421419e+006   -7.180306224381e+003    2.445914595545e+003    5.866759470301e+002
2.814588579999997e+008   -2.086150313186e+005   -8.631566842456e+005    6.819173233645e+006   -7.180786344568e+003    2.514465113722e+003    8.715918582178e+001
2.814589179999999e+008   -6.386884482802e+005   -7.105044272201e+005    6.809396685841e+006   -7.149807443416e+003    2.572024692080e+003   -4.127893545556e+002
2.814589780000001e+008   -1.065961671578e+006   -5.547350706865e+005    6.769661173166e+006   -7.087442618463e+003    2.618304927980e+003   -9.110895649395e+002
2.814590380000003e+008   -1.488559206300e+006   -3.965328792386e+005    6.700130607663e+006   -6.993895193444e+003    2.653008491521e+003   -1.405261123805e+003
2.814590979999999e+008   -1.904620500537e+006   -2.365934533800e+005    6.601102925428e+006   -6.869853870877e+003    2.675926352561e+003   -1.893092914862e+003
2.814591580000001e+008   -2.312331610648e+006   -7.564228916517e+004    6.473097137479e+006   -6.715544979860e+003    2.686984087125e+003   -2.372124568842e+003
2.814592180000003e+008   -2.709843814881e+006    8.569518573961e+004    6.316386702488e+006   -6.530954753709e+003    2.687426858139e+003   -2.844946053631e+003
2.814592779999998e+008   -3.095453799417e+006    2.466354722842e+005    6.131891309720e+006   -6.318018213568e+003    2.675232431597e+003   -3.302694296561e+003
2.814593380000001e+008   -3.467446096832e+006    4.064911389624e+005    5.920346132864e+006   -6.077168906844e+003    2.651246298209e+003   -3.746228552665e+003
2.814593980000002e+008   -3.824176609768e+006    5.645590737524e+005    5.682667461483e+006   -5.809483083717e+003    2.615649675484e+003   -4.173427056233e+003
2.814594579999998e+008   -4.164068317695e+006    7.201423909443e+005    5.419898694957e+006   -5.516053599027e+003    2.568462736761e+003   -4.582378022216e+003
2.814595180000000e+008   -4.485610464589e+006    8.725486166378e+005    5.133180841031e+006   -5.198137745409e+003    2.509883322644e+003   -4.971319389608e+003
2.814595780000002e+008   -4.787382642434e+006    1.021112448562e+006    4.823776056150e+006   -4.857190005824e+003    2.440289352976e+003   -5.338448767709e+003
2.814596379999998e+008   -5.068040055699e+006    1.165171408139e+006    4.493037620272e+006   -4.494661079212e+003    2.359891328214e+003   -5.682083779896e+003
2.814597319999997e+008   -5.462339813491e+006    1.380295829167e+006    3.935496040278e+006   -3.887246061485e+003    2.213040991101e+003   -6.169731149722e+003
2.814597919999999e+008   -5.683327142237e+006    1.509928494111e+006    3.556865922175e+006   -3.476627092652e+003    2.106599690455e+003   -6.446455634677e+003
2.814598520000001e+008   -5.879211858749e+006    1.632893419694e+006    3.162482463192e+006   -3.051031356698e+003    1.991105340725e+003   -6.694544901526e+003
2.814599119999997e+008   -6.049122075552e+006    1.748645387430e+006    2.754087420057e+006   -2.611340131531e+003    1.866331433869e+003   -6.913167523063e+003
2.814599719999999e+008   -6.192296824642e+006    1.856669615950e+006    2.333486831772e+006   -2.159728501605e+003    1.733279707279e+003   -7.101449906960e+003
2.814600320000001e+008   -6.308131377895e+006    1.956511900451e+006    1.902558894874e+006   -1.698383216701e+003    1.592380638957e+003   -7.258308467969e+003
2.814600920000003e+008   -6.396028065520e+006    2.047672453118e+006    1.463171315307e+006   -1.229866716218e+003    1.444662903010e+003   -7.382748981206e+003
2.814601519999998e+008   -6.455628559713e+006    2.129767316968e+006    1.017290494548e+006   -7.561271335631e+002    1.290789724872e+003   -7.474408240638e+003
2.814602120000001e+008   -6.486689852842e+006    2.202451715878e+006    5.669036238556e+005   -2.788829391798e+002    1.131118618196e+003   -7.532943428661e+003
2.814602720000002e+008   -6.489068692001e+006    2.265400529029e+006    1.140046579791e+005    1.996074554461e+002    9.663906319096e+002   -7.558100830248e+003
2.814603319999998e+008   -6.462756812554e+006    2.318334326153e+006   -3.393987262178e+005    6.772052478965e+002    7.973809154456e+002   -7.549746923935e+003
2.814603920000000e+008   -6.407868426307e+006    2.361018364133e+006   -7.912962502113e+005    1.151725642451e+003    6.248813858000e+002   -7.507918112816e+003
2.814604520000002e+008   -6.324684477392e+006    2.393276087885e+006   -1.239682261088e+006    1.618075279223e+003    4.506452376307e+002   -7.432516015672e+003
2.814605119999998e+008   -6.213486367037e+006    2.414936472512e+006   -1.682580504977e+006    2.083115388130e+003    2.724559481069e+002   -7.324871917756e+003
2.814605719999999e+008   -6.074868872480e+006    2.425938094949e+006   -2.118021012283e+006    2.535726577168e+003    9.416979022102e+001   -7.184457520257e+003
2.814606320000001e+008   -5.909427029849e+006    2.426228251680e+006   -2.544081712663e+006    2.977022106863e+003   -8.450078440841e+001   -7.012324652196e+003
2.814606919999997e+008   -5.717896625502e+006    2.415807191702e+006   -2.958881204030e+006    3.404960278977e+003   -2.626999507425e+002   -6.809249948173e+003
2.814607519999999e+008   -5.501139104927e+006    2.394727614117e+006   -3.360589977190e+006    3.817611255319e+003   -4.396362879088e+002   -6.576130228252e+003
2.814608120000001e+008   -5.260122601119e+006    2.363086886752e+006   -3.747437447131e+006    4.213210604976e+003   -6.145311488457e+002   -6.314102583009e+003
2.814608720000003e+008   -4.995937283227e+006    2.321011334776e+006   -4.117685928700e+006    4.590103920254e+003   -7.865333412051e+002   -6.024454279222e+003
2.814609319999999e+008   -4.709735039752e+006    2.268742080423e+006   -4.469798031172e+006    4.946473325897e+003   -9.551018270518e+002   -5.708242331292e+003
2.814609920000001e+008   -4.402803166952e+006    2.206485922451e+006   -4.802179044694e+006    5.280828049046e+003   -1.119330674717e+003   -5.367034270602e+003
2.814610520000002e+008   -4.076505813493e+006    2.134523309203e+006   -5.113376531002e+006    5.591769411628e+003   -1.278495005257e+003   -5.002387786970e+003
2.814611119999998e+008   -3.732289678528e+006    2.053177790976e+006   -5.402032615484e+006    5.877910736555e+003   -1.431962741821e+003   -4.615940594189e+003
2.814611720000000e+008   -3.371678651765e+006    1.962812443671e+006   -5.666891296090e+006    6.138053409661e+003   -1.579007544198e+003   -4.209430708347e+003
2.814695989999998e+008    3.997947552353e+006   -2.109952423879e+006    5.193619911845e+006   -5.677624541555e+003    1.314181197865e+003    4.884134298415e+003
2.814696589999999e+008    3.648703064640e+006   -2.026561599730e+006    5.474998968758e+006   -5.957008416485e+003    1.465410504021e+003    4.493185731376e+003
2.814697190000002e+008    3.283547199994e+006   -1.934257776607e+006    5.732359814174e+006   -6.210381330058e+003    1.610180616166e+003    4.082384473173e+003
2.814697789999997e+008    2.904001042274e+006   -1.833476453708e+006    5.964526948842e+006   -6.436542240246e+003    1.747907131973e+003    3.653688543871e+003
2.814698389999999e+008    2.511702859398e+006   -1.724675784422e+006    6.170457181819e+006   -6.638893583195e+003    1.874887677090e+003    3.204783312852e+003
2.814698990000001e+008    2.108443013734e+006   -1.608283295510e+006    6.349310076154e+006   -6.803295979784e+003    1.999693466802e+003    2.750196163356e+003
2.814699590000003e+008    1.695918109039e+006   -1.484857937282e+006    6.500233341602e+006   -6.942448601311e+003    2.112812390291e+003    2.278957329004e+003
2.814700189999999e+008    1.275959006216e+006   -1.354923742626e+006    6.622581471168e+006   -7.051079705653e+003    2.216638695165e+003    1.797838342733e+003
2.814700790000001e+008    8.504071218225e+005   -1.219050533984e+006    6.715814938746e+006   -7.128820373713e+003    2.310734235951e+003    1.308778586686e+003
2.814701390000003e+008    4.211265205210e+005   -1.077832376342e+006    6.779518180439e+006   -7.175303060500e+003    2.394714251888e+003    8.138874479219e+002
2.814701989999998e+008   -9.995332617340e+003   -9.318868929468e+005    6.813263093184e+006   -7.190328900917e+003    2.468223330558e+003    3.139745878567e+002
2.814702590000001e+008   -4.410766050163e+005   -7.818705823922e+005    6.817219082145e+006   -7.173798486509e+003    2.530776130572e+003   -1.855901700121e+002
2.814703190000002e+008   -8.702083428581e+005   -6.284035783451e+005    6.791165509507e+006   -7.125667375457e+003    2.582405987377e+003   -6.847868959820e+002
2.814703789999998e+008   -1.295562716509e+006   -4.721524534653e+005    6.735246367976e+006   -7.046560555576e+003    2.622897037758e+003   -1.180944577962e+003
2.814704390000000e+008   -1.715201514014e+006   -3.138538942094e+005    6.649609967315e+006   -6.936301377426e+003    2.651692645255e+003   -1.672553526669e+003
2.814704990000002e+008   -2.127305716455e+006   -1.541765806552e+005    6.534681314939e+006   -6.795498561002e+003    2.668832460822e+003   -2.157062744973e+003
2.814705589999998e+008   -2.530060804170e+006    6.177900727682e+003    6.390954924219e+006   -6.624771865287e+003    2.674275272150e+003   -2.632151221795e+003
2.814706189999999e+008   -2.921691812944e+006    1.665054965772e+005    6.219049873035e+006   -6.424844472434e+003    2.667941225948e+003   -3.095927779976e+003
2.814706790000001e+008   -3.300463098489e+006    3.261055664457e+005    6.019765803746e+006   -6.196572411866e+003    2.649831133891e+003   -3.546621022471e+003
2.814707389999997e+008   -3.664721409409e+006    4.842682287421e+005    5.793850492440e+006   -5.940872819301e+003    2.620095030092e+003   -3.981389444472e+003
2.814707989999999e+008   -4.012837115159e+006    6.402891800620e+005    5.542344754360e+006   -5.658864304005e+003    2.578800170571e+003   -4.398851218799e+003
2.814708590000001e+008   -4.343277243598e+006    7.934942254138e+005    5.266364063681e+006   -5.351796330828e+003    2.526110576646e+003   -4.797094300041e+003
2.814709189999996e+008   -4.654572462445e+006    9.432028364081e+005    4.967097998067e+006   -5.020984451259e+003    2.462260307566e+003   -5.174306532104e+003
2.814709789999999e+008   -4.945341019523e+006    1.088750202493e+006    4.645882278763e+006   -4.667879195644e+003    2.387535060456e+003   -5.528835536942e+003
2.814710390000001e+008   -5.214297195065e+006    1.229498113166e+006    4.304118284747e+006   -4.293987600899e+003    2.302218812189e+003   -5.859148844750e+003
2.814710990000002e+008   -5.460233481889e+006    1.364814552806e+006    3.943299222810e+006   -3.900956571401e+003    2.206716074981e+003   -6.163613752308e+003
2.814711589999998e+008   -5.682061773652e+006    1.494106860087e+006    3.565022696169e+006   -3.490600066750e+003    2.101407073481e+003   -6.440937285928e+003
2.814712190000000e+008   -5.878790151643e+006    1.616797320764e+006    3.170954865489e+006   -3.064664798479e+003    1.986768846182e+003   -6.689796577007e+003
2.814712790000002e+008   -6.049542394741e+006    1.732342405898e+006    2.762838481548e+006   -2.625008702190e+003    1.863279939308e+003   -6.909068576035e+003
2.814713389999998e+008   -6.193557276865e+006    1.840228916187e+006    2.342479383898e+006   -2.173732795961e+003    1.731568629016e+003   -7.097729830924e+003
2.814713990000000e+008   -6.310152731142e+006    1.939989442563e+006    1.911692743134e+006   -1.712411509119e+003    1.592209227157e+003   -7.255297750427e+003
2.814714590000002e+008   -6.398872713071e+006    2.031165900822e+006    1.472457898604e+006   -1.243730524396e+003    1.445769566774e+003   -7.380447932736e+003
2.814715189999998e+008   -6.459278605118e+006    2.113348693389e+006    1.026689120183e+006   -7.693831511920e+002    1.292854002287e+003   -7.472937592025e+003
2.814715789999999e+008   -6.491120690767e+006    2.186188801376e+006    5.763670882587e+005   -2.916558668332e+002    1.134235530433e+003   -7.532242968374e+003
2.814716390000001e+008   -6.494267789397e+006    2.249368921361e+006    1.234952777485e+005    1.872097644437e+002    9.706865684979e+002   -7.558100375429e+003
2.814716989999997e+008   -6.468682407571e+006    2.302593110971e+006   -3.299299828843e+005    6.653048530329e+002    8.027765119293e+002   -7.550476678288e+003
2.814717589999999e+008   -6.414510340082e+006    2.345653780041e+006   -7.818874625967e+005    1.140246106552e+003    6.314745833113e+002   -7.509357951173e+003
2.814718190000001e+008   -6.331965747079e+006    2.378329961491e+006   -1.230383019666e+006    1.610150187857e+003    4.573477629017e+002   -7.434971101341e+003
2.814718790000003e+008   -6.221435661108e+006    2.400493983761e+006   -1.673425826572e+006    2.072806395074e+003    2.811822101207e+002   -7.327662493056e+003
2.814719389999998e+008   -6.083397793542e+006    2.412023273961e+006   -2.109060207942e+006    2.526134726803e+003    1.038659413757e+002   -7.187928699007e+003
2.814719990000001e+008   -5.918467228838e+006    2.412870672830e+006   -2.535329861242e+006    2.968174407499e+003   -7.388447659076e+001   -7.016406494140e+003
2.814720590000002e+008   -5.727490193034e+006    2.403169535987e+006   -2.950392699397e+006    3.396690931278e+003   -2.509708592910e+002   -6.813932190413e+003
2.814721189999998e+008   -5.511223334015e+006    2.382843188881e+006   -3.352405390874e+006    3.810199173591e+003   -4.270096311007e+002   -6.581413353108e+003
2.814721790000000e+008   -5.270636364622e+006    2.352005449095e+006   -3.739595348530e+006    4.206853871104e+003   -6.011341424111e+002   -6.319856939005e+003
2.814722390000002e+008   -5.006786304149e+006    2.310778034552e+006   -4.110242242772e+006    4.584666078634e+003   -7.721854706047e+002   -6.030679658053e+003
2.814722989999998e+008   -4.720894523042e+006    2.259406012159e+006   -4.462748670887e+006    4.941667088967e+003   -9.395433994011e+002   -5.715198277794e+003
2.814723589999999e+008   -4.414257254132e+006    2.198032278281e+006   -4.795543313001e+006    5.276557426171e+003   -1.103828285520e+003   -5.374320712063e+003
2.814724190000002e+008   -4.088190161102e+006    2.127015161639e+006   -5.107190507918e+006    5.588358350779e+003   -1.262439818072e+003   -5.010135250756e+003
2.814724789999997e+008   -3.744152181603e+006    2.046648303391e+006   -5.396324364212e+006    5.875357841395e+003   -1.415399173615e+003   -4.624159109221e+003
2.814725389999999e+008   -3.383662605203e+006    1.957288305594e+006   -5.661681889457e+006    6.136406521406e+003   -1.562034633301e+003   -4.218020387436e+003
2.814725979999999e+008   -3.014689718442e+006    1.861037021779e+006   -5.898318503934e+006    6.366699017357e+003   -1.699443355267e+003   -3.800791139644e+003
