2.820776970000000e+008    4.832830355430e+006   -1.670020124334e+006    4.610031920964e+006   -5.184461836240e+003    3.977879269913e+002    5.550858521867e+003
2.820777570000002e+008    4.511385105268e+006   -1.642503856385e+006    4.932694224745e+006   -5.526433231990e+003    5.190110130081e+002    5.200621112746e+003
2.820778169999998e+008    4.170141812632e+006   -1.607779744511e+006    5.233650103853e+006   -5.844166857589e+003    6.379568258926e+002    4.827524048242e+003
2.820778769999999e+008    3.810597138503e+006   -1.565999623376e+006    5.511574109149e+006   -6.136260817354e+003    7.541324483865e+002    4.433145022710e+003
2.820779370000002e+008    3.434327719002e+006   -1.517346421477e+006    5.765239159849e+006   -6.401473286881e+003    8.669774701604e+002    4.019191988618e+003
2.820779969999997e+008    3.042982140370e+006   -1.462032002901e+006    5.993525556722e+006   -6.638579938161e+003    9.760565769121e+002    3.587552932909e+003
2.820780569999999e+008    2.638279802160e+006   -1.400299841982e+006    6.195428983828e+006   -6.846585786125e+003    1.080847726531e+003    3.140076212473e+003
2.820781170000001e+008    2.221995196115e+006   -1.332419939587e+006    6.370058034385e+006   -7.024523001565e+003    1.180917378813e+003    2.678710232650e+003
2.820781769999997e+008    1.795956645867e+006   -1.258689490431e+006    6.516645712807e+006   -7.171626212928e+003    1.275808860914e+003    2.205443727882e+003
2.820782419999998e+008    1.325573002921e+006   -1.172587744198e+006    6.643036724298e+006   -7.295477442517e+003    1.372270203839e+003    1.681849313625e+003
2.820783020000000e+008    8.852527523406e+005   -1.087732460191e+006    6.729250105118e+006   -7.376462937654e+003    1.455081517699e+003    1.190704434910e+003
2.820783620000002e+008    4.410436866938e+005   -9.980996966991e+005    6.785804000105e+006   -7.425072578885e+003    1.531526666172e+003    6.939664731545e+002
2.820784219999998e+008   -5.102905080916e+003   -9.040796138325e+005    6.812463209819e+006   -7.441043806119e+003    1.601234129993e+003    1.941749872119e+002
2.820784819999999e+008   -4.512266328047e+005   -8.060852935772e+005    6.809092019108e+006   -7.424299618538e+003    1.663940274730e+003   -3.065701572055e+002
2.820785420000001e+008   -8.953663074130e+005   -7.045467027978e+005    6.775695710974e+006   -7.374920166748e+003    1.719366690863e+003   -8.061488388197e+002
2.820786020000004e+008   -1.335567937784e+006   -5.999098416304e+005    6.712409579633e+006   -7.293073654644e+003    1.767232502906e+003   -1.302410792874e+003
2.820786619999999e+008   -1.769893193935e+006   -4.926319607627e+005    6.619510444547e+006   -7.179093991232e+003    1.807324464872e+003   -1.793135481288e+003
2.820787220000001e+008   -2.196425634248e+006   -3.831853851905e+005    6.497386160360e+006   -7.033470240772e+003    1.839473949445e+003   -2.276132111041e+003
2.820787820000003e+008   -2.613286453999e+006   -2.720511801082e+005    6.346571142908e+006   -6.856787453035e+003    1.863548596680e+003   -2.749239731026e+003
2.820788419999999e+008   -3.018633209104e+006   -1.597187805944e+005    6.167715367114e+006   -6.649827245715e+003    1.879439307365e+003   -3.210447068817e+003
2.820789020000001e+008   -3.410673918041e+006   -4.668181977302e+004    5.961596890184e+006   -6.413412580393e+003    1.887012215263e+003   -3.657662785629e+003
2.820789620000002e+008   -3.787673680432e+006    6.656073205896e+004    5.729115362334e+006   -6.148649680743e+003    1.886279925235e+003   -4.088885074325e+003
2.820790219999998e+008   -4.147963337132e+006    1.795101508097e+005    5.471286541155e+006   -5.856540143198e+003    1.877241272385e+003   -4.502142299045e+003
2.820790820000000e+008   -4.489943038944e+006    2.916669223850e+005    5.189239797376e+006   -5.538538400597e+003    1.859903047564e+003   -4.895822085792e+003
2.820791420000002e+008   -4.812095686856e+006    4.025356702243e+005    4.884214637001e+006   -5.195921477449e+003    1.834311782816e+003   -5.267902347480e+003
2.820792019999998e+008   -5.112990802359e+006    5.116272035101e+005    4.557552707690e+006   -4.830198560605e+003    1.800653244637e+003   -5.616820612818e+003
2.820792619999999e+008   -5.391288371731e+006    6.184577221458e+005    4.210692304987e+006   -4.442957035439e+003    1.758996468313e+003   -5.940964288313e+003
2.820793220000002e+008   -5.645751177381e+006    7.225539188094e+005    3.845163892644e+006   -4.035977619866e+003    1.709536868390e+003   -6.238840459711e+003
2.820793819999997e+008   -5.875245411932e+006    8.234549273340e+005    3.462582603702e+006   -3.611013890963e+003    1.652514337376e+003   -6.509166255298e+003
2.820794419999999e+008   -6.078749345736e+006    9.207133597764e+005    3.064640954652e+006   -3.169881728781e+003    1.588128783721e+003   -6.750688703680e+003
2.820795020000001e+008   -6.255355774072e+006    1.013898039682e+006    2.653100549541e+006   -2.714763114885e+003    1.516794161136e+003   -6.962264227037e+003
2.820795619999997e+008   -6.404279693807e+006    1.102597051926e+006    2.229785792608e+006   -2.247499811439e+003    1.438678735495e+003   -7.142999813779e+003
2.820796219999999e+008   -6.524857065258e+006    1.186415131581e+006    1.796573686136e+006   -1.770265884762e+003    1.354187136151e+003   -7.292031899864e+003
2.820796820000001e+008   -6.616553065394e+006    1.264982039748e+006    1.355387044275e+006   -1.285158846937e+003    1.263719647374e+003   -7.408737046615e+003
2.820797420000003e+008   -6.678962098751e+006    1.337950329570e+006    9.081837929388e+005   -7.943965945252e+002    1.167639206076e+003   -7.492511620860e+003
2.820798019999998e+008   -6.711811111109e+006    1.404997106970e+006    4.569493752774e+005   -3.001996428900e+002    1.066401817018e+003   -7.543031981326e+003
2.820798620000001e+008   -6.714958064479e+006    1.465826698515e+006    3.687049294020e+003    1.952896741586e+002    9.604908390771e+002   -7.560104613163e+003
2.820799220000002e+008   -6.688396813436e+006    1.520171837545e+006   -4.495917041652e+005    6.897580623689e+002    8.503305597332e+002   -7.543595725620e+003
2.820799819999998e+008   -6.632253173614e+006    1.567793213057e+006   -9.008764878569e+005    1.181008880621e+003    7.364815028398e+002   -7.493661712333e+003
2.820800420000000e+008   -6.546784801233e+006    1.608483154415e+006   -1.348167188184e+006    1.666827078362e+003    6.193823511554e+002   -7.410508942588e+003
2.820801020000002e+008   -6.432383796306e+006    1.642064315650e+006   -1.789482871027e+006    2.145101631802e+003    4.996088596260e+002   -7.294573949346e+003
2.820801619999998e+008   -6.289569436584e+006    1.668392421874e+006   -2.222871493477e+006    2.613613490776e+003    3.777005462199e+002   -7.146393091282e+003
2.820802219999999e+008   -6.118987669980e+006    1.687354425235e+006   -2.646419104767e+006    3.070327782987e+003    2.541798560014e+002   -6.966653028337e+003
2.820802820000001e+008   -5.921407598164e+006    1.698871736927e+006   -3.058256951863e+006    3.513165919502e+003    1.296606567239e+002   -6.756230345296e+003
2.820803419999997e+008   -5.697720193844e+006    1.702899201247e+006   -3.456573281626e+006    3.940262475404e+003    4.649056267758e+000   -6.516091979518e+003
2.820804019999999e+008   -5.448925774660e+006    1.699422048417e+006   -3.839614761370e+006    4.349735819556e+003   -1.203802480311e+002   -6.247294843526e+003
2.820804620000001e+008   -5.176140044138e+006    1.688462537932e+006   -4.205702768739e+006    4.739704552113e+003   -2.447034961973e+002   -5.951165839232e+003
2.820805220000003e+008   -4.880579591055e+006    1.670072630936e+006   -4.553233915679e+006    5.108595012639e+003   -3.679304563088e+002   -5.629002385445e+003
2.820805819999999e+008   -4.563563947806e+006    1.644342338238e+006   -4.880691844722e+006    5.454672527716e+003   -4.893507398924e+002   -5.282291624143e+003
2.820806420000001e+008   -4.226500847826e+006    1.611387355455e+006   -5.186649253586e+006    5.776589911246e+003   -6.086030163123e+002   -4.912601345057e+003
2.820890989999999e+008    4.658327330496e+006   -1.644948836811e+006    4.794149245840e+006   -5.380666071964e+003    4.542171238488e+002    5.356657243487e+003
2.820891590000001e+008    4.325504194015e+006   -1.614104255522e+006    5.104766000168e+006   -5.709380433953e+003    5.734932309217e+002    4.993418003539e+003
2.820892189999996e+008    3.973700434828e+006   -1.576176267948e+006    5.392918985696e+006   -6.013119363310e+003    6.902467279453e+002    4.608147914532e+003
2.820892789999999e+008    3.604457215491e+006   -1.531330596126e+006    5.657338181430e+006   -6.290491313899e+003    8.039656523940e+002    4.202554687241e+003
2.820893390000001e+008    3.219394324751e+006   -1.479763382286e+006    5.896859436976e+006   -6.540235521340e+003    9.142256716005e+002    3.778536249895e+003
2.820893990000002e+008    2.820202122340e+006   -1.421700973081e+006    6.110426485678e+006   -6.761312993331e+003    1.020422423601e+003    3.337790883522e+003
2.820894589999998e+008    2.408629283103e+006   -1.357396718784e+006    6.297096464748e+006   -6.952751136362e+003    1.122185403145e+003    2.882296988575e+003
2.820895190000000e+008    1.986482225579e+006   -1.287133152949e+006    6.456043916101e+006   -7.113690890435e+003    1.219023634566e+003    2.413983144870e+003
2.820895790000002e+008    1.555612760871e+006   -1.211217073294e+006    6.586565306714e+006   -7.243411064266e+003    1.310511168849e+003    1.935038160264e+003
2.820896389999998e+008    1.117911448294e+006   -1.129980804361e+006    6.688079039399e+006   -7.341301860592e+003    1.396286629238e+003    1.447571027036e+003
2.820896990000000e+008    6.752987934146e+005   -1.043780153634e+006    6.760131967250e+006   -7.407029931192e+003    1.475924090248e+003    9.534211846334e+002
2.820897590000002e+008    2.297199201369e+005   -9.529938012162e+005    6.802403902355e+006   -7.440199665432e+003    1.549095220611e+003    4.550079763225e+002
2.820898189999998e+008   -2.168686822370e+005   -8.580188112637e+005    6.814697137593e+006   -7.440655912788e+003    1.615510736455e+003   -4.544886121087e+001
2.820898789999999e+008   -6.625042604072e+005   -7.592717147472e+005    6.796947954909e+006   -7.408434294340e+003    1.674799976987e+003   -5.460092845411e+002
2.820899390000001e+008   -1.105226284065e+006   -6.571856328460e+005    6.749223139275e+006   -7.343570168756e+003    1.726752215411e+003   -1.044233242590e+003
2.820899989999997e+008   -1.543086078290e+006   -5.522081934622e+005    6.671725494489e+006   -7.246406595559e+003    1.771131295134e+003   -1.538100184564e+003
2.820900619999999e+008   -1.995495591684e+006   -4.393748410012e+005    6.558671879306e+006   -7.109999458862e+003    1.809359722008e+003   -2.049441390193e+003
2.820901259999998e+008   -2.445156938891e+006   -3.225696539907e+005    6.411140924415e+006   -6.936027540072e+003    1.839196448939e+003   -2.559024202119e+003
2.820901899999997e+008   -2.882563982151e+006   -2.041487236836e+005    6.231388031271e+006   -6.727234307032e+003    1.859834097757e+003   -3.055984172437e+003
2.820902499999999e+008   -3.279547871152e+006   -9.218859093245e+004    6.034397437718e+006   -6.500729738950e+003    1.870717157141e+003   -3.508103400205e+003
2.820903119999999e+008   -3.674554270142e+006    2.392424020102e+004    5.802821768948e+006   -6.236406298827e+003    1.873323250135e+003   -3.959164644101e+003
2.820903720000001e+008   -4.040358092159e+006    1.361890936704e+005    5.552608805623e+006   -5.952558507287e+003    1.867425060870e+003   -4.378158059117e+003
2.820904319999997e+008   -4.388332720533e+006    2.478527872645e+005    5.277822726027e+006   -5.642303755064e+003    1.853263274226e+003   -4.777994867820e+003
2.820904919999999e+008   -4.716931697870e+006    3.584207905206e+005    4.979669988572e+006   -5.306984509428e+003    1.830937944678e+003   -5.156782875307e+003
2.820905520000001e+008   -5.024696539995e+006    4.674050821379e+005    4.659460195469e+006   -4.948071956265e+003    1.800486578550e+003   -5.512969680271e+003
2.820906120000003e+008   -5.310258771582e+006    5.743239147512e+005    4.318604596037e+006   -4.567155070701e+003    1.762105754271e+003   -5.844752681718e+003
2.820906719999999e+008   -5.572347835065e+006    6.787030265328e+005    3.958604299627e+006   -4.165915497667e+003    1.715873022672e+003   -6.150799133802e+003
2.820907320000001e+008   -5.809794973189e+006    7.800790983684e+005    3.581050282115e+006   -3.746133829190e+003    1.662052525105e+003   -6.429666120598e+003
2.820907920000002e+008   -6.021546674553e+006    8.780048484365e+005    3.187612908033e+006   -3.309637224789e+003    1.600872616336e+003   -6.680080652185e+003
2.820908519999998e+008   -6.206655518474e+006    9.720450347799e+005    2.780032115449e+006   -2.858409962297e+003    1.532611287125e+003   -6.900909480470e+003
2.820909120000000e+008   -6.364299962816e+006    1.061783158251e+006    2.360115148528e+006   -2.394486878945e+003    1.457519928291e+003   -7.091149276373e+003
2.820909720000002e+008   -6.493779495074e+006    1.146821847752e+006    1.929723449626e+006   -1.919894219360e+003    1.375986940055e+003   -7.249936718629e+003
2.820910340000002e+008   -6.597376960942e+006    1.229359007624e+006    1.476010924439e+006   -1.420624507227e+003    1.285391499403e+003   -7.380184760981e+003
2.820910939999998e+008   -6.667940292986e+006    1.303700324481e+006    1.030246893524e+006   -9.308878840338e+002    1.191816574636e+003   -7.472997356819e+003
2.820911540000000e+008   -6.708998038056e+006    1.372272541646e+006    5.799132037257e+005   -4.372140388667e+002    1.093067654866e+003   -7.532566566306e+003
2.820912140000002e+008   -6.720366416637e+006    1.434772266461e+006    1.270054440235e+005    5.835321262933e+001    9.894493907833e+002   -7.558739044381e+003
2.820912739999998e+008   -6.702000968355e+006    1.490922671413e+006   -3.264657683091e+005    5.535705102284e+002    8.815151914560e+002   -7.551371109209e+003
2.820913339999999e+008   -6.653990975494e+006    1.540477503347e+006   -7.784889966255e+005    1.046132198065e+003    7.697051604380e+002   -7.510488982929e+003
2.820913940000002e+008   -6.576559950514e+006    1.583220307021e+006   -1.227059784157e+006    1.533860328706e+003    6.545581517019e+002   -7.436319091467e+003
2.820914539999997e+008   -6.470062251498e+006    1.618965268728e+006   -1.670191259504e+006    2.014703237880e+003    5.365039985796e+002   -7.329258071848e+003
2.820915139999999e+008   -6.334979839389e+006    1.647557042686e+006   -2.105923441939e+006    2.486271599053e+003    4.162374446314e+002   -7.189771998552e+003
2.820915740000001e+008   -6.171930240873e+006    1.668874362886e+006   -2.532330728270e+006    2.946675952248e+003    2.941539884333e+002   -7.018567774943e+003
2.820916340000003e+008   -5.981645319371e+006    1.682826167004e+006   -2.947532227634e+006    3.393764621463e+003    1.708115036703e+002   -6.816421869570e+003
2.820916939999999e+008   -5.764983119605e+006    1.689358903992e+006   -3.349700541859e+006    3.825572652352e+003    4.686933485250e+001   -6.584261050735e+003
2.820917540000001e+008   -5.522913832500e+006    1.688445720197e+006   -3.737065088852e+006    4.240309559053e+003   -7.724625601223e+001   -6.323162382128e+003
2.820918140000003e+008   -5.256523567265e+006    1.680096937009e+006   -4.107926795974e+006    4.636032766353e+003   -2.008867900482e+002   -6.034362669416e+003
2.820918739999998e+008   -4.967001477019e+006    1.664355663280e+006   -4.460662621234e+006    5.011120959880e+003   -3.235781656873e+002   -5.719129249982e+003
2.820919340000001e+008   -4.655637329566e+006    1.641293317982e+006   -4.793722557454e+006    5.363876154359e+003   -4.447676076707e+002   -5.378949332867e+003
2.820919940000002e+008   -4.323817010398e+006    1.611023499898e+006   -5.105670638999e+006    5.692756053398e+003   -5.638742601209e+002   -5.015360379581e+003
2.820920539999998e+008   -3.973011877122e+006    1.573679605644e+006   -5.395138460113e+006    5.996441013816e+003   -6.804347575908e+002   -4.629950220020e+003
2.820995999999998e+008    6.669186275005e+006   -1.267643373371e+006   -1.213476806854e+006    1.110487408440e+003   -1.220526237482e+003    7.416092037560e+003
2.820996600000000e+008    6.721166536687e+006   -1.338045919422e+006   -7.661730987838e+005    6.214712327195e+002   -1.125342692453e+003    7.488563663188e+003
2.820997200000002e+008    6.743703388417e+006   -1.402587908916e+006   -3.155047209344e+005    1.295235908913e+002   -1.025235508455e+003    7.528210260577e+003
2.820997799999998e+008    6.736694147639e+006   -1.460983712546e+006    1.365497053343e+005   -3.631597240043e+002   -9.205973802321e+002    7.534738232012e+003
2.820998399999999e+008    6.700158458241e+006   -1.512976472959e+006    5.880036579232e+005   -8.543063469889e+002   -8.118778588930e+002    7.508193852694e+003
2.820999000000001e+008    6.634251052435e+006   -1.558336753754e+006    1.036872293267e+006   -1.341846855449e+003   -6.995816312756e+002    7.448613725927e+003
2.820999599999997e+008    6.539255648737e+006   -1.596863347781e+006    1.481181856253e+006   -1.823518342111e+003   -5.841823809691e+002    7.356284141427e+003
2.821000199999999e+008    6.415582121056e+006   -1.628386696237e+006    1.918977284677e+006   -2.297368649973e+003   -4.662109274917e+002    7.231561892732e+003
2.821000800000001e+008    6.263767391321e+006   -1.652767559279e+006    2.348331707863e+006   -2.761267098740e+003   -3.462094781222e+002    7.074993482087e+003
2.821001400000003e+008    6.084474986463e+006   -1.669897503208e+006    2.767356447374e+006   -3.212994262454e+003   -2.246157396918e+002    6.887315272267e+003
2.821001999999999e+008    5.878490290846e+006   -1.679701233346e+006    3.174205424638e+006   -3.650696535972e+003   -1.020662840088e+002    6.669344212914e+003
2.821002600000001e+008    5.646713413045e+006   -1.682134187664e+006    3.567089872709e+006   -4.072393978807e+003    2.094535313903e+001    6.421977054619e+003
2.821003200000002e+008    5.390158148123e+006   -1.677186217818e+006    3.944276937777e+006   -4.476283904346e+003    1.438785861778e+002    6.146350834921e+003
2.821003799999998e+008    5.109949236231e+006   -1.664877464489e+006    4.304107483854e+006   -4.860531103952e+003    2.661643893687e+002    5.843672537061e+003
2.821004400000000e+008    4.807316529989e+006   -1.645263413119e+006    4.644997602036e+006   -5.223500783059e+003    3.873195988380e+002    5.515209475049e+003
2.821005000000002e+008    4.483585974120e+006   -1.618428729288e+006    4.965445425510e+006   -5.563539100970e+003    5.067764871104e+002    5.162478928135e+003
2.821005599999998e+008    4.140178189874e+006   -1.584490973012e+006    5.264040631690e+006   -5.879166632798e+003    6.239999232859e+002    4.787048461426e+003
2.821006200000000e+008    3.778598553335e+006   -1.543598401093e+006    5.539467758494e+006   -6.169030510787e+003    7.384988678888e+002    4.390485848369e+003
2.821006800000002e+008    3.400433533048e+006   -1.495931349468e+006    5.790511710260e+006   -6.431854370042e+003    8.497490412995e+002    3.974598985808e+003
2.821007399999998e+008    3.007341985123e+006   -1.441698060910e+006    6.016067772131e+006   -6.666430317276e+003    9.572823099825e+002    3.541155884775e+003
2.821007999999999e+008    2.601047630900e+006   -1.381136327850e+006    6.215139122245e+006   -6.871762289427e+003    1.060623943411e+003    3.092104901464e+003
2.821008600000001e+008    2.183333594659e+006   -1.314510807577e+006    6.386847840766e+006   -7.046948772812e+003    1.159314506408e+003    2.629374546849e+003
2.821009199999997e+008    1.756032401438e+006   -1.242113920308e+006    6.530432426150e+006   -7.191218118283e+003    1.252942079826e+003    2.155023545978e+003
2.821009799999999e+008    1.321019504491e+006   -1.164262275376e+006    6.645258805868e+006   -7.303942070137e+003    1.341086180481e+003    1.671050857114e+003
2.821010400000001e+008    8.802031897331e+005   -1.081296330897e+006    6.730813852872e+006   -7.384568948908e+003    1.423344505686e+003    1.179655564438e+003
2.821011000000003e+008    4.355199408268e+005   -9.935799165533e+005    6.786715893184e+006   -7.432795176249e+003    1.499383951615e+003    6.829471596735e+002
2.821011599999998e+008   -1.107715225049e+004   -9.014973035167e+005    6.812709224917e+006   -7.448359310486e+003    1.568847198979e+003    1.831452022034e+002
2.821012200000001e+008   -4.576258842948e+005   -8.054517019804e+005    6.808671130571e+006   -7.431177236206e+003    1.631429317034e+003   -3.177104573211e+002
2.821012809999998e+008   -9.095432535880e+005   -7.041766250717e+005    6.773788998788e+006   -7.380200070326e+003    1.687717476907e+003   -8.255715083639e+002
2.821013410000001e+008   -1.350028580355e+006   -6.014358471660e+005    6.709350268224e+006   -7.297295425138e+003    1.735620733938e+003   -1.321604982922e+003
2.821014010000002e+008   -1.784573289309e+006   -4.960485458446e+005    6.615304945624e+006   -7.182241869952e+003    1.775915579849e+003   -1.812021213117e+003
2.821014609999998e+008   -2.211261628807e+006   -3.884773866188e+005    6.492058386926e+006   -7.035507587858e+003    1.808392748242e+003   -2.294709443463e+003
2.821015210000000e+008   -2.628211670757e+006   -2.791956282413e+005    6.340140502819e+006   -6.857727912436e+003    1.832908174853e+003   -2.767398642710e+003
2.821015810000002e+008   -3.033582039425e+006   -1.686833409293e+005    6.160212269903e+006   -6.649666599919e+003    1.849376627797e+003   -3.228007567735e+003
2.821016409999998e+008   -3.425580680337e+006   -5.742750238907e+004    5.953055244961e+006   -6.412173893089e+003    1.857705655805e+003   -3.674634835018e+003
2.821017009999999e+008   -3.802473053559e+006    5.408184457231e+004    5.719575078505e+006   -6.146290705809e+003    1.857852947981e+003   -4.105188747607e+003
2.821017610000002e+008   -4.162589696096e+006    1.653530326704e+005    5.460790027156e+006   -5.853199087486e+003    1.849771192388e+003   -4.517767378980e+003
2.821018209999997e+008   -4.504334333097e+006    2.758935871906e+005    5.177836966910e+006   -5.534073206966e+003    1.833518638580e+003   -4.910558810539e+003
2.821018809999999e+008   -4.826190184555e+006    3.852176094610e+005    4.871956903753e+006   -5.190463081681e+003    1.809174211571e+003   -5.281720510021e+003
2.821019410000001e+008   -5.126726365155e+006    4.928388968118e+005    4.544495483769e+006   -4.823732407126e+003    1.776833299428e+003   -5.629640248360e+003
2.821020010000003e+008   -5.404609836397e+006    5.982842673270e+005    4.196896213245e+006   -4.435520992407e+003    1.736607053723e+003   -5.952765345739e+003
2.821020609999999e+008   -5.658597519729e+006    7.010825366857e+005    3.830690445282e+006   -4.027578737324e+003    1.688697117117e+003   -6.249602938638e+003
2.821021210000001e+008   -5.887565360100e+006    8.007836775182e+005    3.447498928084e+006   -3.601753205921e+003    1.633323027742e+003   -6.518780003619e+003
2.821021810000002e+008   -6.090488501452e+006    8.969415283981e+005    3.049014971801e+006   -3.159865691364e+003    1.570721049361e+003   -6.759113559493e+003
2.821022409999998e+008   -6.266465657410e+006    9.891310637738e+005    2.637004489078e+006   -2.703880565768e+003    1.501111420740e+003   -6.969490392675e+003
2.821023010000000e+008   -6.414713441242e+006    1.076944582797e+006    2.213292785613e+006   -2.235874731725e+003    1.424899604053e+003   -7.149007097571e+003
2.821023610000002e+008   -6.534574783796e+006    1.159992770111e+006    1.779760373934e+006   -1.757978241883e+003    1.342307532180e+003   -7.296770190674e+003
2.821024209999998e+008   -6.625516052378e+006    1.237907522423e+006    1.338329468814e+006   -1.272241517684e+003    1.253820746396e+003   -7.412176306059e+003
2.821024810000000e+008   -6.687136633427e+006    1.310344640524e+006    8.909598030207e+005   -7.809893912790e+002    1.159826880492e+003   -7.494651635172e+003
2.821025410000002e+008   -6.719166117490e+006    1.376984096154e+006    4.396368227292e+005   -2.862945938700e+002    1.060660197974e+003   -7.543862783207e+003
2.821109980000000e+008    6.701217908051e+006   -1.287903434478e+006   -9.935044810560e+005    8.724829365854e+002   -1.172670072875e+003    7.456070641211e+003
2.821110580000002e+008    6.738851390540e+006   -1.355391348107e+006   -5.442857475787e+005    3.815212235592e+002   -1.076094048568e+003    7.512386000677e+003
2.821111179999998e+008    6.746958656458e+006   -1.416941800359e+006   -9.267597529996e+004   -1.112953776679e+002   -9.748043005130e+002    7.535724574483e+003
2.821111780000000e+008    6.725489653805e+006   -1.472286154678e+006    3.593355282680e+005   -6.038079200717e+002   -8.691941640425e+002    7.525952822814e+003
2.821112380000002e+008    6.674556993144e+006   -1.521166628556e+006    8.097795898535e+005   -1.093745992256e+003   -7.597648216524e+002    7.483067019006e+003
2.821112979999998e+008    6.594351668729e+006   -1.563381145201e+006    1.256657905635e+006   -1.578933588563e+003   -6.469623736006e+002    7.407323593288e+003
2.821113579999999e+008    6.485219758844e+006   -1.598744111249e+006    1.698005018128e+006   -2.057347482554e+003   -5.313095577511e+002    7.298939221240e+003
2.821114180000001e+008    6.347645400368e+006   -1.627091629528e+006    2.131885943690e+006   -2.526840730396e+003   -4.133180887517e+002    7.158400377522e+003
2.821114779999997e+008    6.182223100021e+006   -1.648302166625e+006    2.556386716665e+006   -2.985228713494e+003   -2.934713333519e+002    6.986423476966e+003
2.821115379999999e+008    5.989677876432e+006   -1.662281309311e+006    2.969640857298e+006   -3.430615398546e+003   -1.723527097406e+002    6.783635400036e+003
2.821115980000001e+008    5.770849682992e+006   -1.668966398928e+006    3.369827596911e+006   -3.861023475934e+003   -5.046536826134e+001    6.550972898881e+003
2.821116580000003e+008    5.526698541902e+006   -1.668328277860e+006    3.755185069459e+006   -4.274373217698e+003    7.166586321837e+001    6.289552557763e+003
2.821117179999999e+008    5.258293412200e+006   -1.660368951250e+006    4.124017129804e+006   -4.669068072028e+003    1.934927300337e+002    6.000381747592e+003
2.821117780000001e+008    4.966811575341e+006   -1.645122916189e+006    4.474699654653e+006   -5.043347187145e+003    3.144690972217e+002    5.684777571808e+003
2.821118380000002e+008    4.653533800394e+006   -1.622657618413e+006    4.805689550434e+006   -5.395521342021e+003    4.340519045051e+002    5.344127250857e+003
2.821118979999998e+008    4.319828715390e+006   -1.593069449400e+006    5.115527578974e+006   -5.723942257716e+003    5.517750025809e+002    4.980008075875e+003
2.821119580000000e+008    3.967162125111e+006   -1.556488917880e+006    5.402849842069e+006   -6.027267284258e+003    6.670677367686e+002    4.593897831218e+003
2.821120180000002e+008    3.597081759197e+006   -1.513075955732e+006    5.666389806580e+006   -6.304205263838e+003    7.794127365400e+002    4.187564388138e+003
2.821120800000002e+008    3.198096892767e+006   -1.461240526852e+006    5.912497297014e+006   -6.561248475787e+003    8.919453024158e+002    3.748298469700e+003
2.821121399999998e+008    2.797688794961e+006   -1.404552777850e+006    6.124215302482e+006   -6.780787988563e+003    9.968648433966e+002    3.306381019345e+003
2.821122000000000e+008    2.384998592051e+006   -1.341698668078e+006    6.308970104911e+006   -6.970568927036e+003    1.097439614838e+003    2.849824810552e+003
2.821122600000002e+008    1.961833107462e+006   -1.272952751396e+006    6.465942743515e+006   -7.129733496613e+003    1.193179866060e+003    2.380688422924e+003
2.821123199999998e+008    1.530053561438e+006   -1.198616640568e+006    6.594441667610e+006   -7.257626384409e+003    1.283700803276e+003    1.901040771338e+003
2.821123799999999e+008    1.091553524189e+006   -1.119016115416e+006    6.693895272700e+006   -7.353680649138e+003    1.368602703968e+003    1.412800913859e+003
2.821124400000002e+008    6.482578228023e+005   -1.034499672075e+006    6.763855902333e+006   -7.417427477458e+003    1.447488149433e+003    9.183780693360e+002
2.821124999999997e+008    2.021136015753e+005   -9.454368517562e+005    6.804013362779e+006   -7.448606923628e+003    1.520066134517e+003    4.197718018319e+002
2.821125599999999e+008   -2.449185657598e+005   -8.522184549200e+005    6.814181437494e+006   -7.447023004283e+003    1.586004552700e+003   -8.093822215497e+001
2.821126200000001e+008   -6.908743116119e+005   -7.552530466837e+005    6.794306403016e+006   -7.412725845534e+003    1.644938353256e+003   -5.813319358823e+002
2.821126800000003e+008   -1.133791963426e+006   -6.549653135176e+005    6.744463039624e+006   -7.345778809572e+003    1.696682602183e+003   -1.079429242925e+003
2.821127399999999e+008   -1.571720779491e+006   -5.517952851968e+005    6.664865644814e+006   -7.246495846510e+003    1.740989093296e+003   -1.572849640681e+003
2.821128000000001e+008   -2.002731935983e+006   -4.461962287883e+005    6.555852051310e+006   -7.115280672156e+003    1.777628369592e+003   -2.059592479741e+003
2.821128600000002e+008   -2.424925457706e+006   -3.386319419485e+005    6.417892138500e+006   -6.952673570255e+003    1.806463104702e+003   -2.537376883138e+003
2.821129199999998e+008   -2.836436610144e+006   -2.295750968892e+005    6.251578342936e+006   -6.759345048015e+003    1.827345012214e+003   -3.004251762470e+003
2.821129800000000e+008   -3.235447674528e+006   -1.195067329580e+005    6.057640177579e+006   -6.536139295978e+003    1.840172857687e+003   -3.458015743445e+003
2.821130400000002e+008   -3.620194215184e+006   -8.910740876682e+003    5.836919242259e+006   -6.284030237612e+003    1.844907148939e+003   -3.896647237427e+003
2.821130999999998e+008   -3.988972320315e+006    1.017240111934e+005    5.590380735396e+006   -6.004076432228e+003    1.841527422871e+003   -4.318284517008e+003
2.821131600000000e+008   -4.340148145462e+006    2.119113694688e+005    5.319103469926e+006   -5.697483177716e+003    1.829984461552e+003   -4.720975616695e+003
2.821132200000002e+008   -4.672162598872e+006    3.211636837067e+005    5.024276880738e+006   -5.365637235658e+003    1.810355667613e+003   -5.102898269067e+003
2.821132799999998e+008   -4.983541798484e+006    4.289969548456e+005    4.707198541976e+006   -5.009870146540e+003    1.782736874251e+003   -5.462510296217e+003
2.821133399999999e+008   -5.272902017791e+006    5.349355827203e+005    4.369263675323e+006   -4.631917140247e+003    1.747204796935e+003   -5.797878862189e+003
2.821397980000002e+008    6.453425574782e+006   -1.572494267957e+006    1.837984690198e+006   -2.205984259803e+003   -5.057629275271e+002    7.257027540191e+003
2.821398579999998e+008    6.307012053932e+006   -1.599368749700e+006    2.269044761396e+006   -2.672685714971e+003   -3.897374723531e+002    7.106394638938e+003
2.821399180000000e+008    6.132934109164e+006   -1.619227333098e+006    2.690125108503e+006   -3.127777228428e+003   -2.719911118471e+002    6.924472819375e+003
2.821399780000002e+008    5.931950822063e+006   -1.631982342793e+006    3.099371393624e+006   -3.569205684269e+003   -1.530475226129e+002    6.712068706454e+003
2.821400379999998e+008    5.704941997951e+006   -1.637577233349e+006    3.494981780404e+006   -3.994985983685e+003   -3.339355817579e+001    6.470129038091e+003
2.821400979999999e+008    5.452902099779e+006   -1.635986362726e+006    3.875215343949e+006   -4.403352000561e+003    8.637783561422e+001    6.199620904808e+003
2.821401580000001e+008    5.176933439258e+006   -1.627217078095e+006    4.238396081857e+006   -4.792329521084e+003    2.057883795166e+002    5.901881063265e+003
2.821402179999997e+008    4.878247080070e+006   -1.611307498705e+006    4.582925412863e+006   -5.160256944228e+003    3.242932602237e+002    5.578176777315e+003
2.821402779999999e+008    4.558154276752e+006   -1.588327262578e+006    4.907287490790e+006   -5.505606893640e+003    4.413927751197e+002    5.229905532232e+003
2.821403380000001e+008    4.218057630069e+006   -1.558377076864e+006    5.210054519020e+006   -5.826825088865e+003    5.565488424095e+002    4.858574767760e+003
2.821403979999996e+008    3.859446978320e+006   -1.521586839407e+006    5.489890057292e+006   -6.122438020905e+003    6.692882091323e+002    4.465882058792e+003
2.821404579999999e+008    3.483896755295e+006   -1.478118771101e+006    5.745563025894e+006   -6.391270496563e+003    7.790632249444e+002    4.053445463696e+003
2.821405180000001e+008    3.093053936969e+006   -1.428162481772e+006    5.975946725564e+006   -6.632060060089e+003    8.854449581943e+002    3.623162904289e+003
2.821405780000002e+008    2.688632748555e+006   -1.371937091979e+006    6.180023846051e+006   -6.843728556504e+003    9.879508156959e+002    3.176892600743e+003
2.821406379999998e+008    2.272407338743e+006   -1.309689380845e+006    6.356892478160e+006   -7.025411684109e+003    1.086133247809e+003    2.716553124078e+003
2.821406980000000e+008    1.846202888260e+006   -1.241691387115e+006    6.505770628392e+006   -7.176230467899e+003    1.179552967168e+003    2.244213021967e+003
2.821407580000002e+008    1.411890895101e+006   -1.168240263959e+006    6.625999726654e+006   -7.295568695424e+003    1.267823400788e+003    1.761881273429e+003
2.821408179999998e+008    9.713765195227e+005   -1.089657638929e+006    6.717043646945e+006   -7.382878424376e+003    1.350537155260e+003    1.271716968190e+003
2.821408780000000e+008    5.265940123644e+005   -1.006288218444e+006    6.778491214894e+006   -7.437753928087e+003    1.427340234145e+003    7.758594306135e+002
2.821409380000002e+008    7.949762621344e+004   -9.184973484522e+005    6.810070222726e+006   -7.460016480111e+003    1.497884207204e+003    2.763883558346e+002
2.821409979999998e+008   -3.679489013147e+005   -8.266690370900e+005    6.811630446503e+006   -7.449431287637e+003    1.561850437112e+003   -2.244366509038e+002
2.821410579999999e+008   -8.137779658666e+005   -7.312059912003e+005    6.783156155312e+006   -7.406097721885e+003    1.618976561191e+003   -7.244654363585e+002
2.821411180000001e+008   -1.256026929230e+006   -6.325279079474e+005    6.724760625758e+006   -7.330171899842e+003    1.669011108214e+003   -1.221357753880e+003
2.821411779999997e+008   -1.692748995579e+006   -5.310667861146e+005    6.636692159945e+006   -7.221909313804e+003    1.711693680495e+003   -1.713153195502e+003
2.821412379999999e+008   -2.122019939318e+006   -4.272684672918e+005    6.519329096380e+006   -7.081846658286e+003    1.746882060565e+003   -2.197480888160e+003
2.821412980000001e+008   -2.541945895419e+006   -3.215881919137e+005    6.373177322899e+006   -6.910533861840e+003    1.774381942982e+003   -2.672419940201e+003
2.821413580000003e+008   -2.950670491327e+006   -2.144937537687e+005    6.198868288156e+006   -6.708656646727e+003    1.794061565325e+003   -3.135729234956e+003
2.821414179999999e+008   -3.346390704300e+006   -1.064532717299e+005    5.997160028079e+006   -6.477159242514e+003    1.805862471400e+003   -3.585357230604e+003
2.821414780000001e+008   -3.727355040587e+006    2.056311941505e+003    5.768935162505e+006   -6.216988848927e+003    1.809694506168e+003   -4.019342382066e+003
2.821415380000002e+008   -4.091876250957e+006    1.105566579593e+005    5.515191416266e+006   -5.929251433496e+003    1.805569782432e+003   -4.435712880330e+003
2.821415979999998e+008   -4.438337900227e+006    2.185690994668e+005    5.237036629955e+006   -5.615208668645e+003    1.793448427383e+003   -4.832666664835e+003
2.821416580000000e+008   -4.765203434294e+006    3.256170985730e+005    4.935693774852e+006   -5.276252954742e+003    1.773413972207e+003   -5.208381455879e+003
2.821417180000002e+008   -5.071018898243e+006    4.312263449510e+005    4.612488457344e+006   -4.913823167295e+003    1.745538637844e+003   -5.561194898637e+003
2.821417779999998e+008   -5.354425093969e+006    5.349305110593e+005    4.268841939033e+006   -4.529554602332e+003    1.709913463993e+003   -5.889474316812e+003
2.821418379999999e+008   -5.614160769280e+006    6.362693000437e+005    3.906271641846e+006   -4.125128929452e+003    1.666742361119e+003   -6.191726953383e+003
2.821418980000002e+008   -5.849069966729e+006    7.347940311629e+005    3.526378860278e+006   -3.702308428788e+003    1.616180701594e+003   -6.466649922247e+003
2.821419579999997e+008   -6.058108534383e+006    8.300707308150e+005    3.130845472155e+006   -3.263035273244e+003    1.558453162577e+003   -6.712940040447e+003
2.821420179999999e+008   -6.240343728785e+006    9.216740621726e+005    2.721423637691e+006   -2.809213269920e+003    1.493800667204e+003   -6.929494187191e+003
2.821420780000001e+008   -6.394964329500e+006    1.009199173428e+006    2.299922316526e+006   -2.342900055978e+003    1.422548999046e+003   -7.115328986822e+003
2.821421380000003e+008   -6.521281882097e+006    1.092256612517e+006    1.868213269530e+006   -1.866117528080e+003    1.344967735729e+003   -7.269631124880e+003
2.821421979999999e+008   -6.618738072291e+006    1.170479892013e+006    1.428212871162e+006   -1.381174634099e+003    1.261455160382e+003   -7.391586812378e+003
2.821422580000001e+008   -6.686898622552e+006    1.243523162887e+006    9.818729993831e+005   -8.900584826052e+002    1.172405505462e+003   -7.480812786509e+003
2.821423180000003e+008   -6.725466240860e+006    1.311062083559e+006    5.311761568318e+005   -3.951015917000e+002    1.078107979152e+003   -7.536825225351e+003
2.821423779999998e+008   -6.734274778843e+006    1.372799222828e+006    7.812246151190e+004    1.015193606290e+002    9.790649176025e+002   -7.559360551855e+003
2.821424380000001e+008   -6.713293350588e+006    1.428463281089e+006   -3.752776465287e+005    5.975865953595e+002    8.757482440161e+002   -7.548395123637e+003
2.821424980000002e+008   -6.662620532325e+006    1.477809897668e+006   -8.270139146472e+005    1.090843122801e+003    7.685591537083e+002   -7.503915237616e+003
2.821425579999998e+008   -6.582492665260e+006    1.520623412582e+006   -1.275083563982e+006    1.579063898602e+003    6.580400544217e+002   -7.426217236785e+003
2.821426180000000e+008   -6.473275158991e+006    1.556716928492e+006   -1.717502903665e+006    2.060082444891e+003    5.446672028640e+002   -7.315647562899e+003
2.821426780000002e+008   -6.335464940450e+006    1.585934317242e+006   -2.152315326745e+006    2.531808169111e+003    4.289129369875e+002   -7.172722782037e+003
2.821427379999998e+008   -6.169687894162e+006    1.608151047969e+006   -2.577599514341e+006    2.992058077872e+003    3.113784292076e+002   -6.998169303802e+003
2.821511989999999e+008    6.380914225527e+006   -1.573593972987e+006    2.072690006392e+006   -2.459580851802e+003   -4.489538873590e+002    7.179432768837e+003
2.821512590000001e+008    6.219453946171e+006   -1.597059002671e+006    2.498581821006e+006   -2.920492443027e+003   -3.329615969286e+002    7.011749958752e+003
2.821518819999999e+008    3.125441358373e+006   -1.425241188515e+006    5.959558934678e+006   -6.617554517372e+003    8.626730126046e+002    3.655572639751e+003
2.821519420000001e+008    2.721816817641e+006   -1.370387452298e+006    6.165612357530e+006   -6.831667363344e+003    9.650181437544e+002    3.210356057208e+003
2.821520020000003e+008    2.306241211572e+006   -1.309517569087e+006    6.344518515091e+006   -7.015806574936e+003    1.063155743692e+003    2.750930350779e+003
2.821520619999998e+008    1.880536260621e+006   -1.242897377813e+006    6.495482421306e+006   -7.169139105052e+003    1.156632166388e+003    2.279344143712e+003
2.821521220000001e+008    1.446572333990e+006   -1.170818792182e+006    6.617839509764e+006   -7.291020716302e+003    1.245027476071e+003    1.797676368945e+003
2.821521820000002e+008    1.006253649971e+006   -1.093596930644e+006    6.711043657965e+006   -7.380902430100e+003    1.328009911951e+003    1.307936118802e+003
2.821522419999998e+008    5.615137457570e+005   -1.011570503521e+006    6.774677194712e+006   -7.438346243240e+003    1.405128616113e+003    8.123526615761e+002
2.821523020000000e+008    1.143061916346e+005   -9.250985697889e+005    6.808452915411e+006   -7.463119424583e+003    1.476117649910e+003    3.131056088851e+002
2.821523620000002e+008   -3.334034406083e+005   -8.345605552102e+005    6.812215095180e+006   -7.455085058755e+003    1.540640058345e+003   -1.876852746118e+002
2.821524219999998e+008   -7.796467952919e+005   -7.403526436473e+005    6.785936004051e+006   -7.414247632865e+003    1.598392140638e+003   -6.878899919879e+002
2.821524819999999e+008   -1.222460176558e+006   -6.428876368845e+005    6.729721919128e+006   -7.340794919587e+003    1.649157006518e+003   -1.185248243112e+003
2.821525420000002e+008   -1.659893616152e+006   -5.425936514021e+005    6.643810639443e+006   -7.234988643227e+003    1.692685029067e+003   -1.677479608651e+003
2.821526019999997e+008   -2.090019245961e+006   -4.399108056284e+005    6.528569999761e+006   -7.097290975711e+003    1.728763463398e+003   -2.162483340756e+003
2.821526619999999e+008   -2.510940548852e+006   -3.352903300412e+005    6.384497385722e+006   -6.928266109862e+003    1.757238986245e+003   -2.638188522454e+003
2.821527220000001e+008   -2.920798819503e+006   -2.291921970144e+005    6.212216244478e+006   -6.728638179318e+003    1.778000872223e+003   -3.102393973689e+003
2.821527820000003e+008   -3.317781868103e+006   -1.220834981548e+005    6.012477098975e+006   -6.499278856105e+003    1.790920128644e+003   -3.553178274889e+003
2.821528419999999e+008   -3.700133947464e+006   -1.443600780670e+004    5.786147564244e+006   -6.241115496400e+003    1.795966440434e+003   -3.988389910838e+003
2.821529020000001e+008   -4.066160838448e+006    9.327537765093e+004    5.534218355777e+006   -5.955266982017e+003    1.793042246513e+003   -4.406207057329e+003
2.821529620000002e+008   -4.414239990689e+006    2.005752603900e+005    5.257793306180e+006   -5.643046036931e+003    1.782232265252e+003   -4.804607565327e+003
2.821530219999998e+008   -4.742826703802e+006    3.069899632509e+005    4.958086875353e+006   -5.305803785479e+003    1.763547475750e+003   -5.181919226990e+003
2.821530820000000e+008   -5.050461708219e+006    4.120483511794e+005    4.636417162883e+006   -4.944888467901e+003    1.737037867121e+003   -5.536479837453e+003
2.821531420000002e+008   -5.335776566261e+006    5.152862664817e+005    4.294200417055e+006   -4.562031123359e+003    1.702865600608e+003   -5.866586562118e+003
2.821532019999998e+008   -5.597502821632e+006    6.162466649524e+005    3.932946749771e+006   -4.158919615323e+003    1.661154868138e+003   -6.170776638925e+003
2.821532620000000e+008   -5.834475054991e+006    7.144820109781e+005    3.554251341637e+006   -3.737243948619e+003    1.612075788308e+003   -6.447717300441e+003
2.821533220000002e+008   -6.045638982911e+006    8.095582736448e+005    3.159790155347e+006   -3.298925837666e+003    1.555876495223e+003   -6.696135397734e+003
2.821533819999998e+008   -6.230050917465e+006    9.010498865523e+005    2.751307634552e+006   -2.845901406049e+003    1.492732763829e+003   -6.914877761859e+003
2.821534419999999e+008   -6.386893580625e+006    9.885553480886e+005    2.330615930371e+006   -2.380270529897e+003    1.423029110496e+003   -7.102970947472e+003
2.821535020000001e+008   -6.515469115101e+006    1.071686227108e+006    1.899580489462e+006   -1.904017326303e+003    1.346968022029e+003   -7.259561706602e+003
2.821535619999997e+008   -6.615206088928e+006    1.150074714825e+006    1.460113865785e+006   -1.419314373501e+003    1.264964382385e+003   -7.383926474332e+003
2.821536219999999e+008   -6.685662915337e+006    1.223372561820e+006    1.014166026114e+006   -9.283967470061e+002    1.177366200451e+003   -7.475491587070e+003
2.821536820000001e+008   -6.726531078504e+006    1.291256234590e+006    5.637168555209e+005   -4.333709624250e+002    1.084565507239e+003   -7.533893589318e+003
2.821537419999996e+008   -6.737632807916e+006    1.353426386197e+006    1.107658535431e+005    6.341586079545e+001    9.869886068899e+002   -7.558878631643e+003
2.821538019999999e+008   -6.718927714057e+006    1.409609252111e+006   -3.426762549463e+005    5.598518385440e+002    8.850637490614e+002   -7.550283248512e+003
2.821538620000001e+008   -6.670504206850e+006    1.459557362719e+006   -7.945988337247e+005    1.053603597258e+003    7.792463153810e+002   -7.508203612178e+003
2.821539220000002e+008   -6.592590928361e+006    1.503053159159e+006   -1.242997916415e+006    1.542558189874e+003    6.700587620568e+002   -7.432886251743e+003
2.821539819999998e+008   -6.485541826696e+006    1.539905835560e+006   -1.685888531004e+006    2.024409005788e+003    5.579455302378e+002   -7.324667384055e+003
2.821540420000000e+008   -6.349844690396e+006    1.569957086038e+006   -2.121311285668e+006    2.497138301888e+003    4.434279856866e+002   -7.184063694071e+003
2.821541020000002e+008   -6.186114349449e+006    1.593077836726e+006   -2.547342980035e+006    2.958467703939e+003    3.270425253365e+002   -7.011741441074e+003
2.821541619999998e+008   -5.995089812691e+006    1.609169915869e+006   -2.962103809790e+006    3.406512551947e+003    2.092542900444e+002   -6.808537530248e+003
2.821628999999999e+008    5.158447422685e+006   -1.603011416353e+006    4.269367225805e+006   -4.827255569206e+003    1.939839449916e+002    5.874348511053e+003
2.821629600000001e+008    4.857706164677e+006   -1.587861140879e+006    4.612175317582e+006   -5.193771755730e+003    3.108056298803e+002    5.548381052133e+003
2.821630199999997e+008    4.535646508216e+006   -1.565740908950e+006    4.934683960380e+006   -5.537693654490e+003    4.262305248889e+002    5.197926649011e+003
2.821630799999999e+008    4.193673226146e+006   -1.536748302139e+006    5.235469856809e+006   -5.857251971291e+003    5.397872263051e+002    4.824582397548e+003
2.821631400000001e+008    3.833290549796e+006   -1.501009485865e+006    5.513209046155e+006   -6.151103711867e+003    6.510043379854e+002    4.430016088896e+003
2.821632000000003e+008    3.456079662856e+006   -1.458681412170e+006    5.766677940984e+006   -6.417992873614e+003    7.593417269475e+002    4.015865652914e+003
2.821632770000001e+008    2.949996637242e+006   -1.395005639364e+006    6.054623002858e+006   -6.719079101929e+003    8.934967259864e+002    3.458671955089e+003
2.821633370000002e+008    2.540670099881e+006   -1.338371004496e+006    6.248660831218e+006   -6.920093538619e+003    9.935740849920e+002    3.006873667556e+003
2.821633969999998e+008    2.120186237645e+006   -1.275858208285e+006    6.415180580381e+006   -7.090855475548e+003    1.089338081360e+003    2.541795832490e+003
2.821634570000000e+008    1.690390405814e+006   -1.207741986010e+006    6.553444227579e+006   -7.230441713518e+003    1.180311178930e+003    2.065306925673e+003
2.821635170000002e+008    1.253169080391e+006   -1.134319917833e+006    6.662839682152e+006   -7.338262311601e+003    1.266114008335e+003    1.579815971522e+003
2.821635769999998e+008    8.104424211026e+005   -1.055913416504e+006    6.742878797636e+006   -7.413883982438e+003    1.346388301215e+003    1.087092250020e+003
2.821636369999999e+008    3.641542494703e+005   -9.728661457213e+005    6.793199388175e+006   -7.456938004045e+003    1.420753406645e+003    5.895651462918e+002
2.821636970000002e+008   -8.373418938504e+004   -8.855414532543e+005    6.813578238831e+006   -7.467212684933e+003    1.488892945775e+003    8.932430400087e+001
2.821637569999997e+008   -5.312540320998e+005   -7.943245553698e+005    6.803907621437e+006   -7.444662911140e+003    1.550500455049e+003   -4.114703610185e+002
2.821638169999999e+008   -9.764372090363e+005   -6.996118427848e+005    6.764230308854e+006   -7.389342647264e+003    1.605336430838e+003   -9.106887683647e+002
2.821638770000001e+008   -1.417323520740e+006   -6.018209737063e+005    6.694704085997e+006   -7.301481496399e+003    1.653083510785e+003   -1.406020554553e+003
2.821639369999997e+008   -1.851971159036e+006   -5.013809912262e+005    6.595627767479e+006   -7.181462567067e+003    1.693602421202e+003   -1.895365097963e+003
2.821639969999999e+008   -2.278463719869e+006   -3.987327738270e+005    6.467424708998e+006   -7.029736286708e+003    1.726661075952e+003   -2.376511671300e+003
2.821640570000001e+008   -2.694918206486e+006   -2.943285270145e+005    6.310650320425e+006   -6.846996756417e+003    1.752125433446e+003   -2.847349145612e+003
2.821641170000003e+008   -3.099495413888e+006   -1.886262884626e+005    6.125984582971e+006   -6.633971040805e+003    1.769882702512e+003   -3.305836337341e+003
2.821641769999998e+008   -3.490406859431e+006   -8.209274661972e+004    5.914231560360e+006   -6.391600256998e+003    1.779851213919e+003   -3.749911712471e+003
2.821642370000001e+008   -3.865919317062e+006    2.480249086116e+004    5.676316906478e+006   -6.120920232091e+003    1.781961733922e+003   -4.177633582169e+003
2.821642970000002e+008   -4.224371127339e+006    1.315887300346e+005    5.413280392038e+006   -5.823084195182e+003    1.776192911102e+003   -4.587020063958e+003
2.821643569999998e+008   -4.564170433516e+006    2.377941109524e+005    5.126275401700e+006   -5.499426861144e+003    1.762604986018e+003   -4.976268975978e+003
2.821644170000000e+008   -4.883809503873e+006    3.429490138294e+005    4.816566457574e+006   -5.151307624051e+003    1.741204969767e+003   -5.343618098643e+003
2.821644770000002e+008   -5.181867290050e+006    4.465881095283e+005    4.485512723459e+006   -4.780281742326e+003    1.712104154120e+003   -5.687454888469e+003
2.821645369999998e+008   -5.457019143238e+006    5.482537851698e+005    4.134574720848e+006   -4.388048596457e+003    1.675457050377e+003   -6.006136564996e+003
2.821645969999999e+008   -5.708039358889e+006    6.474953340886e+005    3.765302533025e+006   -3.976253906602e+003    1.631343461105e+003   -6.298330439118e+003
2.821646570000001e+008   -5.933811098038e+006    7.438725230349e+005    3.379328521389e+006   -3.546687794895e+003    1.579993076693e+003   -6.562703579472e+003
2.821647169999997e+008   -6.133328413088e+006    8.369589329997e+005    2.978360028901e+006   -3.101387892885e+003    1.521652920804e+003   -6.797972650430e+003
2.821647769999999e+008   -6.305703071372e+006    9.263416134958e+005    2.564174591181e+006   -2.642320066508e+003    1.456591152424e+003   -7.003104432795e+003
2.821648370000001e+008   -6.450167100270e+006    1.011622687915e+006    2.138607440713e+006   -2.171401510069e+003    1.385015963570e+003   -7.177195789677e+003
2.821648970000003e+008   -6.566082812566e+006    1.092429588376e+006    1.703547623649e+006   -1.690977896615e+003    1.307419454005e+003   -7.319432872743e+003
2.821649569999999e+008   -6.652931798185e+006    1.168399138427e+006    1.260925481117e+006   -1.202958693891e+003    1.223947488375e+003   -7.429182560989e+003
2.821650170000001e+008   -6.710332561866e+006    1.239197054457e+006    8.127060788553e+005   -7.097134171136e+002    1.135103189500e+003   -7.505930967188e+003
2.821650770000002e+008   -6.738034616901e+006    1.304511268562e+006    3.608795972604e+005   -2.133322079889e+002    1.041189143356e+003   -7.549394669138e+003
2.821651369999998e+008   -6.735920958498e+006    1.364053461876e+006   -9.254846452405e+004    2.837889967627e+002    9.427768833026e+002   -7.559309733827e+003
2.821651970000000e+008   -6.704007095849e+006    1.417560552396e+006   -5.455662901342e+005    7.795399287751e+002    8.401799718960e+002   -7.535692706218e+003
2.821652570000002e+008   -6.642446755255e+006    1.464800707669e+006   -9.961648364270e+005    1.271658986408e+003    7.339174864851e+002   -7.478669875328e+003
2.821653169999998e+008   -6.551520107468e+006    1.505563430518e+006   -1.442347453145e+006    1.757987559700e+003    6.244333227133e+002   -7.388557701829e+003
2.821653770000000e+008   -6.431646505541e+006    1.539675941822e+006   -1.882138961412e+006    2.236309582563e+003    5.122371611078e+002   -7.265742549838e+003
2.821654370000002e+008   -6.283366844897e+006    1.566987133659e+006   -2.313594583246e+006    2.704457853384e+003    3.978592438615e+002   -7.110810862511e+003
2.821654969999998e+008   -6.107354987340e+006    1.587383605885e+006   -2.734810422214e+006    3.160381312276e+003    2.817901859430e+002   -6.924519274442e+003
2.821655569999999e+008   -5.904403091768e+006    1.600777139341e+006   -3.143928087931e+006    3.602117571597e+003    1.645411144625e+002   -6.707734564048e+003
2.821656170000001e+008   -5.675425915971e+006    1.607115470077e+006   -3.539149688578e+006    4.027636732197e+003    4.666199245906e+001   -6.461433398076e+003
2.821656770000004e+008   -5.421447622816e+006    1.606373517513e+006   -3.918736052814e+006    4.435083270825e+003   -7.132122586875e+001   -6.186832729034e+003
2.821657369999999e+008   -5.143607849120e+006    1.598561445057e+006   -4.281025719540e+006    4.822743000381e+003   -1.888881715117e+002   -5.885119740116e+003
2.821657970000001e+008   -4.843145237953e+006    1.583717947012e+006   -4.624433765056e+006    5.188934430068e+003   -3.055986843452e+002   -5.557661671759e+003
2.821658570000003e+008   -4.521398425871e+006    1.561914626601e+006   -4.947461301264e+006    5.531985070867e+003   -4.208323634135e+002   -5.206015771117e+003
2.821658979999998e+008   -4.290029088382e+006    1.543064703437e+006   -5.155748186327e+006    5.752401875200e+003   -4.985341130308e+002   -4.952568344400e+003
