2.826566970000001e+008    6.819957103603e+006   -5.781948268975e+005   -8.370867400049e+005    8.159713264504e+002   -1.057593298913e+003    7.480075780538e+003
2.826567569999997e+008    6.853942679878e+006   -6.403371315792e+005   -3.867724367727e+005    3.164032593168e+002   -1.013032039319e+003    7.524904773618e+003
2.826568169999999e+008    6.857889878145e+006   -6.996723426562e+005    6.524161667227e+004   -1.848056825304e+002   -9.640375851138e+002    7.536696613645e+003
2.826568770000001e+008    6.831769913034e+006   -7.559386449451e+005    5.169684769793e+005   -6.854928733901e+002   -9.108162291177e+002    7.515347754610e+003
2.826569370000003e+008    6.775687352883e+006   -8.088888314418e+005    9.664211820561e+005   -1.183303061162e+003   -8.535532273170e+002    7.460914336770e+003
2.826569969999999e+008    6.689877615168e+006   -8.582894300654e+005    1.411621855219e+006   -1.676029094799e+003   -7.925316742353e+002    7.373652738193e+003
2.826570570000001e+008    6.574709153638e+006   -9.039225698320e+005    1.850609901542e+006   -2.161520561078e+003   -7.280066078528e+002    7.253899431164e+003
2.826571170000002e+008    6.430679319953e+006   -9.455867290450e+005    2.281451914598e+006   -2.637705378448e+003   -6.602945105281e+002    7.102211013451e+003
2.826571769999998e+008    6.258414118717e+006   -9.830990863370e+005    2.702248076765e+006   -3.102443549863e+003   -5.896729011029e+002    6.919183973692e+003
2.826572370000000e+008    6.058664117866e+006   -1.016293248001e+006    3.111145466033e+006   -3.553553336118e+003   -5.164263442988e+002    6.705654732283e+003
2.826572970000002e+008    5.832300091770e+006   -1.045023117877e+006    3.506337762951e+006   -3.989149999164e+003   -4.409055750549e+002    6.462590192291e+003
2.826573569999998e+008    5.580312966663e+006   -1.069161620730e+006    3.886082650796e+006   -4.407302337518e+003   -3.634531482955e+002    6.190967181238e+003
2.826574169999999e+008    5.303806838959e+006   -1.088602688892e+006    4.248704826906e+006   -4.806179746394e+003   -2.843763900336e+002    5.891992693114e+003
2.826574770000002e+008    5.003992461224e+006   -1.103259978307e+006    4.592603313398e+006   -5.183942917049e+003   -2.040525599715e+002    5.567073704666e+003
2.826575369999998e+008    4.682185447403e+006   -1.113068764975e+006    4.916260960031e+006   -5.538982474215e+003   -1.228235993431e+002    5.217577570221e+003
2.826575969999999e+008    4.339798785276e+006   -1.117985227560e+006    5.218249956487e+006   -5.869702968536e+003   -4.105337683127e+001    4.845031666079e+003
2.826576570000001e+008    3.978334755059e+006   -1.117987117352e+006    5.497236345564e+006   -6.174678402413e+003    4.091615193742e+001    4.451083646814e+003
2.826577170000003e+008    3.599380116881e+006   -1.113074370736e+006    5.751987031026e+006   -6.452464812610e+003    1.227238500419e+002    4.037481136872e+003
2.826577769999999e+008    3.204599017049e+006   -1.103267915075e+006    5.981376789267e+006   -6.701991562625e+003    2.039825548932e+002    3.606042369986e+003
2.826578370000001e+008    2.795726045974e+006   -1.088610248959e+006    6.184390780643e+006   -6.922092159858e+003    2.843525373654e+002    3.158615425460e+003
2.826578970000003e+008    2.374557110439e+006   -1.069165068299e+006    6.360130564417e+006   -7.111728750999e+003    3.634999183463e+002    2.697208593438e+003
2.826579569999998e+008    1.942943248417e+006   -1.045017064614e+006    6.507816108894e+006   -7.270114795812e+003    4.410619321283e+002    2.223820573606e+003
2.826580170000001e+008    1.502780426297e+006   -1.016271911757e+006    6.626790808102e+006   -7.396570234201e+003    5.166909495684e+002    1.740530240587e+003
2.826580770000002e+008    1.056005156003e+006   -9.830552498392e+005    6.716525489021e+006   -7.490482432125e+003    5.900391255890e+002    1.249466579323e+003
2.826581369999998e+008    6.045816573523e+005   -9.455120032054e+005    6.776615432599e+006   -7.551441533897e+003    6.608340137411e+002    7.528689100223e+002
2.826581970000000e+008    1.504958108744e+005   -9.038067180471e+005    6.806791383639e+006   -7.579180371253e+003    7.287299134371e+002    2.526867823591e+002
2.826582590000001e+008   -3.193987448714e+005   -8.565331443673e+005    6.806394902087e+006   -7.572787995565e+003    7.955397126235e+002   -2.654512271143e+002
2.826583190000002e+008   -7.727279602730e+005   -8.069470573498e+005    6.775446401952e+006   -7.532659120313e+003    8.566387153638e+002   -7.658646421804e+002
2.826583789999998e+008   -1.222652766529e+006   -7.538058455442e+005    6.714562461094e+006   -7.459318077872e+003    9.139930865231e+002   -1.262922532296e+003
2.826584390000000e+008   -1.667187771318e+006   -6.973430276570e+005    6.623998822635e+006   -7.353082810061e+003    9.673369352751e+002   -1.754694387338e+003
2.826584990000002e+008   -2.104373553956e+006   -6.378055355714e+005    6.504152771739e+006   -7.214397367947e+003    1.016430697533e+003   -2.238779489114e+003
2.826585589999998e+008   -2.532275687004e+006   -5.754564431804e+005    6.355537133850e+006   -7.043804433302e+003    1.061037475452e+003   -2.713196958601e+003
2.826586189999999e+008   -2.949005003749e+006   -5.105685566714e+005    6.178802308157e+006   -6.842073049446e+003    1.101002381860e+003   -3.175805542585e+003
2.826586790000001e+008   -3.352717784709e+006   -4.434278489737e+005    5.974719267721e+006   -6.610063188790e+003    1.136114708182e+003   -3.624453841801e+003
2.826587389999997e+008   -3.741626925160e+006   -3.743298330574e+005    5.744183577906e+006   -6.348783600579e+003    1.166225943288e+003   -4.057250211145e+003
2.826587989999999e+008   -4.114009157741e+006   -3.035782803784e+005    5.488204408235e+006   -6.059373648157e+003    1.191185657783e+003   -4.472232791959e+003
2.826588590000001e+008   -4.468213013366e+006   -2.314854303183e+005    5.207906045397e+006   -5.743083341739e+003    1.210917843914e+003   -4.867569541345e+003
2.826589189999996e+008   -4.802667296286e+006   -1.583694127325e+005    4.904524407225e+006   -5.401285558357e+003    1.225297803659e+003   -5.241428217815e+003
2.826589789999999e+008   -5.115886456309e+006   -8.455310654365e+004    4.579396551512e+006   -5.035515976913e+003    1.234268912053e+003   -5.592156310742e+003
2.826590390000001e+008   -5.406478705167e+006   -1.036288695660e+004    4.233957689342e+006   -4.647324513294e+003    1.237779410953e+003   -5.918191286120e+003
2.826590990000002e+008   -5.673152703281e+006    6.387347966457e+004    3.869735396111e+006   -4.238526262524e+003    1.235798759839e+003   -6.218060175507e+003
2.826591589999998e+008   -5.914723311135e+006    1.378271222926e+005    3.488341820931e+006   -3.810843038090e+003    1.228356885247e+003   -6.490360160234e+003
2.826592190000000e+008   -6.130115919513e+006    2.111703556907e+005    3.091464393808e+006   -3.366324895109e+003    1.215507643573e+003   -6.733857884073e+003
2.826592790000002e+008   -6.318379401644e+006    2.835809642728e+005    2.680870347024e+006   -2.906758642126e+003    1.197204827917e+003   -6.947560426251e+003
2.826593389999998e+008   -6.478671917122e+006    3.547340147128e+005    2.258373391494e+006   -2.434375949375e+003    1.173678987236e+003   -7.130424125567e+003
2.826593990000000e+008   -6.610290292821e+006    4.243190213522e+005    1.825852165635e+006   -1.951204319743e+003    1.144906703228e+003   -7.281635666919e+003
2.826594590000002e+008   -6.712645670932e+006    4.920226259237e+005    1.385224494704e+006   -1.459487082359e+003    1.111051392702e+003   -7.400461373661e+003
2.826595189999998e+008   -6.785296318226e+006    5.575498660150e+005    9.384504454369e+005   -9.613444723898e+002    1.072330367793e+003   -7.486477768303e+003
2.826595789999999e+008   -6.827922444988e+006    6.206105282369e+005    4.875106842120e+005   -4.590867201703e+002    1.028854906343e+003   -7.539221067678e+003
2.826596390000001e+008   -6.840347710374e+006    6.809257121974e+005    3.441071251925e+004    4.501278209874e+001    9.809062784144e+002   -7.558527541273e+003
2.826674380000002e+008    4.779734528716e+006    1.775152356213e+005   -4.971431302099e+006    5.423528035975e+003   -1.209044220217e+003    5.169536053167e+003
2.826674979999998e+008    5.094489173703e+006    1.046367129252e+005   -4.650617697056e+006    5.064477077403e+003   -1.219291155199e+003    5.520372938057e+003
2.826675579999999e+008    5.387027343073e+006    3.130321444744e+004   -4.309465270068e+006    4.683219022742e+003   -1.224241823865e+003    5.847226330518e+003
2.826676180000001e+008    5.656058061984e+006   -4.216886518717e+004   -3.949457598673e+006    4.281248082057e+003   -1.223870879590e+003    6.148663787175e+003
2.826676779999997e+008    5.900396617290e+006   -1.154573524842e+005   -3.572161833967e+006    3.860465288979e+003   -1.218136651939e+003    6.423302200570e+003
2.826677379999999e+008    6.118963359681e+006   -1.882425055751e+005   -3.179221899010e+006    3.422529143410e+003   -1.207070523712e+003    6.669948856552e+003
2.826677980000001e+008    6.310794119085e+006   -2.602044655787e+005   -2.772351005724e+006    2.969485279963e+003   -1.190734354296e+003    6.887450406885e+003
2.826678580000003e+008    6.475036135494e+006   -3.310281499506e+005   -2.353328148461e+006    2.503136121377e+003   -1.169190192714e+003    7.074893901206e+003
2.826679179999999e+008    6.610955615754e+006   -4.004039125018e+005   -1.923983716362e+006    2.025741172097e+003   -1.142497662864e+003    7.231385642250e+003
2.826679780000001e+008    6.717941051863e+006   -4.680292974003e+005   -1.486196798853e+006    1.539201035559e+003   -1.110791844447e+003    7.356192516109e+003
2.826680380000002e+008    6.795519601233e+006   -5.336036490132e+005   -1.041885812157e+006    1.045576788420e+003   -1.074254013777e+003    7.448771144743e+003
2.826680979999998e+008    6.843328225039e+006   -5.968425780937e+005   -5.929986527708e+005    5.474185845259e+002   -1.032942531423e+003    7.508647356591e+003
2.826681580000000e+008    6.861152677716e+006   -6.574655329683e+005   -1.415064606073e+005    4.646873315840e+001   -9.870795685194e+002    7.535568293196e+003
2.826682180000002e+008    6.848895454592e+006   -7.152060071017e+005    3.106076329409e+005   -4.549795227768e+002   -9.369213600194e+002    7.529380194234e+003
2.826682779999998e+008    6.806605046153e+006   -7.698105453469e+005    7.613558572447e+005   -9.544001706787e+002   -8.826036840903e+002    7.490038924726e+003
2.826683379999999e+008    6.734449859163e+006   -8.210395576839e+005    1.208754145040e+006   -1.449856744453e+003   -8.243826129503e+002    7.417781308099e+003
2.826683980000002e+008    6.632742678580e+006   -8.686648270755e+005    1.650833292581e+006   -1.939124677808e+003   -7.625598688768e+002    7.312803694779e+003
2.826684579999997e+008    6.501918981220e+006   -9.124773869909e+005    2.085645894731e+006   -2.419989245554e+003   -6.973509880629e+002    7.175622455752e+003
2.826685179999999e+008    6.342551580558e+006   -9.522852849994e+005    2.511274921149e+006   -2.890476070182e+003   -6.290632120842e+002    7.006814350702e+003
2.826685780000001e+008    6.155327102918e+006   -9.879105714501e+005    2.925843854888e+006   -3.348260158449e+003   -5.580239594987e+002    6.807085565550e+003
2.826686380000003e+008    5.941061942141e+006   -1.019192473687e+006    3.327533666206e+006   -3.791375901346e+003   -4.845087322616e+002    6.577362876349e+003
2.826686979999999e+008    5.700693845803e+006   -1.046003412044e+006    3.714549025523e+006   -4.217951916816e+003   -4.088120063319e+002    6.318593212343e+003
2.826687580000001e+008    5.435275296033e+006   -1.068215822985e+006    4.085202315903e+006   -4.626049804302e+003   -3.313605912898e+002    6.031943387441e+003
2.826688180000003e+008    5.145970750719e+006   -1.085733996907e+006    4.437851636000e+006   -5.013894864921e+003   -2.524275600005e+002    5.718700490442e+003
2.826688779999998e+008    4.834046965830e+006   -1.098480301358e+006    4.770940816576e+006   -5.379736871078e+003   -1.723438865493e+002    5.380231647600e+003
2.826689380000001e+008    4.500874145627e+006   -1.106398459879e+006    5.082999418469e+006   -5.721942733339e+003   -9.154317526328e+001    5.017934171936e+003
2.826689980000002e+008    4.147914457136e+006   -1.109453089205e+006    5.372649051396e+006   -6.039072084386e+003   -1.031321102034e+001    4.633505698655e+003
2.826690579999998e+008    3.776717891959e+006   -1.107630325905e+006    5.638612180707e+006   -6.329643860430e+003    7.096845144758e+001    4.228633792306e+003
2.826691180000000e+008    3.388914655175e+006   -1.100937707850e+006    5.879711639826e+006   -6.592397245884e+003    1.519595415069e+002    3.805086379180e+003
2.826691780000002e+008    2.986207891963e+006   -1.089403984376e+006    6.094881142168e+006   -6.826202835244e+003    2.322803223836e+002    3.364631598630e+003
2.826692379999998e+008    2.570366976703e+006   -1.073079049785e+006    6.283169292117e+006   -7.030057989109e+003    3.115949519396e+002    2.909327799644e+003
2.826692979999999e+008    2.143219146308e+006   -1.052034199725e+006    6.443742598690e+006   -7.202984113731e+003    3.895409508205e+002    2.441083369094e+003
2.826693580000001e+008    1.706641718830e+006   -1.026361595082e+006    6.575884988287e+006   -7.344264111171e+003    4.657909510558e+002    1.961997123133e+003
2.826694179999997e+008    1.262554589404e+006   -9.961728354276e+005    6.679011817036e+006   -7.453238676015e+003    5.400205082629e+002    1.474207972573e+003
2.826694779999999e+008    8.129102859712e+005   -9.616000396931e+005    6.752659386986e+006   -7.529412663407e+003    6.118866435853e+002    9.797950955974e+002
2.826695380000001e+008    3.596876666862e+005   -9.227949818256e+005    6.796495956462e+006   -7.572467923921e+003    6.810662523204e+002    4.809079606828e+002
2.826695979999996e+008   -9.511821390479e+004   -8.799268111920e+005    6.810324256738e+006   -7.582192800307e+003    7.472789847247e+002   -2.023378756408e+001
2.826696579999999e+008   -5.495049814189e+005   -8.331832357621e+005    6.794072006474e+006   -7.558504510273e+003    8.102064393784e+002   -5.213702956189e+002
2.826697180000001e+008   -1.001470545902e+006   -7.827690482629e+005    6.747802924234e+006   -7.501483896527e+003    8.695805875265e+002   -1.020321440311e+003
2.826697780000002e+008   -1.449021899230e+006   -7.289048651545e+005    6.671712242908e+006   -7.411404851719e+003    9.251510101312e+002   -1.515036782326e+003
2.826698379999998e+008   -1.890184917676e+006   -6.718271088348e+005    6.566126725738e+006   -7.288613817428e+003    9.766737418207e+002   -2.003195763127e+003
2.826698980000000e+008   -2.323011733551e+006   -6.117860047602e+005    6.431503178456e+006   -7.133636549955e+003    1.023886533774e+003   -2.482587532122e+003
2.826699580000002e+008   -2.745590018209e+006   -5.490459137269e+005    6.268426464435e+006   -6.947109350133e+003    1.066618351778e+003   -2.951281054217e+003
2.826700179999998e+008   -3.156051445072e+006   -4.838822420251e+005    6.077607018658e+006   -6.729876332772e+003    1.104642747991e+003   -3.407004956817e+003
2.826700780000000e+008   -3.552578524014e+006   -4.165816010822e+005    5.859880858883e+006   -6.482830821726e+003    1.137825383161e+003   -3.847847783136e+003
2.826701380000002e+008   -3.933414760519e+006   -3.474406921780e+005    5.616200102279e+006   -6.207010835969e+003    1.165949451195e+003   -4.271857843702e+003
2.826701979999998e+008   -4.296871972794e+006   -2.767644450972e+005    5.347635977474e+006   -5.903726378049e+003    1.188955047846e+003   -4.677012997212e+003
2.826702579999999e+008   -4.641337959412e+006   -2.048647896338e+005    5.055370837133e+006   -5.574216903761e+003    1.206748001588e+003   -5.061551219613e+003
2.826703180000001e+008   -4.965283377023e+006   -1.320593142245e+005    4.740694169249e+006   -5.219960494564e+003    1.219159061536e+003   -5.423870100600e+003
2.826703779999997e+008   -5.267269494942e+006   -5.866951119795e+004    4.404991109882e+006   -4.842486511453e+003    1.226201773569e+003   -5.762147137332e+003
2.826704379999999e+008   -5.545954765395e+006    1.498033804762e+004    4.049748153952e+006   -4.443545422725e+003    1.227828545770e+003   -6.074929468987e+003
2.826704980000001e+008   -5.800100781202e+006    8.856412532555e+004    3.676535864995e+006   -4.024829194555e+003    1.224011933736e+003   -6.360884329616e+003
2.826705580000003e+008   -6.028578280444e+006    1.617562891392e+005    3.287007385080e+006   -3.588235419698e+003    1.214764813020e+003   -6.618628615328e+003
2.826706179999999e+008   -6.230373661383e+006    2.342314242628e+005    2.882890445425e+006   -3.135715757244e+003    1.200173686738e+003   -6.846999130805e+003
2.826706780000001e+008   -6.404588522375e+006    3.056711790200e+005    2.465975565946e+006   -2.669289330957e+003    1.180247949907e+003   -7.045012574333e+003
2.826707380000002e+008   -6.550452991023e+006    3.757583712160e+005    2.038114176760e+006   -2.191040533465e+003    1.155101821118e+003   -7.211765532829e+003
2.826707979999998e+008   -6.667322103608e+006    4.441820269578e+005    1.601205612480e+006   -1.703113495649e+003    1.124840367497e+003   -7.346484496233e+003
2.826708580000000e+008   -6.754682726704e+006    5.106410830414e+005    1.157190423688e+006   -1.207802040770e+003    1.089607056825e+003   -7.448545708328e+003
2.826709180000002e+008   -6.812151554311e+006    5.748400414809e+005    7.080399734409e+005   -7.071528424125e+002    1.049572896979e+003   -7.517585815909e+003
2.826709779999998e+008   -6.839481744882e+006    6.364960912661e+005    2.557474484310e+005   -2.035224463250e+002    1.004883218301e+003   -7.553260960650e+003
2.826710379999999e+008   -6.836563843939e+006    6.953375351065e+005   -1.976789395916e+005    3.007572900598e+002    9.557896676879e+002   -7.555387319909e+003
2.826710980000002e+008   -6.803419703456e+006    7.511052470746e+005   -6.502294637107e+005    8.035441983151e+002    9.024620872907e+002   -7.524051385236e+003
2.826711579999997e+008   -6.740210993827e+006    8.035538316891e+005   -1.099898267891e+006    1.302575942785e+003    8.451797955456e+002   -7.459389446851e+003
2.826712179999999e+008   -6.647232957155e+006    8.524534777357e+005   -1.544695477122e+006    1.795557035806e+003    7.842184492888e+002   -7.361727741277e+003
2.826712780000001e+008   -6.524911987210e+006    8.975904857726e+005   -1.982655001361e+006    2.280336364637e+003    7.198485258904e+002   -7.231522741434e+003
2.826713380000003e+008   -6.373805577020e+006    9.387681597334e+005   -2.411843035593e+006    2.754677197314e+003    6.522900691784e+002   -7.069450783008e+003
2.826713979999999e+008   -6.194599229100e+006    9.758068042050e+005   -2.830368964898e+006    3.216606590952e+003    5.819463328574e+002   -6.876258624416e+003
2.826714580000001e+008   -5.988104633064e+006    1.008547927867e+006   -3.236391267250e+006    3.664066505363e+003    5.090309664496e+002   -6.652822894016e+003
2.826715180000003e+008   -5.755249082304e+006    1.036848762999e+006   -3.628127031075e+006    4.094898700848e+003    4.340353061050e+002   -6.400250043923e+003
2.826715779999998e+008   -5.497079821617e+006    1.060589508791e+006   -4.003860347831e+006    4.507468120247e+003    3.571338200446e+002   -6.119627395897e+003
2.826800999999998e+008    5.556399356920e+006   -1.046607466402e+006    3.925487881692e+006   -4.449763658838e+003   -3.757637247955e+002    6.160368685792e+003
2.826801600000000e+008    5.277397059199e+006   -1.066836985794e+006    4.286187150929e+006   -4.846887137033e+003   -2.983443990457e+002    5.858510472095e+003
2.826802200000002e+008    4.975199662837e+006   -1.082377071912e+006    4.627994993804e+006   -5.222634121905e+003   -2.195125187042e+002    5.530877371221e+003
2.826802799999998e+008    4.651131129284e+006   -1.093160175561e+006    4.949401748671e+006   -5.575655677250e+003   -1.397919789087e+002    5.178727157719e+003
2.826803399999999e+008    4.306614715279e+006   -1.099135963723e+006    5.248988091060e+006   -5.904084450106e+003   -5.940083947752e+001    4.803776774226e+003
2.826804000000001e+008    3.943162545052e+006   -1.100279631020e+006    5.525431050331e+006   -6.206564883034e+003    2.123591885496e+001    4.407593989532e+003
2.826804599999997e+008    3.562370951194e+006   -1.096585363569e+006    5.777511017602e+006   -6.481817309970e+003    1.017938077585e+002    3.991956701342e+003
2.826805199999999e+008    3.165912903088e+006   -1.088068420551e+006    6.004109258014e+006   -6.728589775117e+003    1.819264609800e+002    3.558592851564e+003
2.826805800000001e+008    2.755529805311e+006   -1.074765850147e+006    6.204224924121e+006   -6.945806563177e+003    2.612533854912e+002    3.109490668740e+003
2.826806400000003e+008    2.333024297645e+006   -1.056735256185e+006    6.376972567701e+006   -7.132518739593e+003    3.394559571347e+002    2.646608591324e+003
2.826806999999999e+008    1.900255269683e+006   -1.034055342054e+006    6.521583147879e+006   -7.287823352326e+003    4.161753454244e+002    2.172055131226e+003
2.826807600000001e+008    1.459123990464e+006   -1.006824969059e+006    6.637415053838e+006   -7.411124466148e+003    4.910852667177e+002    1.687719303020e+003
2.826808200000002e+008    1.011572121613e+006   -9.751629030576e+005    6.723953108075e+006   -7.501811348389e+003    5.638326228009e+002    1.195850096357e+003
2.826808799999998e+008    5.595671370888e+005   -9.392077787659e+005    6.780808590221e+006   -7.559501008928e+003    6.341197999156e+002    6.985368752171e+002
2.826809400000000e+008    1.050989123603e+005   -8.991167906788e+005    6.807723242671e+006   -7.583896690216e+003    7.016438712922e+002    1.981791445859e+002
2.826810000000002e+008   -3.498317442955e+005   -8.550667811007e+005    6.804566789267e+006   -7.574908399658e+003    7.660793208872e+002   -3.033032545401e+002
2.826810599999998e+008   -8.032210888769e+005   -8.072483938337e+005    6.771353448649e+006   -7.532535473334e+003    8.271776263122e+002   -8.035303310896e+002
2.826811200000000e+008   -1.253070264483e+006   -7.558715281686e+005    6.708214446742e+006   -7.456943822292e+003    8.846511502976e+002   -1.300341824049e+003
2.826811800000002e+008   -1.697395769333e+006   -7.011632600052e+005    6.615419033977e+006   -7.348457086134e+003    9.382089175966e+002   -1.791687215111e+003
2.826812399999998e+008   -2.134236048400e+006   -6.433623008294e+005    6.493368496304e+006   -7.207532347480e+003    9.876641128168e+002   -2.275195762778e+003
2.826812999999999e+008   -2.561661038858e+006   -5.827234582865e+005    6.342591670571e+006   -7.034726260614e+003    1.032812216244e+003   -2.748836564222e+003
2.826813600000001e+008   -2.977781220510e+006   -5.195127509833e+005    6.163746459526e+006   -6.830820416937e+003    1.073360067911e+003   -3.210508353281e+003
2.826814199999997e+008   -3.380756695205e+006   -4.540087306209e+005    5.957613846581e+006   -6.596700244672e+003    1.109228873386e+003   -3.658129684311e+003
2.826814799999999e+008   -3.768799716917e+006   -3.865000422577e+005    5.725095900049e+006   -6.333302941999e+003    1.140174778741e+003   -4.089709034914e+003
2.826815400000001e+008   -4.140191221243e+006   -3.172833264247e+005    5.467212300232e+006   -6.041860294381e+003    1.166118638759e+003   -4.503304394029e+003
2.826816000000003e+008   -4.493284823243e+006   -2.466647547709e+005    5.185098345876e+006   -5.723594057844e+003    1.186923355452e+003   -4.897043769781e+003
2.826816599999998e+008   -4.826515244500e+006   -1.749543268470e+005    4.879997968184e+006   -5.379932560471e+003    1.202465222131e+003   -5.269244832590e+003
2.826817200000001e+008   -5.138398037771e+006   -1.024720615473e+005    4.553253730065e+006   -5.012344795317e+003    1.212684369551e+003   -5.618185183480e+003
2.826817800000002e+008   -5.427551031234e+006   -2.953507898311e+004    4.206312361758e+006   -4.622521697925e+003    1.217555451496e+003   -5.942272059607e+003
2.826818399999998e+008   -5.692688844019e+006    4.353227558287e+004    3.840706951383e+006   -4.212143868690e+003    1.217065820118e+003   -6.240072714670e+003
2.826819000000000e+008   -5.932631612366e+006    1.164070107235e+005    3.458053959580e+006   -3.783016012149e+003    1.211141090812e+003   -6.510284202759e+003
2.826819600000002e+008   -6.146314510970e+006    1.887668520006e+005    3.060053435027e+006   -3.337101299810e+003    1.199879234220e+003   -6.751533311112e+003
2.826820199999998e+008   -6.332789957916e+006    2.602909974460e+005    2.648468718049e+006   -2.876431436345e+003    1.183326126239e+003   -6.962896718096e+003
2.826820799999999e+008   -6.491229610609e+006    3.306631555408e+005    2.225125444009e+006   -2.402826840209e+003    1.161415685699e+003   -7.143361452265e+003
2.826821400000002e+008   -6.620933704259e+006    3.995717439742e+005    1.791904158559e+006   -1.918871401229e+003    1.134550936224e+003   -7.292043273745e+003
2.826821999999997e+008   -6.721330588539e+006    4.667116809952e+005    1.350728916949e+006   -1.426426363033e+003    1.102575475162e+003   -7.408349149253e+003
2.826822599999999e+008   -6.791978862968e+006    5.317861650873e+005    9.035581875754e+005   -9.276362966022e+002    1.065716075434e+003   -7.491805565206e+003
2.826823200000001e+008   -6.832573557438e+006    5.945078676686e+005    4.523778621253e+005   -4.250090712542e+002    1.024203228579e+003   -7.541968414613e+003
2.826823800000003e+008   -6.842942801078e+006    6.545999612793e+005   -8.093498388187e+002    7.942811624754e+001    9.781383114638e+002   -7.558684381916e+003
2.826824399999999e+008   -6.823052184073e+006    7.117977609079e+005   -4.539933136935e+005    5.833066034462e+002    9.277596799189e+002   -7.541849587645e+003
2.826825000000001e+008   -6.773001504930e+006    7.658491680623e+005   -9.051651750607e+005    1.084342678400e+003    8.733271130051e+002   -7.491620290461e+003
2.826825600000002e+008   -6.693027564783e+006    8.165183353554e+005   -1.352327055091e+006    1.580382642716e+003    8.150192894130e+002   -7.408242965280e+003
2.826826199999998e+008   -6.583499227463e+006    8.635808783819e+005   -1.793500858766e+006    2.069187667360e+003    7.531562524779e+002   -7.292123941679e+003
2.826826800000000e+008   -6.444917818412e+006    9.068340691882e+005   -2.226737673794e+006    2.548436965221e+003    6.880873825652e+002   -7.143809414253e+003
2.826827400000002e+008   -6.277913925473e+006    9.460864844350e+005   -2.650127176324e+006    3.016226696875e+003    6.199279440576e+002   -6.963996269629e+003
2.826827969999997e+008   -6.093623138748e+006    9.795191962330e+005   -3.041528634247e+006    3.447992978985e+003    5.527077036274e+002   -6.764794222938e+003
