2.827880979999999e+008    5.577682563648e+006   -9.268382484708e+005    3.924093401520e+006   -4.440393602703e+003   -4.711961465638e+002    6.161567337482e+003
2.827881580000001e+008    5.299193755148e+006   -9.530512385055e+005    4.284864213499e+006   -4.839147040693e+003   -4.022807658812e+002    5.859761466885e+003
2.827882179999997e+008    4.997406171338e+006   -9.750734457776e+005    4.626744452437e+006   -5.216698717398e+003   -3.315671726631e+002    5.532061025748e+003
2.827882779999999e+008    4.673644064717e+006   -9.928087129286e+005    4.948222758528e+006   -5.571388333775e+003   -2.594103095022e+002    5.179973287439e+003
2.827883380000001e+008    4.329327845651e+006   -1.006178178273e+006    5.247878814207e+006   -5.901594319359e+003   -1.861089286727e+002    4.804925591139e+003
2.827883979999996e+008    3.965970287289e+006   -1.015122701240e+006    5.524387650240e+006   -6.205852958669e+003   -1.119586206876e+002    4.408695534418e+003
2.827884579999999e+008    3.585167760165e+006   -1.019601690687e+006    5.776529660102e+006   -6.482907535826e+003   -3.732696224686e+001    3.992921049238e+003
2.827885180000001e+008    3.188593020522e+006   -1.019595435176e+006    6.003188611643e+006   -6.731428345970e+003    3.746781068599e+001    3.559529951088e+003
2.827889400000000e+008    1.089579191170e+005   -8.953060007756e+005    6.807470109584e+006   -7.598258683973e+003    5.408859187371e+002    1.818154526464e+002
2.827890000000002e+008   -3.468418110797e+005   -8.609009503850e+005    6.803335650466e+006   -7.589516761137e+003    6.054205787878e+002   -3.197763664473e+002
2.827890599999998e+008   -8.011135618887e+005   -8.227021778755e+005    6.769129341232e+006   -7.547322128733e+003    6.673118290398e+002   -8.200229440200e+002
2.827891200000000e+008   -1.251853737341e+006   -7.808763274526e+005    6.705004401930e+006   -7.471825293776e+003    7.262891177163e+002   -1.316694044646e+003
2.827891800000002e+008   -1.697073569073e+006   -7.356074262822e+005    6.611230076118e+006   -7.363383696494e+003    7.820518678954e+002   -1.807979096955e+003
2.827892399999998e+008   -2.134807025873e+006   -6.870934772039e+005    6.488216643971e+006   -7.222398033035e+003    8.343868739220e+002   -2.291167453532e+003
2.827892999999999e+008   -2.563120912934e+006   -6.355478896949e+005    6.336491438680e+006   -7.049500197499e+003    8.830714005192e+002   -2.764518091134e+003
2.827893600000001e+008   -2.980121003419e+006   -5.811972991873e+005    6.156718356592e+006   -6.845390609836e+003    9.278711934879e+002   -3.225749874434e+003
2.827894199999997e+008   -3.383962352874e+006   -5.242800388901e+005    5.949684874117e+006   -6.611027777911e+003    9.686216806177e+002   -3.672851243607e+003
2.827894799999999e+008   -3.772856629516e+006   -4.650471133487e+005    5.716299059643e+006   -6.347351037046e+003    1.005036874250e+003   -4.103810675979e+003
2.827895400000001e+008   -4.145080095113e+006   -4.037597178780e+005    5.457585586687e+006   -6.055543676480e+003    1.037054856525e+003   -4.516766239866e+003
2.827896000000003e+008   -4.498983870253e+006   -3.406880051031e+005    5.174683750718e+006   -5.736863974661e+003    1.064507634619e+003   -4.909855886207e+003
2.827896599999998e+008   -4.832995062603e+006   -2.761096441528e+005    4.868837471055e+006   -5.392729023292e+003    1.087261045097e+003   -5.281287305021e+003
2.827897200000001e+008   -5.145632563689e+006   -2.103098457726e+005    4.541399316674e+006   -5.024674902258e+003    1.105204528673e+003   -5.629297990888e+003
2.827897800000002e+008   -5.435509101469e+006   -1.435792007457e+005    4.193818209645e+006   -4.634299849110e+003    1.118265154394e+003   -5.952475335512e+003
2.827898399999998e+008   -5.701333825862e+006   -7.621456823753e+004    3.827625929297e+006   -4.223282334464e+003    1.126383732887e+003   -6.249386598854e+003
2.827899000000000e+008   -5.941930855640e+006   -8.510462372640e+003    3.444450142942e+006   -3.793521312058e+003    1.129494349212e+003   -6.518548681017e+003
2.827899600000002e+008   -6.156225912985e+006    5.922967998396e+004    3.045984583468e+006   -3.346948275817e+003    1.127625389495e+003   -6.758788424810e+003
2.827900199999998e+008   -6.343273364483e+006    1.267081695373e+005    2.634000594221e+006   -2.885595200110e+003    1.120777207998e+003   -6.968982510327e+003
2.827900799999999e+008   -6.502242896568e+006    1.936254451178e+005    2.210325406854e+006   -2.411417439386e+003    1.108955437642e+003   -7.148317742933e+003
2.827901400000002e+008   -6.632433108421e+006    2.596857274594e+005    1.776839763796e+006   -1.926654772829e+003    1.092221178172e+003   -7.295860460605e+003
2.827901999999997e+008   -6.733270787329e+006    3.245966521553e+005    1.335469417043e+006   -1.433372740427e+003    1.070641536656e+003   -7.411057286082e+003
2.827902599999999e+008   -6.804316644707e+006    3.880710968259e+005    8.881740375989e+005   -9.339856375699e+002    1.044405895461e+003   -7.493264266460e+003
2.827903200000001e+008   -6.845261007407e+006    4.498289123777e+005    4.369377085144e+005   -4.304556851572e+002    1.013458469009e+003   -7.542318199599e+003
2.827903800000003e+008   -6.855935463970e+006    5.095967067156e+005   -1.623645610828e+004    7.472815560197e+001    9.780886526826e+002   -7.557865006151e+003
2.827904399999999e+008   -6.836304158321e+006    5.671127171295e+005   -4.693378251125e+005    5.793438823070e+002    9.384141463401e+002   -7.539921051505e+003
2.827905000000001e+008   -6.786465491235e+006    6.221234634988e+005   -9.203605476837e+005    1.081244017321e+003    8.945867693058e+002   -7.488582821195e+003
2.827905600000002e+008   -6.706657361954e+006    6.743866319907e+005   -1.367307344652e+006    1.578024405329e+003    8.468785105241e+002   -7.404146375977e+003
2.827906199999998e+008   -6.597246840228e+006    7.236737885627e+005   -1.808203125243e+006    2.067561333041e+003    7.954379883142e+002   -7.286968240625e+003
2.827906800000000e+008   -6.458735357064e+006    7.697690139696e+005   -2.241101278676e+006    2.547680282703e+003    7.405606429663e+002   -7.137664850173e+003
2.827907400000002e+008   -6.291752957408e+006    8.124712946476e+005   -2.664093983441e+006    3.016262227147e+003    6.823729721650e+002   -6.956912738471e+003
2.827985989999998e+008    6.496558350656e+006   -1.691374987428e+005   -2.309736283698e+006    2.483204910675e+003   -1.102867337685e+003    7.093038431906e+003
2.827986590000001e+008    6.631228027572e+006   -2.348922970141e+005   -1.879397588888e+006    2.004143076015e+003   -1.088108253670e+003    7.246332082894e+003
2.827987190000002e+008    6.736872247651e+006   -2.996183684644e+005   -1.440810209711e+006    1.516024484016e+003   -1.068600289660e+003    7.367910726568e+003
2.827987789999998e+008    6.813012971506e+006   -3.630330510621e+005   -9.958956533600e+005    1.021037969471e+003   -1.044378996099e+003    7.457170784211e+003
2.827988390000000e+008    6.859302826871e+006   -4.248565490502e+005   -5.466055406940e+005    5.213985768759e+002   -1.015586597366e+003    7.513678629256e+003
2.827988990000002e+008    6.875526105146e+006   -4.848178204497e+005   -9.491290814468e+004    1.911821821691e+001   -9.823641061669e+002    7.537210967328e+003
2.827989589999998e+008    6.861593943739e+006   -5.426537360973e+005    3.571961002035e+005   -4.833646581466e+002   -9.447929006182e+002    7.527593810040e+003
2.827990189999999e+008    6.817558975738e+006   -5.981086480529e+005    8.077330087082e+005   -9.839203781338e+002   -9.030568308570e+002    7.484823668699e+003
2.827990790000001e+008    6.743604942857e+006   -6.509390827091e+005    1.254715826920e+006   -1.480343622579e+003   -8.573476633439e+002    7.409126930879e+003
2.827991389999997e+008    6.640044662297e+006   -7.009124535409e+005    1.696173752967e+006   -1.970438267591e+003   -8.078364043787e+002    7.300750000165e+003
2.827991989999999e+008    6.507327789598e+006   -7.478065152672e+005    2.130164360921e+006   -2.452022160854e+003   -7.547791761143e+002    7.160179299086e+003
2.827992590000001e+008    6.346020816501e+006   -7.914173406515e+005    2.554768633077e+006   -2.922919328327e+003   -6.984128439687e+002    6.988071261377e+003
2.827993189999996e+008    6.156830590117e+006   -8.315513512556e+005    2.968115021938e+006   -3.381124108514e+003   -6.389223606550e+002    6.785092601548e+003
2.827993789999999e+008    5.940581320345e+006   -8.680302434358e+005    3.368381387549e+006   -3.824561452407e+003   -5.766441892131e+002    6.552189913670e+003
2.827994390000001e+008    5.698220461964e+006   -9.006949276412e+005    3.753799487691e+006   -4.251183510169e+003   -5.118202991405e+002    6.290339840849e+003
2.827994990000002e+008    5.430809070204e+006   -9.293999206050e+005    4.122667793927e+006   -4.659242646480e+003   -4.447162316031e+002    6.000749515845e+003
2.827995589999998e+008    5.139517080591e+006   -9.540179506595e+005    4.473358999098e+006   -5.046892893996e+003   -3.756534235462e+002    5.684645908001e+003
2.827996190000000e+008    4.825623745964e+006   -9.744414286019e+005    4.804323316537e+006   -5.412368106186e+003   -3.049378392624e+002    5.343446118046e+003
2.827996790000002e+008    4.490506243585e+006   -9.905795057065e+005    5.114098998840e+006   -5.754088540692e+003   -2.328611098100e+002    4.978587551976e+003
2.827997389999998e+008    4.135636883950e+006   -1.002360758604e+006    5.401316642295e+006   -6.070565498882e+003   -1.597491980554e+002    4.591777763199e+003
2.827997990000000e+008    3.762573840242e+006   -1.009732528724e+006    5.664706702075e+006   -6.360323521798e+003   -8.595341052953e+001    4.184644325375e+003
2.827998590000002e+008    3.372957161113e+006   -1.012662083023e+006    5.903105498697e+006   -6.622147026914e+003   -1.173972727018e+001    3.759025241209e+003
2.827999189999998e+008    2.968498569120e+006   -1.011135487078e+006    6.115456734748e+006   -6.854857821266e+003    6.253592783839e+001    3.316748570073e+003
2.827999789999999e+008    2.550976638018e+006   -1.005159406664e+006    6.300820502686e+006   -7.057425999548e+003    1.365243500701e+002    2.859782614129e+003
2.828000390000001e+008    2.122227111413e+006   -9.947600182365e+005    6.458374800713e+006   -7.228960276755e+003    2.099364331006e+002    2.390155905031e+003
2.828000989999997e+008    1.684136335932e+006   -9.799814594473e+005    6.587421543589e+006   -7.368700057566e+003    2.824268462169e+002    1.909797185090e+003
2.828001589999999e+008    1.238631019372e+006   -9.608887618659e+005    6.687385579218e+006   -7.476015009284e+003    3.536964484778e+002    1.421075412289e+003
2.828002190000001e+008    7.876711557826e+005   -9.375644388501e+005    6.757818200382e+006   -7.550442162790e+003    4.234004290027e+002    9.258598151846e+002
2.828002790000003e+008    3.332411738446e+005   -9.101106216065e+005    6.798403159105e+006   -7.591626170478e+003    4.912914740342e+002    4.264498035057e+002
2.828003389999998e+008   -1.226557467306e+005   -8.786474646764e+005    6.808956176018e+006   -7.599357348978e+003    5.570000429733e+002   -7.492498105573e+001
2.828003990000001e+008   -5.780125839852e+005   -8.433124095029e+005    6.789421464752e+006   -7.573634326621e+003    6.203146457899e+002   -5.761045488023e+002
2.828004590000002e+008   -1.030821711305e+006   -8.042598497892e+005    6.739877737250e+006   -7.514472599441e+003    6.808922773710e+002   -1.074878888824e+003
2.828005189999998e+008   -1.479086076677e+006   -7.616607222035e+005    6.660534722053e+006   -7.422169335406e+003    7.384829051812e+002   -1.569007525356e+003
2.828005790000000e+008   -1.920827030632e+006   -7.157018605379e+005    6.551734177123e+006   -7.297103707198e+003    7.928396390475e+002   -2.056389848663e+003
2.828006390000002e+008   -2.354093289937e+006   -6.665852080407e+005    6.413947904530e+006   -7.139800662146e+003    8.437154047508e+002   -2.534775010594e+003
2.828006989999998e+008   -2.776970678053e+006   -6.145259078109e+005    6.247774766451e+006   -6.950927651421e+003    8.908809567646e+002   -3.002271929733e+003
2.828007589999999e+008   -3.187588104654e+006   -5.597535038676e+005    6.053943194896e+006   -6.731287612330e+003    9.341289742222e+002   -3.456489301509e+003
2.828008190000002e+008   -3.584128192437e+006   -5.025080922225e+005    5.833300209243e+006   -6.481837598140e+003    9.732824314026e+002   -3.895615568788e+003
2.828008789999997e+008   -3.964834279293e+006   -4.430428374793e+005    5.586813927564e+006   -6.203678285724e+003    1.008120536390e+003   -4.317568941482e+003
2.828009389999999e+008   -4.328020034247e+006   -3.816191985433e+005    5.315571082567e+006   -5.897990895395e+003    1.038526921231e+003   -4.720587493195e+003
2.828009990000001e+008   -4.672072420974e+006   -3.185078308588e+005    5.020763026386e+006   -5.566146100968e+003    1.064342872613e+003   -5.102778989798e+003
2.828010590000003e+008   -4.995465189885e+006   -2.539874041676e+005    4.703691252686e+006   -5.209609354490e+003    1.085491139513e+003   -5.462401038472e+003
2.828011189999999e+008   -5.296762317992e+006   -1.883431076030e+005    4.365756402355e+006   -4.829930750499e+003    1.101803693721e+003   -5.797931112766e+003
2.828011790000001e+008   -5.574626049684e+006   -1.218650580292e+005    4.008452276708e+006   -4.428787558392e+003    1.113248402829e+003   -6.107776471642e+003
2.828012390000003e+008   -5.827821806221e+006   -5.484760821313e+004    3.633361045548e+006   -4.007984682010e+003    1.119775857481e+003   -6.390604166633e+003
2.828012989999998e+008   -6.055226247602e+006    1.241340606013e+004    3.242146760463e+006   -3.569389641813e+003    1.121355776989e+003   -6.645081145967e+003
2.828013590000001e+008   -6.255828897250e+006    7.961859621568e+004    2.836540857368e+006   -3.114917404858e+003    1.117964002016e+003   -6.870124280325e+003
2.828014190000002e+008   -6.428742207150e+006    1.464718101248e+005    2.418344673291e+006   -2.646722060226e+003    1.109603686314e+003   -7.064620048194e+003
2.828014789999998e+008   -6.573200628469e+006    2.126766876357e+005    1.989414744668e+006   -2.166831033713e+003    1.096375261612e+003   -7.227725130613e+003
2.828015390000000e+008   -6.688569645754e+006    2.779426724714e+005    1.551657922400e+006   -1.677394038271e+003    1.078295161500e+003   -7.358796013094e+003
2.828094579999998e+008    4.300752117710e+006    3.992032685329e+005   -5.379491626685e+006    5.910869164468e+003   -1.020083696808e+003    4.647952055883e+003
2.828095180000000e+008    4.645778609964e+006    3.371719649971e+005   -5.089065918419e+006    5.585803242906e+003   -1.046817320196e+003    5.029372726957e+003
2.828095780000002e+008    4.970555114292e+006    2.736694423623e+005   -4.776398646170e+006    5.236254801309e+003   -1.069028875288e+003    5.388993623259e+003
2.828096379999998e+008    5.273662091337e+006    2.089747587740e+005   -4.442848476754e+006    4.863697966582e+003   -1.086589259157e+003    5.725262339123e+003
2.828096979999999e+008    5.553765255298e+006    1.433683838162e+005   -4.089863716405e+006    4.469659499219e+003   -1.099436355672e+003    6.036626379521e+003
2.828097580000001e+008    5.809629265904e+006    7.713626881530e+004   -3.718979332961e+006    4.055940586668e+003   -1.107482486309e+003    6.321732802193e+003
2.828098179999997e+008    6.040123390800e+006    1.056681975777e+004   -3.331808965258e+006    3.624307162210e+003   -1.110689740679e+003    6.579268720107e+003
2.828098779999999e+008    6.244229221946e+006   -5.604765688586e+004   -2.930043135687e+006    3.176591378481e+003   -1.109039115838e+003    6.808131137272e+003
2.828099380000001e+008    6.421037045182e+006   -1.224185705125e+005   -2.515430944597e+006    2.714772522772e+003   -1.102508121001e+003    7.007256817298e+003
2.828099979999996e+008    6.569760118475e+006   -1.882536155141e+005   -2.089786593300e+006    2.240779639445e+003   -1.091200263241e+003    7.175752599990e+003
2.828100579999999e+008    6.689731715743e+006   -2.532658698869e+005   -1.654971479655e+006    1.756778779558e+003   -1.075059632558e+003    7.312804945448e+003
2.828101180000001e+008    6.780412558574e+006   -3.171696823806e+005   -1.212890310021e+006    1.264770426658e+003   -1.054246412735e+003    7.417830574225e+003
2.828101780000002e+008    6.841391431996e+006   -3.796841658390e+005   -7.654818004218e+005    7.670140515252e+002   -1.028796794591e+003    7.490315789486e+003
2.828102379999998e+008    6.872387358171e+006   -4.405349205172e+005   -3.147090801803e+005    2.657333814415e+002   -9.988180047809e+002    7.529916949556e+003
2.828102980000000e+008    6.873249810018e+006   -4.994545030840e+005    1.374461077179e+005   -2.369737922385e+002   -9.644327810953e+002    7.536410618034e+003
2.828103580000002e+008    6.843963513394e+006   -5.561834866632e+005    5.889961987322e+005   -7.389514704050e+002   -9.258436151295e+002    7.509753259650e+003
2.828104179999998e+008    6.784643337672e+006   -6.104725934553e+005    1.037954415023e+006   -1.237712306449e+003   -8.831382211707e+002    7.450020803041e+003
2.828104780000000e+008    6.695542145872e+006   -6.620816838097e+005    1.482342652670e+006   -1.731285787513e+003   -8.365578251145e+002    7.357480014658e+003
2.828105380000002e+008    6.577044416472e+006   -7.107834821350e+005    1.920203891937e+006   -2.217336017868e+003   -7.862773848569e+002    7.232507066830e+003
2.828105979999998e+008    6.429654750464e+006   -7.563637738337e+005    2.349606616053e+006   -2.693844853152e+003   -7.325415600797e+002    7.075648648240e+003
2.828106579999999e+008    6.254015968854e+006   -7.986214276165e+005    2.768656581632e+006   -3.158615626570e+003   -6.755670481411e+002    6.887561157123e+003
2.828107180000001e+008    6.050894794585e+006   -8.373698687903e+005    3.175505842025e+006   -3.609579965558e+003   -6.155918692639e+002    6.669101200678e+003
2.828107779999997e+008    5.821178554092e+006   -8.724378004905e+005    3.568358252678e+006   -4.044802311168e+003   -5.529390780488e+002    6.421175599160e+003
2.828108379999999e+008    5.565871535267e+006   -9.036711372941e+005    3.945480377008e+006   -4.462304470570e+003   -4.877954956402e+002    6.144911109995e+003
2.828108980000001e+008    5.286093088205e+006   -9.309312667237e+005    4.305205789596e+006   -4.860209881719e+003   -4.205541665193e+002    5.841534646849e+003
2.828109580000003e+008    4.983070121693e+006   -9.540976186065e+005    4.645947088341e+006   -5.236812879079e+003   -3.514323801124e+002    5.512333411430e+003
2.828110179999999e+008    4.658132482111e+006   -9.730685338073e+005    4.966198901980e+006   -5.590464145191e+003   -2.807661539344e+002    5.158794692044e+003
2.828110780000001e+008    4.312706372292e+006   -9.877598642250e+005    5.264546900923e+006   -5.919494874369e+003   -2.088340912831e+002    4.782515748033e+003
2.828111380000002e+008    3.948308803884e+006   -9.981061757307e+005    5.539671606273e+006   -6.222605537261e+003   -1.359977262426e+002    4.384994438385e+003
2.828111979999998e+008    3.566540274311e+006   -1.004061798322e+006    5.790356901755e+006   -6.498329630744e+003   -6.252256784580e+001    3.968118354215e+003
2.828112580000000e+008    3.169081394433e+006   -1.005600938306e+006    6.015497539234e+006   -6.745464465621e+003    1.120643388185e+001    3.533775512197e+003
2.828113180000002e+008    2.757675770178e+006   -1.002713940504e+006    6.214089166878e+006   -6.963004681774e+003    8.490664896597e+001    3.083614256313e+003
2.828113779999998e+008    2.334132647962e+006   -9.954135184304e+005    6.385256324558e+006   -7.149862682766e+003    1.582457613599e+002    2.619892794453e+003
2.828114379999999e+008    1.900316827186e+006   -9.837324446332e+005    6.528238960442e+006   -7.305329221878e+003    2.308962422679e+002    2.144469952876e+003
2.828114980000002e+008    1.458135618392e+006   -9.677204814925e+005    6.642403452482e+006   -7.428641869758e+003    3.025512110926e+002    1.659564472351e+003
2.828115579999997e+008    1.009533983276e+006   -9.474478430892e+005    6.727236616187e+006   -7.519230820345e+003    3.728722925062e+002    1.167355407036e+003
2.828116179999999e+008    5.564866079710e+005   -9.230021252415e+005    6.782362217752e+006   -7.576783364255e+003    4.415867029157e+002    6.696222341549e+002
2.828116780000001e+008    1.009877540030e+005   -8.944900417349e+005    6.807530490557e+006   -7.600943224046e+003    5.083618540771e+002    1.689943579141e+002
2.828117380000003e+008   -3.549565491675e+005   -8.620368540529e+005    6.802620147966e+006   -7.591621908270e+003    5.729217833188e+002   -3.325983777651e+002
2.828117979999999e+008   -8.093369111114e+005   -8.257840882624e+005    6.767645397195e+006   -7.548844766844e+003    6.349625764266e+002   -8.327859435661e+002
2.828118580000001e+008   -1.260149245157e+006   -7.858901428166e+005    6.702757453452e+006   -7.472735851340e+003    6.942426810071e+002   -1.329568146226e+003
2.828119180000003e+008   -1.705405503696e+006   -7.425303454154e+005    6.608223057463e+006   -7.363660099599e+003    7.504557293752e+002   -1.820494401105e+003
2.828119779999998e+008   -2.143139156585e+006   -6.958948285954e+005    6.484457984580e+006   -7.222081868677e+003    8.034102809453e+002   -2.303563955988e+003
2.828120380000001e+008   -2.571416033863e+006   -6.461887559141e+005    6.332000562466e+006   -7.048575676918e+003    8.527817201405e+002   -2.776555884677e+003
2.828120980000002e+008   -2.988342539888e+006   -5.936290412406e+005    6.151510184686e+006   -6.843862859200e+003    8.984475522507e+002   -3.237439011297e+003
2.828121579999998e+008   -3.392075205781e+006   -5.384489455195e+005    5.943786326133e+006   -6.608881057156e+003    9.401669198809e+002   -3.684221812034e+003
2.828122180000000e+008   -3.780823252921e+006   -4.808887948989e+005    5.709731047622e+006   -6.344587482552e+003    9.777332761840e+002   -4.114832729270e+003
2.828122780000002e+008   -4.152863545567e+006   -4.212040206009e+005    5.450374519986e+006   -6.052224344422e+003    1.010973898952e+003   -4.527249737726e+003
2.828123379999998e+008   -4.506549513206e+006   -3.596565842901e+005    5.166860539070e+006   -5.732950021615e+003    1.039773431040e+003   -4.919770946820e+003
2.828328000000003e+008    6.700686481456e+006   -2.292979301491e+005   -1.614405691316e+006    1.716247072885e+003   -1.065208157867e+003    7.323612556101e+003
2.828328599999998e+008    6.788916696752e+006   -2.926618474414e+005   -1.171766668038e+006    1.223637620433e+003   -1.046132079439e+003    7.425639427966e+003
2.828329200000001e+008    6.847410722492e+006   -3.547438302674e+005   -7.239815328993e+005    7.254937533439e+002   -1.022460965121e+003    7.495065521204e+003
2.828329800000002e+008    6.875897905978e+006   -4.152714283257e+005   -2.730159333349e+005    2.237553967541e+002   -9.943784485137e+002    7.531607653299e+003
2.828330399999998e+008    6.874241721394e+006   -4.739781614214e+005    1.791488634959e+005   -2.790029867780e+002   -9.618407166630e+002    7.535031614438e+003
2.828331000000000e+008    6.842436087428e+006   -5.306062579241e+005    6.305257766224e+005   -7.808000142079e+002   -9.250694245247e+002    7.505344152952e+003
2.828331600000002e+008    6.780609319230e+006   -5.849055245147e+005    1.079128504862e+006   -1.279357231897e+003   -8.842404546294e+002    7.442591533433e+003
2.828332199999998e+008    6.689019889096e+006   -6.366383343578e+005    1.522981333536e+006   -1.772501931277e+003   -8.395554279158e+002    7.347050192590e+003
2.828332799999999e+008    6.568062674287e+006   -6.855758342802e+005    1.960129124443e+006   -2.257999862494e+003   -7.911383001075e+002    7.219156470327e+003
2.828333400000002e+008    6.418259243057e+006   -7.315025685847e+005    2.388644431547e+006   -2.733652260272e+003   -7.392010632210e+002    7.059436760641e+003
2.828333999999997e+008    6.240260613083e+006   -7.742159000601e+005    2.806637696504e+006   -3.197484067054e+003   -6.840538828599e+002    6.868547819103e+003
2.828334599999999e+008    6.034843103082e+006   -8.135263554496e+005    3.212265455449e+006   -3.647331870771e+003   -6.258827213797e+002    6.647356099274e+003
2.828335200000001e+008    5.802902399037e+006   -8.492625270296e+005    3.603735448481e+006   -4.081229285284e+003   -5.649406806531e+002    6.396818374035e+003
2.828335800000003e+008    5.545452727736e+006   -8.812659961488e+005    3.979320621276e+006   -4.497252336151e+003   -5.014962239908e+002    6.118061485188e+003
2.828336399999999e+008    5.263623780647e+006   -9.093947505656e+005    4.337361629962e+006   -4.893549731248e+003   -4.358296691040e+002    5.812292393015e+003
2.828337000000001e+008    4.958651511706e+006   -9.335255831866e+005    4.676278856078e+006   -5.268474431931e+003   -3.682896859303e+002    5.480788388859e+003
2.828337600000002e+008    4.631872612909e+006   -9.535514223276e+005    4.994574415746e+006   -5.620185410439e+003   -2.990733717025e+002    5.125146454254e+003
2.828338199999998e+008    4.284723725876e+006   -9.693841287781e+005    5.290842960841e+006   -5.947239556713e+003   -2.285563283755e+002    4.746824213177e+003
2.828338800000000e+008    3.918727498705e+006   -9.809530402606e+005    5.563774501877e+006   -6.248153035144e+003   -1.570155855470e+002    4.347519227926e+003
2.828339400000002e+008    3.535492007410e+006   -9.882070727064e+005    5.812162408866e+006   -6.521670353582e+003   -8.477312553079e+001    3.928999432355e+003
2.828339999999998e+008    3.136702009836e+006   -9.911139199495e+005    6.034908425673e+006   -6.766445340438e+003   -1.215815393147e+001    3.493102611763e+003
2.828340600000000e+008    2.724109612490e+006   -9.896604868029e+005    6.231025685268e+006   -6.981534921923e+003    6.051485519298e+001    3.041737211645e+003
2.828341200000002e+008    2.299528936730e+006   -9.838522212542e+005    6.399645718494e+006   -7.165922724340e+003    1.329553097033e+002    2.576871558804e+003
2.828341799999998e+008    1.864827569154e+006   -9.737135952504e+005    6.540020468032e+006   -7.318816069699e+003    2.048028182703e+002    2.100534342819e+003
2.828342399999999e+008    1.421915825256e+006   -9.592891736730e+005    6.651525305924e+006   -7.439475517237e+003    2.757403295481e+002    1.614884342563e+003
2.828343000000001e+008    9.727432513614e+005   -9.406416595011e+005    6.733661539387e+006   -7.527424432961e+003    3.455072839228e+002    1.121950769279e+003
2.828343599999997e+008    5.192868403883e+005   -9.178522885557e+005    6.786058930077e+006   -7.582245809595e+003    4.137650780228e+002    6.239829284276e+002
2.828344199999999e+008    6.354258684532e+004   -8.910202280877e+005    6.808483207944e+006   -7.603651665310e+003    4.802222598712e+002    1.231703386517e+002
2.828344800000001e+008   -3.924814738748e+005   -8.602625691452e+005    6.800825582603e+006   -7.591571931975e+003    5.445690041866e+002   -3.783171258149e+002
2.828345450000002e+008   -8.844927877811e+005   -8.226687229399e+005    6.758617092432e+006   -7.540704160389e+003    6.115719825390e+002   -9.198579714559e+002
2.828346049999998e+008   -1.334652803330e+006   -7.841846300846e+005    6.688525143715e+006   -7.459102672680e+003    6.706543659350e+002   -1.415689395507e+003
2.828346649999999e+008   -1.778926718254e+006   -7.422428164400e+005    6.588855684550e+006   -7.344581077082e+003    7.267977270147e+002   -1.905494797670e+003
2.828347250000002e+008   -2.215352517247e+006   -6.970272899154e+005    6.460039497563e+006   -7.197604570540e+003    7.797583031696e+002   -2.386853424705e+003
2.828347849999997e+008   -2.642002080644e+006   -6.487361691903e+005    6.302637420376e+006   -7.018809441464e+003    8.292645502710e+002   -2.857964245629e+003
2.828348449999999e+008   -3.056988907150e+006   -5.975815996276e+005    6.117336358236e+006   -6.808993513176e+003    8.751801578630e+002   -3.316475958204e+003
2.828349050000001e+008   -3.458476823511e+006   -5.437881759726e+005    5.904947798335e+006   -6.569025964727e+003    9.172250765572e+002   -3.760497150774e+003
2.828349650000003e+008   -3.844687868675e+006   -4.875929143687e+005    5.666405322702e+006   -6.299931835353e+003    9.552186332477e+002   -4.188036151988e+003
2.828350249999999e+008   -4.213911059873e+006   -4.292427807721e+005    5.402752122640e+006   -6.002956847344e+003    9.890371944853e+002   -4.597120926894e+003
2.828350850000001e+008   -4.564507283346e+006   -3.689945006258e+005    5.115151006750e+006   -5.679282342946e+003    1.018441158142e+003   -4.986009551563e+003
2.828351450000003e+008   -4.894922280872e+006   -3.071155985557e+005    4.804869922101e+006   -5.330437135480e+003    1.043392400306e+003   -5.352869524219e+003
2.828352049999998e+008   -5.203690457096e+006   -2.438760884688e+005    4.473279460843e+006   -4.957954601450e+003    1.063711229632e+003   -5.696128342569e+003
2.828352650000001e+008   -5.489434217979e+006   -1.795595831695e+005    4.121842558595e+006   -4.563326342105e+003    1.079318558235e+003   -6.014143567898e+003
2.828353250000002e+008   -5.750890382090e+006   -1.144469480311e+005    3.752117238401e+006   -4.148551428579e+003    1.090205071417e+003   -6.305511928512e+003
2.828353849999998e+008   -5.986895621640e+006   -4.882815079684e+004    3.365740586351e+006   -3.715338011114e+003    1.096238796663e+003   -6.568970634491e+003
2.828354450000000e+008   -6.196402167104e+006    1.700519489602e+004    2.964424977604e+006   -3.265666640529e+003    1.097401822877e+003   -6.803246445058e+003
2.828355050000002e+008   -6.378482897593e+006    8.276412801121e+004    2.549952084903e+006   -2.801453249595e+003    1.093735008072e+003   -7.007396222869e+003
2.828355649999998e+008   -6.532332406597e+006    1.481568187879e+005    2.124161380050e+006   -2.324921332713e+003    1.085187739786e+003   -7.180386331655e+003
2.828356249999999e+008   -6.657267844183e+006    2.128923156218e+005    1.688942035436e+006   -1.838141620175e+003    1.071877711378e+003   -7.321503377670e+003
2.828356850000001e+008   -6.752743454280e+006    2.766854436833e+005    1.246227548048e+006   -1.343251589007e+003    1.053789685818e+003   -7.430143864339e+003
2.828357449999997e+008   -6.818341954522e+006    3.392547196219e+005    7.979843252458e+005   -8.425393794320e+002    1.031030490979e+003   -7.505794043135e+003
2.828435389999998e+008    4.155826356961e+006    4.513174711324e+005   -5.488406127360e+006    6.039181233154e+003   -9.674408789753e+002    4.490967066122e+003
2.828435990000001e+008    4.508863580062e+006    3.923273242885e+005   -5.207156677930e+006    5.724400204044e+003   -9.981184069784e+002    4.880610897550e+003
2.828436590000002e+008    4.842255372256e+006    3.316280332379e+005   -4.903157151125e+006    5.384536601250e+003   -1.024421343424e+003    5.249065909722e+003
2.828437189999998e+008    5.154536163574e+006    2.694813875502e+005   -4.577722640713e+006    5.021045108975e+003   -1.046292321583e+003    5.594729724197e+003
2.828437790000000e+008    5.444339877022e+006    2.061610803592e+005   -4.232271402759e+006    4.635462483212e+003   -1.063607463922e+003    5.916149831637e+003
2.828438390000002e+008    5.710388244493e+006    1.419411651659e+005   -3.868303037029e+006    4.229517958921e+003   -1.076260703610e+003    6.211753407045e+003
2.828438989999998e+008    5.951506573239e+006    7.710180921430e+004   -3.487400712499e+006    3.804907954478e+003   -1.084224766470e+003    6.480317675967e+003
2.828439589999999e+008    6.166630835780e+006    1.192575219336e+004   -3.091224879100e+006    3.363302327654e+003   -1.087479311973e+003    6.720709907214e+003
2.828440190000002e+008    6.354804288001e+006   -5.330336337142e+004   -2.681501962247e+006    2.906792907673e+003   -1.085996946252e+003    6.931746679962e+003
2.828440789999997e+008    6.515193237236e+006   -1.182979712097e+005   -2.260023888479e+006    2.437408040705e+003   -1.079733773756e+003    7.112464678281e+003
2.828441389999999e+008    6.647076926664e+006   -1.827764361331e+005   -1.828630369342e+006    1.957154240792e+003   -1.068711071698e+003    7.262030619163e+003
2.828441990000001e+008    6.749853718449e+006   -2.464612346480e+005   -1.389206211413e+006    1.467794200652e+003   -1.053136619531e+003    7.379951610174e+003
2.828442590000003e+008    6.823090050045e+006   -3.090553804297e+005   -9.436899952637e+005    9.720727760672e+002   -1.032784819258e+003    7.465323172463e+003
2.828443189999999e+008    6.866421063036e+006   -3.703022656871e+005   -4.940243156709e+005    4.717408538740e+002   -1.007957306302e+003    7.518022429179e+003
2.828443790000001e+008    6.879653369137e+006   -4.299256377400e+005   -4.218714691727e+004   -3.088555732228e+001   -9.787214459157e+002    7.537695590006e+003
2.828444390000003e+008    6.862714889075e+006   -4.876634812994e+005    4.098350377040e+005   -5.335903526381e+002   -9.451692563267e+002    7.524189027161e+003
2.828444989999998e+008    6.815667405723e+006   -5.432617134690e+005    8.600543456684e+005   -1.034132651922e+003   -9.074682094462e+002    7.477589069256e+003
2.828445590000001e+008    6.738707106090e+006   -5.964759083570e+005    1.306488364268e+006   -1.530331674819e+003   -8.657401428769e+002    7.398052145410e+003
2.828446190000002e+008    6.632160648422e+006   -6.470717359064e+005    1.747169967037e+006   -2.019921025544e+003   -8.201864233275e+002    7.285964541466e+003
2.828446789999998e+008    6.496488212182e+006   -6.948259623432e+005    2.180157508740e+006   -2.500834925738e+003   -7.710481998178e+002    7.141672869444e+003
2.828447390000000e+008    6.332275454695e+006   -7.395278587504e+005    2.603540538467e+006   -2.970942263235e+003   -7.184869877067e+002    6.965893638748e+003
2.828447990000002e+008    6.140240004800e+006   -7.809798372318e+005    3.015453889010e+006   -3.427972724998e+003   -6.627767585658e+002    6.759393126144e+003
2.828448589999998e+008    5.921216616740e+006   -8.190004100274e+005    3.414075301000e+006   -3.870119297030e+003   -6.041318325221e+002    6.523058368826e+003
2.828449189999999e+008    5.676164173800e+006   -8.534207686703e+005    3.797647211648e+006   -4.295308376217e+003   -5.428216757653e+002    6.257935965851e+003
2.828449790000001e+008    5.406155532869e+006   -8.840892128801e+005    4.164475271149e+006   -4.701633972998e+003   -4.791230518775e+002    5.965182790177e+003
2.828450389999997e+008    5.112375428411e+006   -9.108700541506e+005    4.512940846170e+006   -5.087446075558e+003   -4.133146288375e+002    5.646026133317e+003
2.828450989999999e+008    4.796111113404e+006   -9.336455136051e+005    4.841503335084e+006   -5.450834204035e+003   -3.456539457263e+002    5.302002862368e+003
2.828451590000001e+008    4.458751077345e+006   -9.523146656386e+005    5.148710970120e+006   -5.790349127040e+003   -2.764873567120e+002    4.934450594224e+003
2.828452189999996e+008    4.101776411875e+006   -9.667947247965e+005    5.433206331438e+006   -6.104394662552e+003   -2.060823230074e+002    4.545186709832e+003
2.828452789999999e+008    3.726757595658e+006   -9.770218792713e+005    5.693731852355e+006   -6.391629518113e+003   -1.347785484870e+002    4.135749003202e+003
2.828453390000001e+008    3.335341337016e+006   -9.829509477238e+005    5.929135840883e+006   -6.650772988989e+003   -6.285328804155e+001    3.708125370906e+003
2.828453990000002e+008    2.929247976526e+006   -9.845553115047e+005    6.138375483985e+006   -6.880681003819e+003    9.334725610506e+000    3.264013928795e+003
2.828454589999998e+008    2.510263088977e+006   -9.818269446021e+005    6.320525861316e+006   -7.080322956421e+003    8.149253150875e+001    2.805422981687e+003
2.828455190000000e+008    2.080228251399e+006   -9.747771073715e+005    6.474776960286e+006   -7.248859846037e+003    1.533187087173e+002    2.334381147316e+003
2.828455790000002e+008    1.641035980067e+006   -9.634367943612e+005    6.600443684328e+006   -7.385497573507e+003    2.244713299482e+002    1.852977115067e+003
2.828456389999998e+008    1.194617350482e+006   -9.478548186331e+005    6.696965873230e+006   -7.489641944554e+003    2.946559262906e+002    1.363289903326e+003
2.828456990000000e+008    7.429386185484e+005   -9.280987680076e+005    6.763913308622e+006   -7.560786436269e+003    3.635562912903e+002    8.674586729089e+002
2.828457590000002e+008    2.879875659370e+005   -9.042547715325e+005    6.800981736305e+006   -7.598670420786e+003    4.308752703646e+002    3.677429876836e+002
2.828458189999998e+008   -1.682319753916e+005   -8.764269858481e+005    6.808001875243e+006   -7.603075105195e+003    4.963058904222e+002   -1.337775207736e+002
2.828458789999999e+008   -6.237096164853e+005   -8.447365929466e+005    6.784934933117e+006   -7.573946138203e+003    5.595751145856e+002   -6.348529502570e+002
2.828459390000001e+008   -1.076437384905e+006   -8.093223788634e+005    6.731875620978e+006   -7.511449708306e+003    6.204012745419e+002   -1.133243038422e+003
2.828459989999997e+008   -1.524418780926e+006   -7.703390023867e+005    6.649050668129e+006   -7.415771287435e+003    6.784816563406e+002   -1.626687492341e+003
2.828460589999999e+008   -1.965675092659e+006   -7.279576947246e+005    6.536809832402e+006   -7.287362348791e+003    7.336240209095e+002   -2.113225579552e+003
2.828461190000001e+008   -2.398259027940e+006   -6.823637730732e+005    6.395650422595e+006   -7.126781553739e+003    7.855298279248e+002   -2.590466396676e+003
2.828461790000003e+008   -2.820257915875e+006   -6.337567054461e+005    6.226180303648e+006   -6.934649279698e+003    8.340053616396e+002   -3.056438935200e+003
2.828462389999998e+008   -3.229803032785e+006   -5.823528954665e+005    6.029140911794e+006   -6.711835080462e+003    8.787970828507e+002   -3.509091781909e+003
2.828462990000001e+008   -3.625082439147e+006   -5.283763435127e+005    5.805396275956e+006   -6.459285653468e+003    9.197217124624e+002   -3.946283394149e+003
2.828463590000002e+008   -4.004344433827e+006   -4.720646108921e+005    5.555929023114e+006   -6.178130252631e+003    9.565934870901e+002   -4.366191931384e+003
2.828464189999998e+008   -4.365907709599e+006   -4.136663735833e+005    5.281837395013e+006   -5.869537154769e+003    9.892589918658e+002   -4.766875487664e+003
2.828464790000000e+008   -4.708168349820e+006   -3.534379831069e+005    4.984329259750e+006   -5.534916502112e+003    1.017573164213e+003   -5.146481761409e+003
2.828465390000002e+008   -5.029606530163e+006   -2.916473743073e+005    4.664715122538e+006   -5.175728141809e+003    1.041331886277e+003   -5.503398372845e+003
2.828465989999998e+008   -5.328795664017e+006   -2.285662286950e+005    4.324408641014e+006   -4.793555209009e+003    1.060551150565e+003   -5.835962730510e+003
2.828466589999999e+008   -5.604408463878e+006   -1.644732045291e+005    3.964916634987e+006   -4.390099098085e+003    1.075048029970e+003   -6.142712059057e+003
2.828467190000002e+008   -5.855216613896e+006   -9.965170854281e+004    3.587826285978e+006   -3.967164583213e+003    1.084809533335e+003   -6.422243406453e+003
2.828467789999997e+008   -6.080112737604e+006   -3.438911801353e+004    3.194814373184e+006   -3.526573936646e+003    1.089758133323e+003   -6.673323795295e+003
2.828468389999999e+008   -6.278096526239e+006    3.102597238085e+004    2.787621950888e+006   -3.070438533854e+003    1.089901442200e+003   -6.894729771714e+003
2.828468990000001e+008   -6.448287684447e+006    9.630377430124e+004    2.368052869614e+006   -2.600634398472e+003    1.085203013555e+003   -7.085588269124e+003
2.828469590000003e+008   -6.589937165619e+006    1.611556012060e+005    1.937973294601e+006   -2.119284727902e+003    1.075707843552e+003   -7.245055813218e+003
2.828470189999999e+008   -6.702419370540e+006    2.252945678555e+005    1.499291793047e+006   -1.628669296606e+003    1.061451758422e+003   -7.372318674242e+003
2.828470790000001e+008   -6.785242372645e+006    2.884367208723e+005    1.053957750875e+006   -1.131047457197e+003    1.042487644348e+003   -7.466733155321e+003
2.828471390000003e+008   -6.838044890476e+006    3.503034837450e+005    6.039456678632e+005   -6.284427037727e+002    1.018932640704e+003   -7.528085942822e+003
2.828471989999998e+008   -6.860600890288e+006    4.106207895329e+005    1.512552651348e+005   -1.232823939348e+002    9.908579940999e+002   -7.555983064828e+003
2.828472590000001e+008   -6.852826460024e+006    4.691216749019e+005   -3.021042035174e+005    3.822949724896e+002    9.584500162188e+002   -7.550401016887e+003
2.828473190000002e+008   -6.814765894693e+006    5.255493042208e+005   -7.541253742559e+005    8.858861342448e+002    9.217947700124e+002   -7.511385866488e+003
2.828473789999998e+008   -6.746602821532e+006    5.796564943885e+005   -1.202806455043e+006    1.385337338523e+003    8.811120473230e+002   -7.439134083109e+003
2.828474390000000e+008   -6.648655208233e+006    6.312047586847e+005   -1.646162933863e+006    1.878362926300e+003    8.365280069115e+002   -7.333961925114e+003
2.828474990000002e+008   -6.521372757956e+006    6.799682571108e+005   -2.082235982818e+006    2.362759861262e+003    7.883309216704e+002   -7.196455778900e+003
2.828475589999998e+008   -6.365336420159e+006    7.257341997751e+005   -2.509102458924e+006    2.836441936599e+003    7.366665717439e+002   -7.027212228451e+003
2.828476189999999e+008   -6.181252766618e+006    7.683029099140e+005   -2.924882813314e+006    3.297261406784e+003    6.818177403660e+002   -6.827077751248e+003
2.828476790000001e+008   -5.969956850317e+006    8.074896375046e+005   -3.327750186502e+006    3.743257445045e+003    6.239961808639e+002   -6.596929133676e+003
2.828563780000000e+008    5.259863143711e+006   -8.864549724056e+005    4.346066885615e+006   -4.902004917483e+003   -4.568119351352e+002    5.804155926869e+003
2.828564380000002e+008    4.954390829262e+006   -9.118923607429e+005    4.684475786475e+006   -5.276639709171e+003   -3.908552019625e+002    5.472000611510e+003
2.828564979999998e+008    4.627126006250e+006   -9.333185800729e+005    5.002222448042e+006   -5.628134999339e+003   -3.231570432016e+002    5.115687534551e+003
2.828565579999999e+008    4.279507064721e+006   -9.506389760851e+005    5.297903522441e+006   -5.954897947976e+003   -2.540489799357e+002    4.736734080576e+003
2.828566180000001e+008    3.913060294184e+006   -9.637768166660e+005    5.570211017508e+006   -6.255484477458e+003   -1.838110003566e+002    4.336847879886e+003
2.828566779999997e+008    3.529396110216e+006   -9.726733006540e+005    5.817940802975e+006   -6.528605513448e+003   -1.127287466184e+002    3.917786815861e+003
2.828567379999999e+008    3.130201028392e+006   -9.772896935243e+005    6.039997123485e+006   -6.773004953997e+003   -4.115580162086e+001    3.481368822707e+003
2.828567980000001e+008    2.717229751857e+006   -9.776045716951e+005    6.235396611656e+006   -6.987625385255e+003    3.059143107166e+001    3.029532161153e+003
2.828568580000003e+008    2.292298324417e+006   -9.736156476656e+005    6.403272799195e+006   -7.171516600487e+003    1.022357171989e+002    2.564255268960e+003
2.828569179999999e+008    1.857275879746e+006   -9.653397245743e+005    6.542880130377e+006   -7.323886063132e+003    1.734263375216e+002    2.087586838205e+003
2.828569780000001e+008    1.414075769387e+006   -9.528131803522e+005    6.653597976533e+006   -7.444022027085e+003    2.438631452529e+002    1.601545695266e+003
2.828570380000002e+008    9.646485565831e+005   -9.360899046795e+005    6.734931647589e+006   -7.531389301999e+003    3.132638456193e+002    1.108470956240e+003
2.828570979999998e+008    5.109727861511e+005   -9.152430758309e+005    6.786515407071e+006   -7.585577185964e+003    3.812924056644e+002    6.104219377621e+002
2.828571580000000e+008    5.504611878402e+004   -8.903636161627e+005    6.808115486661e+006   -7.606376600503e+003    4.476350121272e+002    1.093482867596e+002
2.828572180000002e+008   -4.011230150310e+005   -8.615599670837e+005    6.799631099851e+006   -7.593658961159e+003    5.120454306829e+002   -3.921202142970e+002
2.828572779999998e+008   -8.555240050780e+005   -8.289582747382e+005    6.761084455948e+006   -7.547464873648e+003    5.741871471113e+002   -8.921535117620e+002
2.828573379999999e+008   -1.306152943234e+006   -7.927006094800e+005    6.692647274708e+006   -7.467957235545e+003    6.338443078269e+002   -1.388251345722e+003
2.828573980000002e+008   -1.751020646658e+006   -7.529465698263e+005    6.594608799325e+006   -7.355480264342e+003    6.907089415257e+002   -1.878523165110e+003
2.828574579999997e+008   -2.188162248113e+006   -7.098709285195e+005    6.467390812224e+006   -7.210526856383e+003    7.445347526149e+002   -2.360568172425e+003
2.828575179999999e+008   -2.615646332650e+006   -6.636618754265e+005    6.311547150074e+006   -7.033703205477e+003    7.951149011737e+002   -2.832315383695e+003
2.828575780000001e+008   -3.031581968375e+006   -6.145225534101e+005    6.127759715190e+006   -6.825720752103e+003    8.421968481370e+002   -3.291683645115e+003
2.828576380000003e+008   -3.434128234141e+006   -5.626688106798e+005    5.916830991198e+006   -6.587536763937e+003    8.855446701676e+002   -3.736641400570e+003
2.828576979999999e+008   -3.821501605029e+006   -5.083293720126e+005    5.679689055096e+006   -6.320127525276e+003    9.250388499531e+002   -4.165217057591e+003
2.828577580000001e+008   -4.191985822604e+006   -4.517425932314e+005    5.417373093508e+006   -6.024747236500e+003    9.604182852432e+002   -4.575398576180e+003
2.828578180000003e+008   -4.543937287126e+006   -3.931586054037e+005    5.131040911400e+006   -5.702628977189e+003    9.915903765487e+002   -4.965503943514e+003
2.828578779999998e+008   -4.875793542920e+006   -3.328355549479e+005    4.821953946102e+006   -5.355171473642e+003    1.018356159302e+003   -5.333630880798e+003
2.828579380000001e+008   -5.186084049736e+006   -2.710395891200e+005    4.491478784901e+006   -4.983925168772e+003    1.040647070774e+003   -5.678216855816e+003
2.828579980000002e+008   -5.473424322292e+006   -2.080450603968e+005    4.141072855435e+006   -4.590563740898e+003    1.058362232280e+003   -5.997659136487e+003
2.828580579999998e+008   -5.736546583582e+006   -1.441281985090e+005    3.772292176077e+006   -4.176862372798e+003    1.071361615048e+003   -6.290534826982e+003
2.828581180000000e+008   -5.974276218089e+006   -7.957387099875e+004    3.386766817115e+006   -3.744502688363e+003    1.079598460521e+003   -6.555591180268e+003
2.828581780000002e+008   -6.185564190380e+006   -1.466484519537e+004    2.986209954225e+006   -3.295716319714e+003    1.083125336009e+003   -6.791434545980e+003
2.828582379999998e+008   -6.369462246267e+006    5.030562663022e+004    2.572391027329e+006   -2.832137796075e+003    1.081794228141e+003   -6.997272259397e+003
2.828582979999999e+008   -6.525168559282e+006    1.150559107415e+005    2.147155316225e+006   -2.356129917858e+003    1.075714647035e+003   -7.171990453667e+003
2.828583580000001e+008   -6.651990553760e+006    1.792966766388e+005    1.712388278897e+006   -1.869727759496e+003    1.064867653212e+003   -7.314845803840e+003
2.828584179999997e+008   -6.749371212396e+006    2.427446889197e+005    1.270020895141e+006   -1.375080235644e+003    1.049279018971e+003   -7.425254797158e+003
2.828584779999999e+008   -6.816885460128e+006    3.051189493968e+005    8.220174604613e+005   -8.745685744015e+002    1.029085676024e+003   -7.502653536240e+003
2.828585380000001e+008   -6.854242881341e+006    3.661427207887e+005    3.703668905857e+005   -3.702437398500e+002    1.004289077830e+003   -7.546788669993e+003
2.828585979999996e+008   -6.861287984672e+006    4.255484709436e+005   -8.292617788555e+004    1.354702518825e+002    9.751145983658e+002   -7.557406227519e+003
2.828586579999999e+008   -6.838001897626e+006    4.830732587890e+005   -5.358519849424e+005    6.403794644320e+002    9.416534336494e+002   -7.534542620445e+003
2.828587180000001e+008   -6.784501516998e+006    5.384633252293e+005   -9.864036483533e+005    1.142262794676e+003    9.040017608457e+002   -7.478314215927e+003
2.828587780000002e+008   -6.701038680152e+006    5.914759184504e+005   -1.432587064950e+006    1.638758901330e+003    8.624066790469e+002   -7.388997145262e+003
2.828588379999998e+008   -6.588001202378e+006    6.418778975121e+005   -1.872429509013e+006    2.127759164513e+003    8.170295765361e+002   -7.267037956855e+003
2.828588960000002e+008   -6.451104773764e+006    6.879106972951e+005   -2.289758701719e+006    2.591164180383e+003    7.697995021461e+002   -7.118657001218e+003
