2.804409579999997e+008    2.281310566857e+006   -2.285678830407e+006    6.080476742059e+006   -6.035306249530e+003    3.105522962119e+003    3.423862490343e+003
2.804410179999999e+008    1.914463782734e+006   -2.094477720136e+006    6.272411779959e+006   -6.188472811596e+003    3.265428220699e+003    2.971697983253e+003
2.804410780000001e+008    1.539238087503e+006   -1.894108357415e+006    6.436819808238e+006   -6.314501935511e+003    3.411020313753e+003    2.506528712608e+003
2.804411380000003e+008    1.157275858690e+006   -1.685448782081e+006    6.572972117341e+006   -6.412919419709e+003    3.541669013774e+003    2.030423882444e+003
2.804411979999999e+008    7.702500398810e+005   -1.469413207426e+006    6.680283946626e+006   -6.483267772093e+003    3.656829615174e+003    1.545372727687e+003
2.804412580000001e+008    3.798543532931e+005   -1.246947317561e+006    6.758281000436e+006   -6.525239980288e+003    3.755931372575e+003    1.053534726863e+003
2.804413180000003e+008   -1.220369244942e+004   -1.019024012008e+006    6.806619959681e+006   -6.538650912775e+003    3.838646616591e+003    5.571695676355e+002
2.804413779999998e+008   -4.042072463797e+005   -7.866414280172e+005    6.825090989152e+006   -6.523444702631e+003    3.904546246825e+003    5.824714278012e+001
2.804414380000001e+008   -7.944423626650e+005   -5.508153508683e+005    6.813609757756e+006   -6.479695984506e+003    3.953366559687e+003   -4.409424349888e+002
2.804414980000002e+008   -1.181200006682e+006   -3.125782171230e+005    6.772217941819e+006   -6.407563432793e+003    3.984890313950e+003   -9.382689145146e+002
2.804415579999998e+008   -1.562786079470e+006   -7.297233281219e+004    6.701093241693e+006   -6.307355704660e+003    3.998987956359e+003   -1.431641797020e+003
2.804416180000000e+008   -1.937527877687e+006    1.669531243385e+005    6.600540392380e+006   -6.179495422032e+003    3.995537284094e+003   -1.918870398077e+003
2.804416780000002e+008   -2.303782262200e+006    4.061471239259e+005    6.470992177029e+006   -6.024540171600e+003    3.974609095282e+003   -2.397783805278e+003
2.804417379999998e+008   -2.659940562485e+006    6.435607922790e+005    6.313009435088e+006   -5.843122357233e+003    3.936239682050e+003   -2.866420986478e+003
2.804417979999999e+008   -3.004439966946e+006    8.781540617602e+005    6.127272581099e+006   -5.635974239926e+003    3.880566236921e+003   -3.322510742321e+003
2.804418580000001e+008   -3.335762231560e+006    1.108895702112e+006    5.914589602610e+006   -5.404071469982e+003    3.807898679514e+003   -3.764291470839e+003
2.804419179999997e+008   -3.652448170994e+006    1.334771611676e+006    5.675883084082e+006   -5.148315315947e+003    3.718481004051e+003   -4.189681693505e+003
2.804419779999999e+008   -3.953101451729e+006    1.554788684335e+006    5.412192713225e+006   -4.869819908875e+003    3.612687673358e+003   -4.596829580323e+003
2.804420380000001e+008   -4.236394452185e+006    1.767977919214e+006    5.124667290650e+006   -4.569837961523e+003    3.490968315531e+003   -4.983893072743e+003
2.804420979999996e+008   -4.501072859401e+006    1.973398588100e+006    4.814562237522e+006   -4.249590762396e+003    3.353837864057e+003   -5.349170160548e+003
2.804421579999999e+008   -4.745964782927e+006    2.170144431493e+006    4.483234110641e+006   -3.910505165189e+003    3.201893821229e+003   -5.691058495896e+003
2.804422180000001e+008   -4.969985645576e+006    2.357347545222e+006    4.132133610554e+006   -3.554041975272e+003    3.035796624625e+003   -6.008035673069e+003
2.804422780000002e+008   -5.172136073301e+006    2.534176290970e+006    3.762799778021e+006   -3.181843377277e+003    2.856297748764e+003   -6.298578987520e+003
2.804423379999998e+008   -5.351519579713e+006    2.699851774705e+006    3.376856523490e+006   -2.795394836130e+003    2.664115678415e+003   -6.561485991310e+003
2.804423980000000e+008   -5.507335036963e+006    2.853636701235e+006    2.975999614339e+006   -2.396518659807e+003    2.460124292862e+003   -6.795483682045e+003
2.804424580000002e+008   -5.638887251240e+006    2.994849729784e+006    2.561995192710e+006   -1.986906387441e+003    2.245179392673e+003   -6.999579271045e+003
2.804425179999998e+008   -5.745586052656e+006    3.122863127627e+006    2.136666973897e+006   -1.568422824766e+003    2.020303721861e+003   -7.172779680562e+003
2.804425780000000e+008   -5.826954930234e+006    3.237108949942e+006    1.701892660658e+006   -1.142879461179e+003    1.786459033873e+003   -7.314341922593e+003
2.804426380000002e+008   -5.882627273464e+006    3.337079832856e+006    1.259592037122e+006   -7.121806930706e+002    1.544633357738e+003   -7.423582857075e+003
2.804426979999998e+008   -5.912353179679e+006    3.422331846520e+006    8.117202799687e+005   -2.782949731488e+002    1.296006907547e+003   -7.499979231420e+003
2.804427579999999e+008   -5.915996485668e+006    3.492485981883e+006    3.602573536585e+005    1.569119683546e+002    1.041576342975e+003   -7.543227968555e+003
2.804428750000002e+008   -5.848114141649e+006    3.584745168242e+006   -5.228539858287e+005    1.001876107364e+003    5.332860408999e+002   -7.531503925977e+003
2.804429360000001e+008   -5.773711373097e+006    3.609075818006e+006   -9.807305090653e+005    1.436584419066e+003    2.641697051167e+002   -7.475092377595e+003
2.804429960000002e+008   -5.674841934544e+006    3.616951829204e+006   -1.426736215444e+006    1.857820320621e+003   -1.686040011321e+000   -7.386258745206e+003
2.804430559999998e+008   -5.550938228066e+006    3.608871797232e+006   -1.866430012220e+006    2.270745637712e+003   -2.674839172666e+002   -7.264791560938e+003
2.804431829999999e+008   -5.208734292859e+006    3.539402800498e+006   -2.767545428268e+006    3.109274186532e+003   -8.245762372481e+002   -6.902618780692e+003
2.804432430000002e+008   -5.010833969389e+006    3.482161568626e+006   -3.175279838875e+006    3.484935162699e+003   -1.082697681119e+003   -6.683540563418e+003
2.804433029999997e+008   -4.790853104482e+006    3.409575040060e+006   -3.568982401921e+006    3.845044845315e+003   -1.335920532436e+003   -6.435026814863e+003
2.804433629999999e+008   -4.549768130503e+006    3.321969007485e+006   -3.946918313662e+006    4.188133116593e+003   -1.583157999063e+003   -6.158195098768e+003
2.804434230000001e+008   -4.288644888062e+006    3.219728712200e+006   -4.307424022502e+006    4.512640088099e+003   -1.823349280227e+003   -5.854292834352e+003
2.804434829999997e+008   -4.008650486348e+006    3.103324779417e+006   -4.648919208559e+006    4.817130877559e+003   -2.055378776634e+003   -5.524677641641e+003
2.804435429999999e+008   -3.711017801497e+006    2.973265224072e+006   -4.969902143520e+006    5.100294362288e+003   -2.278266841717e+003   -5.170857348104e+003
2.804522390000003e+008    2.804225903947e+006   -2.540048430199e+006    5.752869825274e+006   -5.770740030979e+003    2.834893641027e+003    4.056340330907e+003
2.804522989999998e+008    2.452095376428e+006   -2.364516196053e+006    5.983443727611e+006   -5.962683099856e+003    3.013976569606e+003    3.626629823646e+003
2.804523590000001e+008    2.089229962304e+006   -2.178632928593e+006    6.187751511678e+006   -6.128460496097e+003    3.179813650998e+003    3.181096182034e+003
2.804524190000002e+008    1.717219240105e+006   -1.983213708738e+006    6.364900056722e+006   -6.267379161290e+003    3.331714040905e+003    2.721698250841e+003
2.804524789999998e+008    1.337693699169e+006   -1.779115181789e+006    6.514116673765e+006   -6.378878783414e+003    3.469032693363e+003    2.250365092531e+003
2.804525390000000e+008    9.523137499239e+005   -1.567230385117e+006    6.634748623691e+006   -6.462457521879e+003    3.591132295055e+003    1.769235865172e+003
2.804525990000002e+008    5.627666865976e+005   -1.348488363320e+006    6.726267122203e+006   -6.517756351525e+003    3.697549613329e+003    1.280399966757e+003
2.804526589999998e+008    1.707566687554e+005   -1.123844781494e+006    6.788274856537e+006   -6.544528337442e+003    3.787760655395e+003    7.857969743651e+002
2.804527189999999e+008   -2.219997916985e+005   -8.942846236337e+005    6.820494992653e+006   -6.542652077099e+003    3.861417981252e+003    2.878666777682e+002
2.804527790000001e+008   -6.137850518826e+005   -6.608104386183e+005    6.822787694028e+006   -6.512138090248e+003    3.918182953874e+003   -2.115409193392e+002
2.804528389999997e+008   -1.002884677187e+006   -4.244438265157e+005    6.795132628610e+006   -6.453134497185e+003    3.957778418613e+003   -7.099455860812e+002
2.804528989999999e+008   -1.387594332927e+006   -1.862187835207e+005    6.737650480350e+006   -6.365866571137e+003    3.980086856768e+003   -1.205466959702e+003
2.804529590000001e+008   -1.766228036031e+006    5.282112229928e+004    6.650584962707e+006   -6.250676358118e+003    3.984963965189e+003   -1.695674488264e+003
2.804530189999996e+008   -2.137125501465e+006    2.916306003353e+005    6.534312330962e+006   -6.108101392638e+003    3.972366967488e+003   -2.178707298342e+003
2.804530789999999e+008   -2.498659931100e+006    5.291612800637e+005    6.389332394791e+006   -5.938677409796e+003    3.942365719211e+003   -2.652264513675e+003
2.804531390000001e+008   -2.849243371570e+006    7.643727453633e+005    6.216271527484e+006   -5.743204118917e+003    3.895072529453e+003   -3.114394827686e+003
2.804531990000002e+008   -3.187335286320e+006    9.962317104778e+005    6.015878679824e+006   -5.522444057566e+003    3.830677384621e+003   -3.562926990314e+003
2.804532589999998e+008   -3.511445750205e+006    1.223721397232e+006    5.789026385710e+006   -5.277354105697e+003    3.749439259673e+003   -3.996099433157e+003
2.804533190000000e+008   -3.820147681265e+006    1.445840362891e+006    5.536699281961e+006   -5.008970963297e+003    3.651722146127e+003   -4.411770452800e+003
2.804533790000002e+008   -4.112078310181e+006    1.661611075964e+006    5.259996611098e+006   -4.718481370549e+003    3.537917119891e+003   -4.808268101457e+003
2.804534389999998e+008   -4.385946837356e+006    1.870083076573e+006    4.960126233923e+006   -4.407153726666e+003    3.408537100638e+003   -5.183740292828e+003
2.804534990000000e+008   -4.640541087928e+006    2.070336132072e+006    4.638397640467e+006   -4.076282907145e+003    3.264088955177e+003   -5.536584898207e+003
2.804535590000002e+008   -4.874733636698e+006    2.261487361930e+006    4.296219960264e+006   -3.727327568881e+003    3.105226611149e+003   -5.865139515953e+003
2.804536189999998e+008   -5.087483578494e+006    2.442689752912e+006    3.935091465149e+006   -3.361779227624e+003    2.932607898538e+003   -6.168021691226e+003
2.804536789999999e+008   -5.277844604152e+006    2.613142262916e+006    3.556597082836e+006   -2.981298605386e+003    2.747032346532e+003   -6.443798687697e+003
2.804537390000001e+008   -5.444970551493e+006    2.772091286596e+006    3.162400905999e+006   -2.587511236346e+003    2.549263056284e+003   -6.691237828128e+003
2.804537989999997e+008   -5.588112366263e+006    2.918827872618e+006    2.754236887193e+006   -2.182199291864e+003    2.340190187330e+003   -6.909186175050e+003
2.804538589999999e+008   -5.706634304540e+006    3.052705809994e+006    2.333904366005e+006   -1.767108125514e+003    2.120709535657e+003   -7.096710850820e+003
2.804539190000001e+008   -5.800003683488e+006    3.173127298861e+006    1.903256051729e+006   -1.344119695408e+003    1.891860281041e+003   -7.252898749266e+003
2.804539790000003e+008   -5.867801421536e+006    3.279558053603e+006    1.464193341180e+006   -9.150416960017e+002    1.654565053553e+003   -7.377086890545e+003
2.804540389999998e+008   -5.909723765256e+006    3.371525888869e+006    1.018656321423e+006   -4.818783246854e+002    1.409910780082e+003   -7.468661968056e+003
2.804540990000001e+008   -5.925580461062e+006    3.448622127630e+006    5.686133668570e+005   -4.650307497800e+001    1.158996214663e+003   -7.527220887230e+003
2.804541590000002e+008   -5.915298073721e+006    3.510504365337e+006    1.160551447254e+005    3.890857343029e+002    9.029985324588e+002   -7.552470347216e+003
2.804542189999998e+008   -5.878919981896e+006    3.556899025766e+006   -3.370163847833e+005    8.230515024588e+002    6.429348006334e+002   -7.544347317544e+003
2.804542790000000e+008   -5.816606491465e+006    3.587601025703e+006   -7.885967683778e+005    1.253239893111e+003    3.801229919559e+002   -7.502788237656e+003
2.804543390000002e+008   -5.728633424174e+006    3.602476020270e+006   -1.236688561863e+006    1.678044892494e+003    1.155913268450e+002   -7.428080451559e+003
2.804543989999998e+008   -5.615391099326e+006    3.601459279522e+006   -1.679309831855e+006    2.095291882779e+003   -1.493915055497e+002   -7.320540368464e+003
2.804544589999999e+008   -5.477383073252e+006    3.584558968801e+006   -2.114504657689e+006    2.503254757130e+003   -4.136996685326e+002   -7.180615132924e+003
2.804545190000002e+008   -5.315222602484e+006    3.551852668242e+006   -2.540349837329e+006    2.900113676596e+003   -6.761026797422e+002   -7.009001732688e+003
2.804545789999997e+008   -5.129629767109e+006    3.503487769141e+006   -2.954964892041e+006    3.284049709297e+003   -9.354385687920e+002   -6.806447160177e+003
2.804546389999999e+008   -4.921429975294e+006    3.439683654641e+006   -3.356522268721e+006    3.653352146892e+003   -1.190547697412e+003   -6.573878583935e+003
2.804546990000001e+008   -4.691546889850e+006    3.360724647020e+006   -3.743250151726e+006    4.006524570356e+003   -1.440386949889e+003   -6.312313526089e+003
2.804547590000003e+008   -4.441001292304e+006    3.266964823233e+006   -4.113446464501e+006    4.341906716319e+003   -1.683720078665e+003   -6.023029233986e+003
2.804548189999999e+008   -4.170903379472e+006    3.158822296448e+006   -4.465483682368e+006    4.658016761776e+003   -1.919609762756e+003   -5.707253258568e+003
2.804548800000003e+008   -3.877495178612e+006    3.034630715115e+006   -4.803178492241e+006    4.958257486935e+003   -2.150651496119e+003   -5.360541241955e+003
2.804549419999997e+008   -3.561219096471e+006    2.894269499251e+006   -5.123961678013e+006    5.240182127262e+003   -2.375318858778e+003   -4.983209139187e+003
2.804550019999999e+008   -3.239211489263e+006    2.745492047590e+006   -5.411445022663e+006    5.489501763111e+003   -2.582047845104e+003   -4.595983229289e+003
2.804550620000001e+008   -2.902968441393e+006    2.584649297232e+006   -5.675080521649e+006    5.714537839938e+003   -2.777353229729e+003   -4.188617318532e+003
2.804551339999999e+008   -2.482777332622e+006    2.376716783788e+006   -5.958350098536e+006    5.951259688540e+003   -2.995438977946e+003   -3.675881313627e+003
2.804551979999998e+008   -2.096012596457e+006    2.179231938948e+006   -6.178486312776e+006    6.130072329041e+003   -3.173314797459e+003   -3.200599424095e+003
2.804585630000000e+008   -1.257352543825e+006   -2.684623292830e+005    6.760422564176e+006   -6.403302342716e+003    3.967089710517e+003   -1.037813709639e+003
2.804586239999998e+008   -1.644812221276e+006   -2.604299419036e+004    6.681823226824e+006   -6.295537956507e+003    3.978011647903e+003   -1.538208893813e+003
2.804586850000002e+008   -2.024826481025e+006    2.164945467054e+005    6.572891764006e+006   -6.159281717296e+003    3.970931269811e+003   -2.031881196361e+003
2.804587449999998e+008   -2.389675851717e+006    4.541050348891e+005    6.436629403230e+006   -5.997958754139e+003    3.946453862168e+003   -2.508545012217e+003
2.804588050000000e+008   -2.744052392957e+006    6.897254619377e+005    6.272081902818e+006   -5.810304642224e+003    3.904635524406e+003   -2.974402400980e+003
2.804588650000002e+008   -3.086399281102e+006    9.223220475339e+005    6.079961186192e+006   -5.597110512750e+003    3.845683372870e+003   -3.427282065362e+003
2.804589249999998e+008   -3.415209722588e+006    1.150873769473e+006    5.861101758765e+006   -5.359257251113e+003    3.769843235839e+003   -3.865382560934e+003
2.804589849999999e+008   -3.729034685193e+006    1.374375611402e+006    5.616454220653e+006   -5.097770409900e+003    3.677428795965e+003   -4.286552204602e+003
2.804590450000002e+008   -4.026489954425e+006    1.591844412104e+006    5.347083778404e+006   -4.813794423036e+003    3.568812051553e+003   -4.689169118102e+003
2.804591049999997e+008   -4.306262695302e+006    1.802322768653e+006    5.054164755836e+006   -4.508528522362e+003    3.444489120418e+003   -5.071231327831e+003
2.804591649999999e+008   -4.567113476081e+006    2.004881571306e+006    4.738977097441e+006   -4.183324619626e+003    3.304964516841e+003   -5.431196612338e+003
2.804592250000001e+008   -4.807887172565e+006    2.198627189583e+006    4.402898386427e+006   -3.839543018348e+003    3.150811611881e+003   -5.767362733088e+003
2.804592849999997e+008   -5.027515169219e+006    2.382703174399e+006    4.047401548370e+006   -3.478695397368e+003    2.982738744711e+003   -6.078217199544e+003
2.804593449999999e+008   -5.225021337972e+006    2.556294986184e+006    3.674046061140e+006   -3.102416667727e+003    2.801478419432e+003   -6.362337319924e+003
2.804594050000001e+008   -5.399526784382e+006    2.718633974570e+006    3.284472662794e+006   -2.712266149252e+003    2.607769819686e+003   -6.618580525280e+003
2.804594650000003e+008   -5.550252845011e+006    2.869000167449e+006    2.880395056562e+006   -2.310077562021e+003    2.402511001204e+003   -6.845723793308e+003
2.804595249999998e+008   -5.676526916194e+006    3.006726987739e+006    2.463592920538e+006   -1.897537537376e+003    2.186631714885e+003   -7.042594339211e+003
2.804633979999999e+008    3.935918613384e+006   -3.052534326055e+006    4.755815324459e+006   -4.912263246908e+003    2.105403447354e+003    5.407877865061e+003
2.804634580000001e+008    3.632771526324e+006   -2.919611326353e+006    5.069599029930e+006   -5.188887843199e+003    2.323673907739e+003    5.047787170159e+003
2.804635179999997e+008    3.313704966264e+006   -2.773895099612e+006    5.361105679012e+006   -5.442721977085e+003    2.531697499713e+003    4.665598937290e+003
2.804635779999999e+008    2.980123262589e+006   -2.616026785650e+006    5.629062458423e+006   -5.672639878014e+003    2.728579597785e+003    4.263031296945e+003
2.804636380000001e+008    2.633488193840e+006   -2.446701150799e+006    5.872296959103e+006   -5.877666797800e+003    2.913474086717e+003    3.841842627297e+003
2.804636979999996e+008    2.275321595947e+006   -2.266662041429e+006    6.089746672203e+006   -6.056885356598e+003    3.085552959777e+003    3.403851400634e+003
2.804637579999999e+008    1.907193504729e+006   -2.076700118034e+006    6.280462508460e+006   -6.209584517214e+003    3.244123694193e+003    2.951046431094e+003
2.804638180000001e+008    1.530717231383e+006   -1.877648388320e+006    6.443610306406e+006   -6.335072195985e+003    3.388430301956e+003    2.485266560394e+003
2.804638780000002e+008    1.147541747241e+006   -1.670379263664e+006    6.578479844895e+006   -6.432816274578e+003    3.517923400239e+003    2.008750900410e+003
2.804639379999998e+008    7.593442237158e+005   -1.455800544018e+006    6.684481855403e+006   -6.502399619802e+003    3.632000740180e+003    1.523368746852e+003
2.804639980000000e+008    3.678240397815e+005   -1.234851872465e+006    6.761153031939e+006   -6.543537057434e+003    3.730183285800e+003    1.031409616186e+003
2.804640580000002e+008   -2.530572628505e+004   -1.008498925336e+006    6.808154545142e+006   -6.556051666662e+003    3.812065454761e+003    5.348032037488e+002
2.804641179999998e+008   -4.183244474939e+005   -7.777330985821e+005    6.825277552292e+006   -6.539864882132e+003    3.877253092742e+003    3.583936569355e+001
2.804641780000000e+008   -8.095129949618e+005   -5.435634386065e+005    6.812447712401e+006   -6.495034267858e+003    3.925506363654e+003   -4.633418135626e+002
2.804642380000002e+008   -1.197158922576e+006   -3.070135700451e+005    6.769715694763e+006   -6.421773762028e+003    3.956550204622e+003   -9.605799971548e+002
2.804642979999998e+008   -1.579562464170e+006   -6.911961905600e+004    6.697261188807e+006   -6.320391545510e+003    3.970285309378e+003   -1.453714686795e+003
2.804643579999999e+008   -1.955048501894e+006    1.690775927558e+005    6.595396423914e+006   -6.191285973513e+003    3.966633976293e+003   -1.940565236624e+003
2.804644180000001e+008   -2.321970039162e+006    4.065339903726e+005    6.464559675120e+006   -6.034985408773e+003    3.945632090224e+003   -2.419100784367e+003
2.804644779999997e+008   -2.678716058482e+006    6.422090755526e+005    6.305316276209e+006   -5.852221361969e+003    3.907268777491e+003   -2.887140139658e+003
2.804645379999999e+008   -3.023719353362e+006    8.750693652099e+005    6.118355132599e+006   -5.643712372282e+003    3.851821563724e+003   -3.342652119777e+003
2.804645980000001e+008   -3.355462046296e+006    1.104092392754e+006    5.904487230492e+006   -5.410366847082e+003    3.779426945461e+003   -3.783695240249e+003
2.804646580000003e+008   -3.672482571736e+006    1.328271064845e+006    5.664642648429e+006   -5.153155158519e+003    3.690399081158e+003   -4.208237907385e+003
2.804647179999999e+008   -3.973383768479e+006    1.546620903145e+006    5.399865570771e+006   -4.873223557148e+003    3.585163149802e+003   -4.614478236747e+003
2.804647780000001e+008   -4.256835586113e+006    1.758178999863e+006    5.111309292048e+006   -4.571736808249e+003    3.464133273611e+003   -5.000554314229e+003
2.804648380000002e+008   -4.521584827454e+006    1.962012685092e+006    4.800234233193e+006   -4.250018606941e+003    3.327782337152e+003   -5.364823964959e+003
2.804648979999998e+008   -4.766459600475e+006    2.157223071236e+006    4.468000948941e+006   -3.909482813296e+003    3.176777791113e+003   -5.705594858269e+003
2.804649580000000e+008   -4.990371346161e+006    2.342946006149e+006    4.116063131162e+006   -3.551549921904e+003    3.011692342478e+003   -6.021364657394e+003
2.804650180000002e+008   -5.192329818750e+006    2.518365072630e+006    3.745966833816e+006   -3.177842658597e+003    2.833305160674e+003   -6.310680687235e+003
2.804650779999998e+008   -5.371428282218e+006    2.682693904788e+006    3.359334448046e+006   -2.789996653788e+003    2.642357938218e+003   -6.572280253697e+003
2.804651379999999e+008   -5.526875167633e+006    2.835211949472e+006    2.957868755320e+006   -2.389686922247e+003    2.439690636745e+003   -6.804960594081e+003
2.804651980000002e+008   -5.657974249617e+006    2.975240697351e+006    2.543337094077e+006   -1.978682085930e+003    2.226208098493e+003   -7.007668790665e+003
2.804652579999997e+008   -5.764139004471e+006    3.102157832352e+006    2.117566383720e+006   -1.558848937109e+003    2.002804364412e+003   -7.179431766770e+003
2.804653179999999e+008   -5.844896458685e+006    3.215403056288e+006    1.682436231146e+006   -1.132005691437e+003    1.770544492861e+003   -7.319566516900e+003
2.804653780000001e+008   -5.899879486791e+006    3.314469076580e+006    1.239866517791e+006   -7.001195520793e+002    1.530427545437e+003   -7.427309796416e+003
2.804654380000003e+008   -5.928842872985e+006    3.398917861679e+006    7.918142264915e+005   -2.650070505964e+002    1.283496040839e+003   -7.502268603898e+003
2.804654979999999e+008   -5.931655251566e+006    3.468375320273e+006    3.402604281320e+005    1.712826809878e+002    1.030909795419e+003   -7.543989554272e+003
2.804655580000001e+008   -5.908300746203e+006    3.522533303723e+006   -1.127987156091e+005    6.068866110980e+002    7.736971295210e+002   -7.552379571509e+003
2.804656180000003e+008   -5.858881929103e+006    3.561152267129e+006   -5.653583473278e+005    1.039805417191e+003    5.130920009704e+002   -7.527365348351e+003
2.804656779999998e+008   -5.783616349125e+006    3.584061101229e+006   -1.015417019556e+006    1.468118607623e+003    2.502419002478e+002   -7.469053709909e+003
2.804657380000001e+008   -5.682838497471e+006    3.591161187281e+006   -1.460984091379e+006    1.889929307443e+003   -1.367133157509e+001   -7.377691518169e+003
2.804657980000002e+008   -5.556996720171e+006    3.582422136354e+006   -1.900090033667e+006    2.303282753977e+003   -2.774756577089e+002   -7.253765541772e+003
2.804658579999998e+008   -5.406648723885e+006    3.557885747826e+006   -2.330793436191e+006    2.706474869858e+003   -5.400609143512e+002   -7.097742959563e+003
2.804659180000000e+008   -5.232463746442e+006    3.517662969759e+006   -2.751192604256e+006    3.097579113229e+003   -8.001648741455e+002   -6.910400582042e+003
2.804659780000002e+008   -5.035215469130e+006    3.461936295794e+006   -3.159432270103e+006    3.474938121578e+003   -1.056681792936e+003   -6.692575664550e+003
2.804660379999998e+008   -4.815780279713e+006    3.390954913674e+006   -3.553711695974e+006    3.836884490308e+003   -1.308431740427e+003   -6.445245442730e+003
2.804660979999999e+008   -4.575131645924e+006    3.305035370204e+006   -3.932294583226e+006    4.181787937230e+003   -1.554375396390e+003   -6.169537219348e+003
2.804661580000001e+008   -4.314339394193e+006    3.204566586094e+006   -4.293515573278e+006    4.508127494160e+003   -1.793347289445e+003   -5.866738468995e+003
2.804662179999997e+008   -4.034557856454e+006    3.089992332518e+006   -4.635786567701e+006    4.814487430976e+003   -2.024327333397e+003   -5.538146844122e+003
2.804662779999999e+008   -3.737025659971e+006    2.961823207021e+006   -4.957606028002e+006    5.099541972445e+003   -2.246295967846e+003   -5.185270143615e+003
2.804663380000001e+008   -3.423061237042e+006    2.820630121731e+006   -5.257563783232e+006    5.362097817015e+003   -2.458322750983e+003   -4.809666385875e+003
2.804663979999996e+008   -3.094048592163e+006    2.667036526080e+006   -5.534347053492e+006    5.600961502873e+003   -2.659450366704e+003   -4.413043587925e+003
2.804744190000001e+008    5.323477608291e+006   -3.532789501164e+006    2.575051362006e+006   -2.929317157995e+003    6.833857814832e+002    6.984724497855e+003
2.804744900000003e+008    5.099348721250e+006   -3.473462315532e+006    3.062519495324e+006   -3.380842869250e+003    9.869215883577e+002    6.739762797961e+003
2.804745599999997e+008    4.847693476652e+006   -3.394073407117e+006    3.524660510936e+006   -3.805647600994e+003    1.280173728792e+003    6.457687120675e+003
2.804746230000000e+008    4.596407452897e+006   -3.305278990846e+006    3.922618298063e+006   -4.168459653710e+003    1.537510819618e+003    6.170798934613e+003
2.804746839999998e+008    4.331905971501e+006   -3.204068556733e+006    4.289836128502e+006   -4.500404166160e+003    1.779561860313e+003    5.864599810997e+003
2.804747500000001e+008    4.023649989220e+006   -3.078221846108e+006    4.665144786613e+006   -4.836529634110e+003    2.032228447757e+003    5.503377926451e+003
2.804748109999999e+008    3.719731504054e+006   -2.947374737816e+006    4.990001071235e+006   -5.124273263699e+003    2.256132219018e+003    5.143576009689e+003
2.804748809999999e+008    3.350298468189e+006   -2.780811627267e+006    5.334774107653e+006   -5.425710845022e+003    2.500379563764e+003    4.702167230479e+003
2.804749419999998e+008    3.011995561293e+006   -2.622107492482e+006    5.609278570483e+006   -5.662072284543e+003    2.701026544201e+003    4.294550606422e+003
2.804750069999998e+008    2.636539286739e+006   -2.439951038877e+006    5.873732051076e+006   -5.885475558557e+003    2.901305005053e+003    3.839022838530e+003
2.804750670000001e+008    2.277895793723e+006   -2.260656514206e+006    6.091009003395e+006   -6.064906370366e+003    3.072952495749e+003    3.400972231433e+003
2.804751270000002e+008    1.909279876251e+006   -2.071465450350e+006    6.281546112114e+006   -6.217768134501e+003    3.231087610815e+003    2.948027762836e+003
2.804751869999998e+008    1.532306597837e+006   -1.873207647211e+006    6.444512210740e+006   -6.343405847979e+003    3.375051585821e+003    2.482208338412e+003
2.804753520000000e+008    4.661164148687e+005   -1.288464080262e+006    6.745133563475e+006   -6.544441629335e+003    3.693129446271e+003    1.151658751947e+003
2.804754120000002e+008    7.271716457701e+004   -1.064217220352e+006    6.799379986418e+006   -6.564116971531e+003    3.778978953630e+003    6.559542290006e+002
2.804754719999998e+008   -3.210008037902e+005   -8.353137642432e+005    6.823789615775e+006   -6.555076472604e+003    3.848274987214e+003    1.573422213280e+002
2.804755339999998e+008   -7.263470484087e+005   -5.949518030914e+005    6.817554664323e+006   -6.515581140476e+003    3.902250107422e+003   -3.585700579833e+002
2.804755970000001e+008   -1.134743545632e+006   -3.478695154159e+005    6.778485955694e+006   -6.444253681773e+003    3.938405007446e+003   -8.812149550999e+002
2.804756570000003e+008   -1.518629458743e+006   -1.109736200592e+005    6.710774374394e+006   -6.347364381132e+003    3.955156621781e+003   -1.375162306838e+003
2.804757169999999e+008   -1.895865398548e+006    1.264085981221e+005    6.613591469706e+006   -6.222648239895e+003    3.954595510672e+003   -1.863105724661e+003
2.804757789999999e+008   -2.276932111316e+006    3.711103403717e+005    6.482654604174e+006   -6.065068046575e+003    3.935825101924e+003   -2.359003459571e+003
2.804758390000001e+008   -2.635580692027e+006    6.062776561598e+005    6.326975303476e+006   -5.885535428162e+003    3.900131150140e+003   -2.828467665702e+003
2.804758990000003e+008   -2.982675471320e+006    8.387872708134e+005    6.143482057286e+006   -5.680101513503e+003    3.847276684959e+003   -3.285824793310e+003
2.804759589999998e+008   -3.316689928359e+006    1.067619040101e+006    5.932972335556e+006   -5.449693842523e+003    3.777559045619e+003   -3.728773317480e+003
2.804859599999998e+008    4.732586258652e+006   -3.341225520735e+006    3.725903973738e+006   -3.992567873100e+003    1.400746087757e+003    6.317900892988e+003
2.804860200000000e+008    4.482827812165e+006   -3.249913310935e+006    4.096504854213e+006   -4.329679386729e+003    1.641834405011e+003    6.030940448265e+003
2.804860800000002e+008    4.213408051695e+006   -3.144348273480e+006    4.449089978089e+006   -4.647655510767e+003    1.875670313536e+003    5.717628491719e+003
2.804861399999998e+008    3.925517729826e+006   -3.024997703357e+006    4.782115983842e+006   -4.945191719289e+003    2.101179294134e+003    5.379192851298e+003
2.804861999999999e+008    3.620422040443e+006   -2.892388383329e+006    5.094123086095e+006   -5.220971185806e+003    2.317433357840e+003    5.017241342371e+003
2.804862600000001e+008    3.299462328931e+006   -2.747104790099e+006    5.383746572944e+006   -5.473775252988e+003    2.523484424430e+003    4.633371939067e+003
2.804863199999997e+008    2.964049965980e+006   -2.589787684154e+006    5.649721115992e+006   -5.702558689070e+003    2.718426425372e+003    4.229192899693e+003
2.804863799999999e+008    2.615658072632e+006   -2.421128436077e+006    5.890884284087e+006   -5.906299506989e+003    2.901404391865e+003    3.806622523205e+003
2.804864400000001e+008    2.255813739674e+006   -2.241868199748e+006    6.106184556035e+006   -6.084135705380e+003    3.071663915045e+003    3.367349373326e+003
2.804865000000003e+008    1.886094195217e+006   -2.052793731275e+006    6.294677827027e+006   -6.235338884029e+003    3.228430189259e+003    2.913432230692e+003
2.804865619999997e+008    1.495396343789e+006   -1.847987195234e+006    6.460420948501e+006   -6.362899110320e+003    3.375573182060e+003    2.431056125587e+003
2.804866219999999e+008    1.110630651354e+006   -1.641554751988e+006    6.591998951362e+006   -6.458004835696e+003    3.502953092736e+003    1.953356283420e+003
2.804866820000001e+008    7.210042682688e+005   -1.427938687780e+006    6.694651666662e+006   -6.524842156191e+003    3.614952715426e+003    1.467179705715e+003
2.804867420000003e+008    3.282228033063e+005   -1.208073608560e+006    6.767927274282e+006   -6.563144916476e+003    3.711145758191e+003    9.744659415872e+002
2.804868019999998e+008   -6.599493931504e+004   -9.829218782634e+005    6.811503431468e+006   -6.572713745154e+003    3.791107789445e+003    4.775546494449e+002
2.804868620000001e+008   -4.599248393663e+005   -7.534687102740e+005    6.825188785897e+006   -6.553527648909e+003    3.854477953513e+003   -2.153421946480e+001
2.804869220000002e+008   -8.518426558028e+005   -5.207172241202e+005    6.808917484348e+006   -6.505646589645e+003    3.901012213098e+003   -5.206605764743e+002
2.804869819999998e+008   -1.240031489506e+006   -2.856859153040e+005    6.762754184982e+006   -6.429291309702e+003    3.930445562515e+003   -1.017594072161e+003
2.804870420000000e+008   -1.622791465675e+006   -4.940317838654e+004    6.686898073352e+006   -6.324747299135e+003    3.942701475987e+003   -1.510064242770e+003
2.804871020000002e+008   -1.998444013715e+006    1.870955351558e+005    6.581672369499e+006   -6.192478745122e+003    3.937651218283e+003   -1.996140336682e+003
2.804871619999998e+008   -2.365341571234e+006    4.227746151166e+005    6.447531344068e+006   -6.033012343953e+003    3.915360829318e+003   -2.473631490997e+003
2.804872219999999e+008   -2.721872644021e+006    6.566001031491e+005    6.285052826629e+006   -5.847040025283e+003    3.875925146960e+003   -2.940356572590e+003
2.804872820000001e+008   -3.066469927024e+006    8.875469372677e+005    6.094939719229e+006   -5.635348910980e+003    3.819432812172e+003   -3.394394294059e+003
2.804873419999997e+008   -3.397617120491e+006    1.114599959865e+006    5.878019007533e+006   -5.398862554474e+003    3.746170441819e+003   -3.833663136421e+003
2.804874019999999e+008   -3.713855206401e+006    1.336761312517e+006    5.635231771379e+006   -5.138549556404e+003    3.656439792395e+003   -4.256261506897e+003
2.804874620000001e+008   -4.013788586338e+006    1.553053263067e+006    5.367635694896e+006   -4.855562556843e+003    3.550596918927e+003   -4.660317510695e+003
2.804875220000003e+008   -4.296092997661e+006    1.762523795106e+006    5.076398079648e+006   -4.551100333842e+003    3.429102519261e+003   -5.044069173133e+003
2.804875819999999e+008   -4.559517793009e+006    1.964247822931e+006    4.762789848391e+006   -4.226518020968e+003    3.292496655241e+003   -5.405714261287e+003
2.804876420000001e+008   -4.802895804739e+006    2.157335037810e+006    4.428182561494e+006   -3.883134795281e+003    3.141311306830e+003   -5.743740601487e+003
2.804876979999999e+008   -5.011008574592e+006    2.329003482977e+006    4.098231084781e+006   -3.547071748618e+003    2.987661940837e+003   -6.036515088522e+003
