2.811455980000002e+008    3.851051595908e+006   -2.360911094249e+006    5.197796191566e+006   -5.581904449201e+003    1.677940246811e+003    4.881271669561e+003
2.811456579999997e+008    3.507948132168e+006   -2.255136457397e+006    5.479041414760e+006   -5.850738558404e+003    1.846560996197e+003    4.490116210383e+003
2.811457179999999e+008    3.149476613726e+006   -2.139482714613e+006    5.736217060327e+006   -6.093922811604e+003    2.007095886129e+003    4.079248640221e+003
2.811457780000001e+008    2.777208419459e+006   -2.014457606506e+006    5.968195548042e+006   -6.310446067710e+003    2.158822085192e+003    3.650537283293e+003
2.811458380000003e+008    2.392776925153e+006   -1.880609607374e+006    6.173962195093e+006   -6.499283943713e+003    2.301072893189e+003    3.205800444823e+003
2.811458979999999e+008    1.997865473628e+006   -1.738524739944e+006    6.352614235790e+006   -6.659657827849e+003    2.433264055007e+003    2.747026833748e+003
2.811459580000001e+008    1.594202973937e+006   -1.588826303189e+006    6.503364328737e+006   -6.790870810740e+003    2.554790581886e+003    2.276165290809e+003
2.811460180000003e+008    1.183557498363e+006   -1.432168587318e+006    6.625551067545e+006   -6.892355198773e+003    2.665150009312e+003    1.795214871715e+003
2.811460779999998e+008    7.677275567561e+005   -1.269237230249e+006    6.718633995003e+006   -6.963625951006e+003    2.763813186554e+003    1.306334765519e+003
2.811461380000001e+008    3.485338521630e+005   -1.100745813216e+006    6.782202116650e+006   -7.004434504463e+003    2.850408002634e+003    8.117845532821e+002
2.811461980000002e+008   -7.218718205372e+004   -9.274322112522e+005    6.815969911448e+006   -7.014536208448e+003    2.924518770721e+003    3.134138198266e+002
2.811462579999998e+008   -4.925932743011e+005   -7.500555942899e+005    6.819790848025e+006   -6.993902022070e+003    2.985827651503e+003   -1.863774941228e+002
2.811463220000003e+008   -9.386014968306e+005   -5.572489313879e+005    6.790817599265e+006   -6.938079550235e+003    3.036785981658e+003   -7.186565532946e+002
2.811463860000002e+008   -1.379928158006e+006   -3.616638113691e+005    6.727870826806e+006   -6.847653246871e+003    3.072611407160e+003   -1.247622586285e+003
2.811464500000001e+008   -1.814369432882e+006   -1.642763837311e+005    6.631249901697e+006   -6.723033276444e+003    3.093093474283e+003   -1.770504932763e+003
2.811465120000001e+008   -2.226604203876e+006    2.775652703978e+004    6.506018081166e+006   -6.570100150782e+003    3.098360035984e+003   -2.268604001032e+003
2.811465720000003e+008   -2.615631998790e+006    2.134651822439e+005    6.355676697155e+006   -6.392770536437e+003    3.089540110457e+003   -2.740913368304e+003
2.811466319999998e+008   -2.993171364806e+006    3.982346864426e+005    6.177347053986e+006   -6.187287503742e+003    3.067127885447e+003   -3.201319138368e+003
2.811466920000001e+008   -3.357558484301e+006    5.812549532528e+005    5.971796909085e+006   -5.954523527370e+003    3.031242989263e+003   -3.647909884714e+003
2.811467520000002e+008   -3.707187271339e+006    7.617201844439e+005    5.739919114094e+006   -5.695426981742e+003    2.981998014991e+003   -4.078594057504e+003
2.811468119999998e+008   -4.040507095760e+006    9.388338490716e+005    5.482728111398e+006   -5.411207752632e+003    2.919608987134e+003   -4.491439677006e+003
2.811468720000000e+008   -4.356048430048e+006    1.111816492277e+006    5.201341476169e+006   -5.102953503248e+003    2.844317631363e+003   -4.884694961258e+003
2.811469320000002e+008   -4.652406495665e+006    1.279903698676e+006    4.896986389692e+006   -4.772134332827e+003    2.756458258175e+003   -5.256627502086e+003
2.811469919999998e+008   -4.928274022361e+006    1.442353095968e+006    4.571004692969e+006   -4.420093104691e+003    2.656446529635e+003   -5.605475094344e+003
2.811470519999999e+008   -5.182421197508e+006    1.598445317438e+006    4.224821354118e+006   -4.048399088840e+003    2.544660032271e+003   -5.929745166852e+003
2.811471120000002e+008   -5.413719631321e+006    1.747490043880e+006    3.859957007643e+006   -3.658758798760e+003    2.421624365842e+003   -6.227904918239e+003
2.811471719999997e+008   -5.621134479283e+006    1.888825261070e+006    3.478017441583e+006   -3.252676782690e+003    2.287795620490e+003   -6.498681879141e+003
2.811472319999999e+008   -5.803744104031e+006    2.021825912906e+006    3.080686829876e+006   -2.832112111023e+003    2.143846534473e+003   -6.740782830861e+003
2.811472920000001e+008   -5.960730841430e+006    2.145899397169e+006    2.669717917125e+006   -2.398830533640e+003    1.990357910065e+003   -6.953124873642e+003
2.811473519999997e+008   -6.091393498876e+006    2.260496106867e+006    2.246926739411e+006   -1.954925815343e+003    1.828071465892e+003   -7.134714566864e+003
2.811474119999999e+008   -6.195148673614e+006    2.365106772497e+006    1.814183126301e+006   -1.502326754758e+003    1.657653188670e+003   -7.284738741932e+003
2.811474720000001e+008   -6.271532792818e+006    2.459268459393e+006    1.373402204437e+006   -1.042871533495e+003    1.479841492568e+003   -7.402544374387e+003
2.811475320000002e+008   -6.320203901468e+006    2.542562448846e+006    9.265358003375e+005   -5.788153796572e+002    1.295531358777e+003   -7.487527754273e+003
2.811475919999998e+008   -6.340943266644e+006    2.614618673734e+006    4.755636432020e+005   -1.121836502456e+002    1.105409967058e+003   -7.539355555529e+003
2.811476520000000e+008   -6.333659370182e+006    2.675119455942e+006    2.248367157118e+004    3.549146178307e+002    9.104968319727e+002   -7.557754300438e+003
2.811477120000002e+008   -6.298383211334e+006    2.723795168108e+006   -4.306974745261e+005    8.204386505638e+002    7.115457896635e+002   -7.542660635025e+003
2.811477719999998e+008   -6.235271958204e+006    2.760438070418e+006   -8.819669469851e+005    1.282052234205e+003    5.094768248381e+002   -7.494230717333e+003
2.811478320000000e+008   -6.144633384326e+006    2.784889291702e+006   -1.329331450532e+006    1.738379400332e+003    3.051261189847e+002   -7.412472270594e+003
2.811478920000002e+008   -6.026828509070e+006    2.797030254638e+006   -1.770807501430e+006    2.186784743093e+003    9.953275193913e+001   -7.297980961231e+003
2.811479530000000e+008   -5.879787911491e+006    2.796715333822e+006   -2.211592678476e+006    2.632498090793e+003   -1.099662521395e+002   -7.148475416061e+003
2.811480130000002e+008   -5.708981781092e+006    2.783956625105e+006   -2.635291365470e+006    3.059061397210e+003   -3.153079404461e+002   -6.969578499931e+003
2.811480729999998e+008   -5.512980840669e+006    2.758911610568e+006   -3.047328486280e+006    3.471589179234e+003   -5.187993806115e+002   -6.760248636882e+003
2.811481599999999e+008   -5.148309452175e+006    2.670168820131e+006   -3.598389360890e+006    4.110160031695e+003   -8.695538620019e+002   -6.363293046841e+003
2.811483010000002e+008   -4.555475750907e+006    2.554652793700e+006   -4.475639733101e+006    4.887261103009e+003   -1.266808184838e+003   -5.700064588958e+003
2.811483609999998e+008   -4.252272077942e+006    2.473038376061e+006   -4.807498045366e+006    5.208226408657e+003   -1.450110155088e+003   -5.359044726140e+003
2.811484210000000e+008   -3.930648574848e+006    2.380619951829e+006   -5.118172294049e+006    5.508336219938e+003   -1.627408175941e+003   -4.994590638956e+003
2.811484810000002e+008   -3.591752009109e+006    2.277814072634e+006   -5.406346093293e+006    5.784024645990e+003   -1.798067178322e+003   -4.607776500033e+003
2.811485409999998e+008   -3.237075038957e+006    2.165010343104e+006   -5.670706496030e+006    6.034246174357e+003   -1.960985799199e+003   -4.200680559806e+003
2.811563989999998e+008    6.088021649383e+006   -2.788560674335e+006    1.614734729747e+006   -2.047071641405e+003   -1.666525255183e+002    7.320571508319e+003
2.811564600000002e+008    5.949740808181e+006   -2.792306416360e+006    2.057465024015e+006   -2.482586813503e+003    4.069003864548e+001    7.186869674097e+003
2.811565210000000e+008    5.789185128548e+006   -2.785873362199e+006    2.491647427896e+006   -2.913672765020e+003    2.417418260158e+002    7.017620293395e+003
2.811565810000002e+008    5.601793183684e+006   -2.765264434877e+006    2.906911739747e+006   -3.330385310555e+003    4.449186152370e+002    6.819597601908e+003
2.811566409999998e+008    5.389833095252e+006   -2.732528889499e+006    3.309392080148e+006   -3.732172049675e+003    6.457769196268e+002    6.591760487131e+003
2.811567009999999e+008    5.154235883930e+006   -2.687811060458e+006    3.697320225949e+006   -4.117907096130e+003    8.440834684921e+002    6.334637106953e+003
2.811567610000002e+008    4.896042354249e+006   -2.631309278759e+006    4.068992572900e+006   -4.485381656270e+003    1.038540924752e+003    6.049893808321e+003
2.811568209999997e+008    4.616324878771e+006   -2.563318824397e+006    4.422876560967e+006   -4.832705386680e+003    1.228678452740e+003    5.738067494179e+003
2.811568809999999e+008    4.316453550378e+006   -2.484035590892e+006    4.757197050240e+006   -5.159304335926e+003    1.413099295019e+003    5.401777167171e+003
2.811569410000001e+008    3.997659514110e+006   -2.393869040085e+006    5.070616317151e+006   -5.463273093659e+003    1.591312662260e+003    5.041739704932e+003
2.811570010000003e+008    3.661380112051e+006   -2.293181535193e+006    5.361776504920e+006   -5.743434443666e+003    1.762303627623e+003    4.659393145434e+003
2.811570609999999e+008    3.308994554623e+006   -2.182505762580e+006    5.629330343152e+006   -5.997987394415e+003    1.925942426654e+003    4.257064555488e+003
2.811571210000001e+008    2.942129958362e+006   -2.062250911346e+006    5.872203664428e+006   -6.226360249923e+003    2.081017234454e+003    3.835722947918e+003
2.811571810000002e+008    2.562375233266e+006   -1.932962567436e+006    6.089277356850e+006   -6.427452425910e+003    2.226966179453e+003    3.397526507882e+003
2.811572409999998e+008    2.171398831345e+006   -1.795206087082e+006    6.279606178370e+006   -6.600412864068e+003    2.363133985886e+003    2.944393821612e+003
2.811573010000000e+008    1.770949419402e+006   -1.649576577112e+006    6.442309755076e+006   -6.744338804059e+003    2.489000465960e+003    2.478383397864e+003
2.811573610000002e+008    1.362663064285e+006   -1.496742812635e+006    6.576805393040e+006   -6.858867223697e+003    2.603897826362e+003    2.001614616364e+003
2.811574209999998e+008    9.484479967979e+005   -1.337341841695e+006    6.682364456889e+006   -6.943267186259e+003    2.707437080044e+003    1.515836271196e+003
2.811574810000000e+008    5.300774948901e+005   -1.172082110568e+006    6.758566527714e+006   -6.997334134234e+003    2.799112136893e+003    1.023368007830e+003
2.811575410000002e+008    1.093843416124e+005   -1.001686973984e+006    6.805072589157e+006   -7.020710343772e+003    2.878548937110e+003    5.263492286513e+002
2.811576009999998e+008   -3.117881055851e+005   -8.269019022875e+005    6.821673106717e+006   -7.013301582106e+003    2.945392764273e+003    2.685976550442e+001
2.811576609999999e+008   -7.315942273459e+005   -6.484923899841e+005    6.808290541380e+006   -6.975143303278e+003    2.999326248096e+003   -4.727603366787e+002
2.811577210000001e+008   -1.148192644044e+006   -4.672396410509e+005    6.764975360394e+006   -6.906404803315e+003    3.040155328568e+003   -9.706308099475e+002
2.811577810000004e+008   -1.559755378265e+006   -2.839365269167e+005    6.691906552369e+006   -6.807359509916e+003    3.067640818744e+003   -1.464271218326e+003
2.811578409999999e+008   -1.964493952711e+006   -9.942499883333e+004    6.589514168099e+006   -6.679915639032e+003    3.078606934196e+003   -1.942118595178e+003
2.811579010000001e+008   -2.360571549150e+006    8.559762260831e+004    6.457886686168e+006   -6.520037571608e+003    3.082183813345e+003   -2.430589103438e+003
2.811579610000003e+008   -2.746303197489e+006    2.702065478503e+005    6.297940822322e+006   -6.332994670105e+003    3.069175177002e+003   -2.899094572098e+003
2.811580209999999e+008   -3.119970611158e+006    4.536298351162e+005    6.110252744934e+006   -6.118046644954e+003    3.042640750172e+003   -3.354956069076e+003
2.811580810000001e+008   -3.479926756366e+006    6.350613108643e+005    5.895634236911e+006   -5.876080432206e+003    3.002744626610e+003   -3.796322141831e+003
2.811581410000002e+008   -3.824581226587e+006    8.137001351070e+005    5.655022173650e+006   -5.608168023432e+003    2.949614281598e+003   -4.221191038318e+003
2.811582009999998e+008   -4.152408892671e+006    9.887576507860e+005    5.389461537421e+006   -5.315435257306e+003    2.883468740937e+003   -4.627610914547e+003
2.811582610000000e+008   -4.461960823571e+006    1.159465349040e+006    5.100114935526e+006   -4.999147953781e+003    2.804580187746e+003   -5.013829696499e+003
2.811583210000002e+008   -4.751863041314e+006    1.325067041018e+006    4.788245597880e+006   -4.660690867514e+003    2.713353093294e+003   -5.378055110247e+003
2.811583809999998e+008   -5.020829175835e+006    1.484831048511e+006    4.455220898189e+006   -4.301538139199e+003    2.610085481737e+003   -5.718714741813e+003
2.811584409999999e+008   -5.267662597700e+006    1.638050332522e+006    4.102502557414e+006   -3.923224199259e+003    2.495273838360e+003   -6.034246069600e+003
2.811585010000002e+008   -5.491369678487e+006    1.784171213402e+006    3.731755334346e+006   -3.526410516708e+003    2.368120840462e+003   -6.324378055860e+003
2.811585609999997e+008   -5.690684771896e+006    1.922212178883e+006    3.344320424273e+006   -3.115538985963e+003    2.232630902258e+003   -6.584823277214e+003
2.811586209999999e+008   -5.864989720022e+006    2.051891545499e+006    2.942155510168e+006   -2.689563391569e+003    2.085894330092e+003   -6.817013577449e+003
2.811586810000001e+008   -6.013307760871e+006    2.172435277621e+006    2.526930567603e+006   -2.252480734012e+003    1.930684192642e+003   -7.018752318638e+003
2.811587409999997e+008   -6.135075364129e+006    2.283393405634e+006    2.100515260181e+006   -1.805416842769e+003    1.766887513037e+003   -7.189417674142e+003
2.811588009999999e+008   -6.229768822839e+006    2.384286841726e+006    1.664817014922e+006   -1.349919583020e+003    1.595007231794e+003   -7.328457101258e+003
2.811588610000001e+008   -6.296941508319e+006    2.474651595163e+006    1.221745584950e+006   -8.883419037046e+002    1.415999542771e+003   -7.435126725511e+003
2.811589210000003e+008   -6.336288237020e+006    2.554081862032e+006    7.732608563356e+005   -4.227746240029e+002    1.230698838238e+003   -7.508813104817e+003
2.811589809999998e+008   -6.347633060918e+006    2.622225409524e+006    3.213499279898e+005    4.472070569381e+001    1.039910598308e+003   -7.549282846541e+003
2.811590410000001e+008   -6.330924561043e+006    2.678780278015e+006   -1.319846961635e+005    5.120249548060e+002    8.445463901616e+002   -7.556272459185e+003
2.811591010000002e+008   -6.286237994294e+006    2.723497311120e+006   -5.847343035814e+005    9.769794631802e+002    6.454451114592e+002   -7.529798390741e+003
2.811591609999998e+008   -6.213730273763e+006    2.756167792331e+006   -1.034887146935e+006    1.436855036284e+003    4.437771256104e+002   -7.470036145265e+003
2.811592210000000e+008   -6.113845222435e+006    2.776683426712e+006   -1.480464507356e+006    1.891331073328e+003    2.398747576049e+002   -7.377075185293e+003
2.811592810000002e+008   -5.986941963489e+006    2.784930706103e+006   -1.919483204009e+006    2.337196974994e+003    3.496185456942e+001   -7.251470229528e+003
2.811593409999998e+008   -5.833593555988e+006    2.780877440085e+006   -2.350001104153e+006    2.772494490356e+003   -1.699610153250e+002   -7.093818044770e+003
2.811678000000001e+008    6.027440636612e+006   -2.780540913352e+006    1.852769992425e+006   -2.269409377607e+003   -6.795795374741e+001    7.255120375118e+003
2.811678600000002e+008    5.878149073603e+006   -2.778517011167e+006    2.283675634656e+006   -2.704887534539e+003    1.353883101042e+002    7.103438840401e+003
2.811679199999998e+008    5.703092753858e+006   -2.764305627015e+006    2.704554291832e+006   -3.128513031717e+003    3.380992772706e+002    6.920417945510e+003
2.811679800000000e+008    5.503017946704e+006   -2.737973181317e+006    3.113533043984e+006   -3.538302088683e+003    5.393388905373e+002    6.707084422132e+003
2.811680400000002e+008    5.278808646666e+006   -2.699633387779e+006    3.508816044761e+006   -3.932607165014e+003    7.381433405133e+002    6.464205542729e+003
2.811680999999998e+008    5.031453772231e+006   -2.649457006403e+006    3.888671574325e+006   -4.309539984933e+003    9.337227795798e+002    6.193008196852e+003
2.811681600000000e+008    4.762041832499e+006   -2.587666108858e+006    4.251431348313e+006   -4.667533839737e+003    1.125157943493e+003    5.894619791080e+003
2.811682200000002e+008    4.471756228316e+006   -2.514532644610e+006    4.595504325568e+006   -5.005042880107e+003    1.311652080562e+003    5.570327772029e+003
2.811682799999998e+008    4.161872592337e+006   -2.430378875321e+006    4.919380212446e+006   -5.320571847151e+003    1.492381225470e+003    5.221669667647e+003
2.811683399999999e+008    3.833750836325e+006   -2.335574911153e+006    5.221639275894e+006   -5.612723386622e+003    1.666507610027e+003    4.850073164411e+003
2.811684000000001e+008    3.488829886080e+006   -2.230537762354e+006    5.500954652068e+006   -5.880297422530e+003    1.833355716274e+003    4.457176277992e+003
2.811684599999997e+008    3.128617709681e+006   -2.115728860700e+006    5.756098362686e+006   -6.122087089714e+003    1.992132434979e+003    4.044787007544e+003
2.811685199999999e+008    2.754706427684e+006   -1.991652584987e+006    5.985962290534e+006   -6.337030669225e+003    2.142174459271e+003    3.614603594577e+003
2.811685800000001e+008    2.368727978793e+006   -1.858853002590e+006    6.189531751749e+006   -6.524196912149e+003    2.282790187010e+003    3.168604491969e+003
2.811686400000003e+008    1.972376188146e+006   -1.717911411223e+006    6.365916460058e+006   -6.682764980034e+003    2.413429799475e+003    2.708698339047e+003
2.811686999999999e+008    1.567384423056e+006   -1.569447300781e+006    6.514339563087e+006   -6.812047707814e+003    2.533468091812e+003    2.236953989305e+003
2.811687600000001e+008    1.155531203217e+006   -1.414107664440e+006    6.634153133763e+006   -6.911477810827e+003    2.642427060160e+003    1.755360498356e+003
2.811688200000002e+008    7.386169507747e+005   -1.252577639892e+006    6.724826207631e+006   -6.980615146672e+003    2.739806502125e+003    1.266007127836e+003
2.811688799999998e+008    3.184484241146e+005   -1.085536640427e+006    6.785914310269e+006   -7.019289022851e+003    2.825326409807e+003    7.704735879354e+002
2.811689400000000e+008   -1.031052672851e+005   -9.137528578354e+005    6.817218861761e+006   -7.027245653054e+003    2.898487386893e+003    2.722794455826e+002
2.811690000000002e+008   -5.242055445894e+005   -7.379659594422e+005    6.818558833242e+006   -7.004318537633e+003    2.958857332373e+003   -2.276155903568e+002
2.811690599999998e+008   -9.430084105814e+005   -5.589433990383e+005    6.789922685870e+006   -6.950682664000e+003    3.006286804248e+003   -7.266012393099e+002
2.811691200000000e+008   -1.357676115733e+006   -3.774687903972e+005    6.731428390323e+006   -6.866533782453e+003    3.040545460106e+003   -1.222477191336e+003
2.811691800000002e+008   -1.766388040056e+006   -1.943382987751e+005    6.643323944687e+006   -6.752294211976e+003    3.061435898056e+003   -1.713042766069e+003
2.811692399999998e+008   -2.167348764845e+006   -1.035432227595e+004    6.525985387901e+006   -6.608245958492e+003    3.068983997544e+003   -2.196617501476e+003
2.811692999999999e+008   -2.558794593090e+006    1.736758116415e+005    6.379916810437e+006   -6.435182324663e+003    3.063024631373e+003   -2.670580111124e+003
2.811693600000001e+008   -2.939002346540e+006    3.569433064468e+005    6.205749868785e+006   -6.233778741403e+003    3.043572830440e+003   -3.132919492572e+003
2.811694199999997e+008   -3.306294302736e+006    5.386434500439e+005    6.004246293762e+006   -6.004889346530e+003    3.010761847796e+003   -3.581764246929e+003
2.811694799999999e+008   -3.659053515821e+006    7.179748866679e+005    5.776262415377e+006   -5.749459373552e+003    2.964693967737e+003   -4.014932828064e+003
2.811695400000001e+008   -3.995718503677e+006    8.941486756768e+005    5.522801654686e+006   -5.468633309474e+003    2.905555596488e+003   -4.430673361963e+003
2.811696000000003e+008   -4.314801306470e+006    1.066388794313e+006    5.244968553160e+006   -5.163595411618e+003    2.833596126016e+003   -4.826963906450e+003
2.811696599999998e+008   -4.614886083500e+006    1.233931906221e+006    4.943982270403e+006   -4.835604986718e+003    2.749072874041e+003   -5.202232397353e+003
2.811697200000001e+008   -4.894646757299e+006    1.396042597355e+006    4.621161613601e+006   -4.486254496265e+003    2.652477348695e+003   -5.554636216470e+003
2.811697800000002e+008   -5.152830712692e+006    1.551992317058e+006    4.277910009944e+006   -4.116879569206e+003    2.544005664479e+003   -5.882733178429e+003
2.811698399999998e+008   -5.388300929410e+006    1.701100197478e+006    3.915749077239e+006   -3.729231338301e+003    2.424343351206e+003   -6.184870397550e+003
2.811698980000002e+008   -5.593315583858e+006    1.838124702449e+006    3.549161477342e+006   -3.338471258226e+003    2.298563278046e+003   -6.451252934993e+003
