2.819015969999999e+008    4.172347072899e+006   -1.761393593998e+006    5.183699416358e+006   -5.764184174257e+003    8.195744247146e+002    4.894032105777e+003
2.819016570000001e+008    3.817596881103e+006   -1.708389109591e+006    5.465724632064e+006   -6.056480062035e+003    9.465133251818e+002    4.503383902804e+003
2.819017170000003e+008    3.446098237459e+006   -1.647889887091e+006    5.723703960070e+006   -6.322243761825e+003    1.069319711393e+003    4.092832222674e+003
2.819017769999999e+008    3.059481008561e+006   -1.580161149856e+006    5.956501229122e+006   -6.560258217118e+003    1.187413524387e+003    3.664285057668e+003
2.819018370000001e+008    2.659440009079e+006   -1.505499387251e+006    6.163091660836e+006   -6.769535074106e+003    1.300329072831e+003    3.219540778034e+003
2.819018970000003e+008    2.247729307910e+006   -1.424231975053e+006    6.342563379003e+006   -6.949141041376e+003    1.407535383846e+003    2.760617841144e+003
2.819019569999998e+008    1.826154419344e+006   -1.336714129440e+006    6.494122422469e+006   -7.098224365516e+003    1.508584052572e+003    2.289504841041e+003
2.819020170000001e+008    1.396564812747e+006   -1.243329440497e+006    6.617098757331e+006   -7.216188715323e+003    1.603022100304e+003    1.808210788053e+003
2.819020770000002e+008    9.608447845608e+005   -1.144486976346e+006    6.710951291959e+006   -7.302490196258e+003    1.690423309151e+003    1.318884779414e+003
2.819021369999998e+008    5.209070040587e+005   -1.040619534993e+006    6.775250387576e+006   -7.356745161135e+003    1.770460332473e+003    8.236261780694e+002
2.819021970000000e+008    7.868183134883e+004   -9.321814938613e+005    6.809708875817e+006   -7.378710114011e+003    1.842711768608e+003    3.246445713404e+002
2.819022570000002e+008   -3.638888724065e+005   -8.196483981983e+005    6.814174568821e+006   -7.368249633264e+003    1.906907461642e+003   -1.759802705382e+002
2.819023169999998e+008   -8.048594910115e+005   -7.035146842976e+005    6.788609771947e+006   -7.325405654734e+003    1.962744891965e+003   -6.758682892416e+002
2.819023769999999e+008   -1.242292346868e+006   -5.842873704914e+005    6.733121803159e+006   -7.250351694928e+003    2.009967018542e+003   -1.173059210412e+003
2.819024370000002e+008   -1.674262519996e+006   -4.624903900272e+005    6.647943500663e+006   -7.143390353093e+003    2.048368586017e+003   -1.665172546329e+003
2.819024969999997e+008   -2.098866937722e+006   -3.386587658305e+005    6.533437737994e+006   -7.004922396648e+003    2.077755814663e+003   -2.150227649243e+003
2.819025569999999e+008   -2.514234274005e+006   -2.133366797007e+005    6.390098940248e+006   -6.835596588314e+003    2.098011268109e+003   -2.626043463353e+003
2.819026170000001e+008   -2.918531697305e+006   -8.707536112197e+004    6.218545095165e+006   -6.636052355745e+003    2.109062288102e+003   -3.090378945977e+003
2.819026769999997e+008   -3.309973091341e+006    3.956939072776e+004    6.019521766648e+006   -6.407190254362e+003    2.110794827093e+003   -3.541342631068e+003
2.819027369999999e+008   -3.686826250250e+006    1.660400877124e+005    5.793896106619e+006   -6.149974731650e+003    2.103247504796e+003   -3.976832941211e+003
2.819027970000001e+008   -4.047424088767e+006    2.917779418099e+005    5.542648373296e+006   -5.865524886970e+003    2.086390377376e+003   -4.394988050316e+003
2.819028570000002e+008   -4.390167420155e+006    4.162288211633e+005    5.266885436009e+006   -5.555055729545e+003    2.060355216850e+003   -4.793815968428e+003
2.819029169999998e+008   -4.713535025525e+006    5.388427668206e+005    4.967812791559e+006   -5.219901093321e+003    2.025182449298e+003   -5.171634516462e+003
2.819029770000000e+008   -5.016090733707e+006    6.590773793738e+005    4.646744075919e+006   -4.861553760441e+003    1.981077213656e+003   -5.526731248695e+003
2.819030370000002e+008   -5.296486388815e+006    7.763989462204e+005    4.305091069112e+006   -4.481610864342e+003    1.928184803453e+003   -5.857463552130e+003
2.819030969999998e+008   -5.553480290660e+006    8.902922658794e+005    3.944362725717e+006   -4.081659699736e+003    1.866752827667e+003   -6.162388825456e+003
2.819031570000000e+008   -5.785923446444e+006    1.000249242785e+006    3.566148351907e+006   -3.663554578422e+003    1.797038671892e+003   -6.440104031688e+003
2.819032170000002e+008   -5.992780109501e+006    1.105782431210e+006    3.172119339555e+006   -3.229146441669e+003    1.719377305403e+003   -6.689326136006e+003
2.819032769999998e+008   -6.173130683127e+006    1.206425282547e+006    2.764020870960e+006   -2.780299152809e+003    1.634072063614e+003   -6.908962084259e+003
2.819033369999999e+008   -6.326168861734e+006    1.301730412191e+006    2.343658914087e+006   -2.319102557758e+003    1.541541817120e+003   -7.097918448663e+003
2.819033970000001e+008   -6.451212993461e+006    1.391275173305e+006    1.912896941344e+006   -1.847541947320e+003    1.442164836766e+003   -7.255471974273e+003
2.819034569999997e+008   -6.547707542152e+006    1.474662765275e+006    1.473645031987e+006   -1.367814772028e+003    1.336407894944e+003   -7.380799056148e+003
2.819035169999999e+008   -6.615225437749e+006    1.551524909675e+006    1.027853776072e+006   -8.820015059806e+002    1.224734788094e+003   -7.473386280649e+003
2.819035770000001e+008   -6.653466924158e+006    1.621520671135e+006    5.775005724942e+005   -3.922767384402e+002    1.107611190018e+003   -7.532820080796e+003
2.819036370000003e+008   -6.662266305154e+006    1.684341640782e+006    1.245846402161e+005    9.904314056201e+001    9.856375863488e+002   -7.558786652476e+003
2.819036969999999e+008   -6.641590389822e+006    1.739711189257e+006   -3.288838843219e+005    5.898760324157e+002    8.593189163871e+002   -7.551252578310e+003
2.819037570000001e+008   -6.591535328932e+006    1.787384924987e+006   -7.808946523550e+005    1.077929792468e+003    7.292416770004e+002   -7.510204094843e+003
2.819038170000002e+008   -6.512333216297e+006    1.827155208464e+006   -1.229442691837e+006    1.561092366252e+003    5.959743358779e+002   -7.435867733404e+003
2.819038769999998e+008   -6.404346220223e+006    1.858850236429e+006   -1.672541217072e+006    2.037164294698e+003    4.601141853609e+002   -7.328639881788e+003
2.819039370000000e+008   -6.268061353800e+006    1.882331836407e+006   -2.108229337349e+006    2.503951499972e+003    3.223287596145e+002   -7.188946933449e+003
2.819039970000002e+008   -6.104095688224e+006    1.897501026355e+006   -2.534580848212e+006    2.959448324738e+003    1.831614227343e+002   -7.017545595150e+003
2.819040569999998e+008   -5.913187863634e+006    1.904294155802e+006   -2.949713545486e+006    3.401696220334e+003    4.326694544733e+001   -6.815162645379e+003
2.819041169999999e+008   -5.696197417807e+006    1.902689018948e+006   -3.351799226108e+006    3.828571089083e+003   -9.671384489679e+001   -6.582774593749e+003
2.819041770000002e+008   -5.454099136811e+006    1.892697155035e+006   -3.739067897700e+006    4.238392691279e+003   -2.361943137326e+002   -6.321458676100e+003
2.819042369999998e+008   -5.187973199571e+006    1.874365896771e+006   -4.109818594557e+006    4.629139756602e+003   -3.745266866854e+002   -6.032381569688e+003
2.819042969999999e+008   -4.899009816761e+006    1.847782745748e+006   -4.462426869900e+006    4.999342185865e+003   -5.111366364078e+002   -5.716950853997e+003
2.819043570000001e+008   -4.588498797371e+006    1.813073487343e+006   -4.795352612979e+006    5.347239975108e+003   -6.453396142880e+002   -5.376473630781e+003
2.819044170000003e+008   -4.257817821144e+006    1.770394601433e+006   -5.107139568542e+006    5.671386526337e+003   -7.766729291728e+002   -5.012607523308e+003
2.819044769999999e+008   -3.908436304189e+006    1.719939381836e+006   -5.396432830281e+006    5.970388731458e+003   -9.044881759755e+002   -4.626960233548e+003
2.819045370000001e+008   -3.541900945827e+006    1.661935658501e+006   -5.661974364490e+006    6.242994079203e+003   -1.028192234821e+003   -4.221179695266e+003
2.819045970000003e+008   -3.159831834311e+006    1.596642571160e+006   -5.902615016578e+006    6.487998274147e+003   -1.147340889888e+003   -3.797213928028e+003
2.819129980000002e+008    3.984904371526e+006   -1.724346617528e+006    5.340502013268e+006   -5.928868452105e+003    8.760931575631e+002    4.683307992929e+003
2.819130579999998e+008    3.620692604056e+006   -1.668033996611e+006    5.609550470475e+006   -6.207124138431e+003    1.000222447806e+003    4.281566597878e+003
2.819131180000000e+008    3.240596076961e+006   -1.604402572535e+006    5.853919615416e+006   -6.458132841593e+003    1.119980694502e+003    3.861030575877e+003
2.819131780000002e+008    2.846282367157e+006   -1.533731397808e+006    6.072534716405e+006   -6.680845034032e+003    1.234814318854e+003    3.423478193728e+003
2.819132379999998e+008    2.439480378499e+006   -1.456329889989e+006    6.264431440587e+006   -6.874263804789e+003    1.344240976222e+003    2.970727807307e+003
2.819132979999999e+008    2.021974021360e+006   -1.372536757669e+006    6.428762864293e+006   -7.037547015847e+003    1.447765779229e+003    2.504938024570e+003
2.819133580000001e+008    1.595594123296e+006   -1.282719410200e+006    6.564801486253e+006   -7.169932139716e+003    1.544978479948e+003    2.028027586781e+003
2.819134179999997e+008    1.162210499018e+006   -1.187270582060e+006    6.671945740682e+006   -7.270908340127e+003    1.635394143422e+003    1.542095642133e+003
2.819134779999999e+008    7.237249817509e+005   -1.086608715905e+006    6.749717508615e+006   -7.339938512273e+003    1.718679762840e+003    1.049331303132e+003
2.819135380000001e+008    2.820619627382e+005   -9.811751827666e+005    6.797768133456e+006   -7.376788328543e+003    1.794421055890e+003    5.517341716612e+002
2.819135979999996e+008   -1.608406423009e+005   -8.714312699122e+005    6.815873435832e+006   -7.381218995054e+003    1.862273674239e+003    5.154384585838e+001
2.819136579999999e+008   -6.030365014794e+005   -7.578584711228e+005    6.803950721925e+006   -7.353246350830e+003    1.922010147976e+003   -4.489096557043e+002
2.819137180000001e+008   -1.042582137443e+006   -6.409548371457e+005    6.762040301980e+006   -7.292914210431e+003    1.973285389418e+003   -9.475662746663e+002
2.819137780000002e+008   -1.477543725114e+006   -5.212326646650e+005    6.690316001503e+006   -7.200500115441e+003    2.015916266147e+003   -1.442245564183e+003
2.819138379999998e+008   -1.906007233917e+006   -3.992180415967e+005    6.589084677806e+006   -7.076357349800e+003    2.049659672844e+003   -1.930896956942e+003
2.819138980000000e+008   -2.326082741347e+006   -2.754471242797e+005    6.458777227194e+006   -6.921044189465e+003    2.074449855394e+003   -2.411089542914e+003
2.819139580000002e+008   -2.735918971317e+006   -1.504637431069e+005    6.299959108783e+006   -6.735162951218e+003    2.090092194950e+003   -2.880922346974e+003
2.819140179999998e+008   -3.133705794977e+006   -2.481775751470e+004    6.113317348625e+006   -6.519537444236e+003    2.096513635874e+003   -3.338214027104e+003
2.819140780000000e+008   -3.517684657199e+006    1.009372206600e+005    5.899661556811e+006   -6.275073861665e+003    2.093703464552e+003   -3.781013104484e+003
2.819141380000002e+008   -3.886156252862e+006    2.262474070144e+005    5.659922440136e+006   -6.002795318227e+003    2.081672135796e+003   -4.207287908700e+003
2.819141979999998e+008   -4.237488434212e+006    3.505586738689e+005    5.395153814980e+006   -5.703963061416e+003    2.060454949748e+003   -4.615086380280e+003
2.819142579999999e+008   -4.570123817239e+006    4.733237439868e+005    5.106513120008e+006   -5.379762704163e+003    2.030127887407e+003   -5.002746581516e+003
2.819143180000001e+008   -4.882583442587e+006    5.939984979124e+005    4.795265921968e+006   -5.031707373962e+003    1.990830909559e+003   -5.368366037763e+003
2.819143779999997e+008   -5.173478293303e+006    7.120490075011e+005    4.462779434773e+006   -4.661226675314e+003    1.942710150752e+003   -5.710392410672e+003
2.819144379999999e+008   -5.441517251059e+006    8.269545600344e+005    4.110522732608e+006   -4.270064491113e+003    1.885993941817e+003   -6.027242845956e+003
2.819144980000001e+008   -5.685502558923e+006    9.382036653026e+005    3.740044242318e+006   -3.859792503935e+003    1.820897553439e+003   -6.317524770803e+003
2.819145580000003e+008   -5.904349928906e+006    1.045304411378e+006    3.352982776665e+006   -3.432396091156e+003    1.747749095854e+003   -6.579834933077e+003
2.819146179999999e+008   -6.097082360066e+006    1.147780449725e+006    2.951048724045e+006   -2.989649348959e+003    1.666856380668e+003   -6.813030426219e+003
2.819146780000001e+008   -6.262842098492e+006    1.245180130025e+006    2.536024768395e+006   -2.533602465935e+003    1.578543039984e+003   -7.016037893163e+003
2.819147380000002e+008   -6.400890831671e+006    1.337069720388e+006    2.109747689174e+006   -2.066289460934e+003    1.483261974269e+003   -7.187953997452e+003
2.819147979999998e+008   -6.510611322085e+006    1.423040710376e+006    1.674105664356e+006   -1.589761494825e+003    1.381385085926e+003   -7.328035378669e+003
2.819148580000000e+008   -6.591518900845e+006    1.502713990313e+006    1.231034789349e+006   -1.106156995883e+003    1.273405446900e+003   -7.435528528594e+003
2.819149180000002e+008   -6.643254126092e+006    1.575736410976e+006    7.825000648424e+005   -6.176878640969e+002    1.159764871000e+003   -7.510079822202e+003
2.819149779999998e+008   -6.665589398567e+006    1.641785295746e+006    3.304923077935e+005   -1.265778696364e+002    1.041039636565e+003   -7.551275608836e+003
2.819150379999999e+008   -6.658430108783e+006    1.700568935083e+006   -1.229818466949e+005    3.650969930529e+002    9.176976258436e+002   -7.558952483992e+003
2.819150980000002e+008   -6.621812896783e+006    1.751828524208e+006   -5.759100481354e+005    8.549689310582e+002    7.903363901683e+002   -7.533086561887e+003
2.819151579999997e+008   -6.555910893903e+006    1.795340465394e+006   -1.026283822021e+006    1.340913719146e+003    6.595456656358e+002   -7.473824354218e+003
2.819152179999999e+008   -6.461024855106e+006    1.830915462868e+006   -1.472106984328e+006    1.820730336919e+003    5.258772312876e+002   -7.381452249495e+003
2.819152780000001e+008   -6.337585785063e+006    1.858398045223e+006   -1.911405537273e+006    2.292320697887e+003    3.899144045958e+002   -7.256426802728e+003
2.819153380000003e+008   -6.186153501813e+006    1.877671929356e+006   -2.342237871421e+006    2.753499266819e+003    2.523444020067e+002   -7.099324421789e+003
2.819153979999999e+008   -6.007411118315e+006    1.888655691413e+006   -2.762699474880e+006    3.202371387902e+003    1.136703638643e+002   -6.910881997257e+003
2.819154580000001e+008   -5.802161776838e+006    1.891305370031e+006   -3.170936838522e+006    3.636744921607e+003   -2.537867675199e+001   -6.691985924725e+003
2.819155180000003e+008   -5.571328833652e+006    1.885615322203e+006   -3.565152755654e+006    4.054811166110e+003   -1.641928712442e+002   -6.443683230304e+003
2.819155779999998e+008   -5.315946455560e+006    1.871616606653e+006   -3.943615037419e+006    4.454703027807e+003   -3.021735972458e+002   -6.167110845601e+003
2.819156380000001e+008   -5.037155505387e+006    1.849376037272e+006   -4.304663319560e+006    4.834819214970e+003   -4.388225809033e+002   -5.863456140044e+003
2.819156980000002e+008   -4.736199577879e+006    1.818996616825e+006   -4.646718568866e+006    5.193346755075e+003   -5.734072296372e+002   -5.534176127643e+003
2.819157579999998e+008   -4.414418629503e+006    1.780620556442e+006   -4.968284593418e+006    5.528756921555e+003   -7.052980352996e+002   -5.180778290404e+003
2.819158180000000e+008   -4.073241274430e+006    1.734420385384e+006   -5.267960555569e+006    5.839595677280e+003   -8.340326726425e+002   -4.804810239834e+003
2.819158780000002e+008   -3.714181157388e+006    1.680606232220e+006   -5.544443977519e+006    6.124689479446e+003   -9.590367952058e+002   -4.407910039406e+003
2.819159379999998e+008   -3.338824279408e+006    1.619418037881e+006   -5.796534262333e+006    6.382670880134e+003   -1.079798799047e+003   -3.992005439929e+003
2.819159979999999e+008   -2.948829931584e+006    1.551131494750e+006   -6.023140692155e+006    6.612399548708e+003   -1.195570419795e+003   -3.558824551034e+003
2.819240979999999e+008    5.383398416561e+006   -1.868431460644e+006    3.868607279959e+006   -4.386554096785e+003    2.722700394201e+002    6.205148538829e+003
2.819241580000001e+008    5.108586148977e+006   -1.848008137295e+006    4.232133486099e+006   -4.770441117809e+003    4.082242982913e+002    5.908000074042e+003
2.819242179999997e+008    4.811364866178e+006   -1.819477819918e+006    4.577043564443e+006   -5.133330422253e+003    5.423913589343e+002    5.584797279569e+003
2.819242779999999e+008    4.493037231039e+006   -1.782966082877e+006    4.901818884762e+006   -5.473724361884e+003    6.741667125281e+002    5.237047688495e+003
2.819243380000001e+008    4.154998436444e+006   -1.738633053398e+006    5.205030164536e+006   -5.790104807460e+003    8.029984805016e+002    4.866268803001e+003
2.819243979999996e+008    3.798732075404e+006   -1.686673208999e+006    5.485343475700e+006   -6.081087710212e+003    9.283105247743e+002    4.474058342675e+003
2.819244579999999e+008    3.425800241353e+006   -1.627313481671e+006    5.741524260867e+006   -6.345414509610e+003    1.049547985239e+003    4.062184232781e+003
2.819245180000001e+008    3.037838443789e+006   -1.560815042041e+006    5.972445341535e+006   -6.581919795310e+003    1.166189376630e+003    3.632364551845e+003
2.819245780000002e+008    2.636546814354e+006   -1.487468000975e+006    6.177088432670e+006   -6.789545764058e+003    1.277715327987e+003    3.186587554165e+003
2.819246379999998e+008    2.223686279311e+006   -1.407595262925e+006    6.354550648764e+006   -6.967425865265e+003    1.383657997732e+003    2.726701807892e+003
2.819246980000000e+008    1.801066369044e+006   -1.321544780240e+006    6.504049524070e+006   -7.114741065666e+003    1.483545783562e+003    2.254755958670e+003
2.819247580000002e+008    1.370541115913e+006   -1.229694238985e+006    6.624920519060e+006   -7.230876832512e+003    1.576932640924e+003    1.772798986545e+003
2.819248179999998e+008    9.339990693902e+005   -1.132445516279e+006    6.716627536970e+006   -7.315228925476e+003    1.663418269592e+003    1.282969890596e+003
2.819248780000000e+008    4.933559720612e+005   -1.030224392115e+006    6.778761435740e+006   -7.367512053111e+003    1.742604397607e+003    7.873281895751e+002
2.819249380000002e+008    5.054596639996e+004   -9.234784759902e+005    6.811041542446e+006   -7.387425095762e+003    1.814188339589e+003    2.881933812921e+002
2.819249979999998e+008   -3.924858817977e+005   -8.126757318766e+005    6.813314165543e+006   -7.374914219167e+003    1.877801081804e+003   -2.124646371247e+002
2.819250579999999e+008   -8.337938886392e+005   -6.983013915333e+005    6.785565611825e+006   -7.329979560966e+003    1.933181229377e+003   -7.122758749979e+002
2.819251180000001e+008   -1.271436244977e+006   -5.808569823423e+005    6.727903193761e+006   -7.252778676846e+003    1.980083306417e+003   -1.209110084725e+003
2.819251779999997e+008   -1.703486731497e+006   -4.608585283849e+005    6.640571248688e+006   -7.143654518777e+003    2.018296339375e+003   -1.700876715042e+003
2.819252379999999e+008   -2.128043019820e+006   -3.388324438989e+005    6.523944652529e+006   -7.003043689136e+003    2.047660068458e+003   -2.185245059378e+003
2.819252980000001e+008   -2.543233524286e+006   -2.153150376711e+005    6.378526830972e+006   -6.831574736036e+003    2.068001061472e+003   -2.660294099568e+003
2.819253580000003e+008   -2.947225157969e+006   -9.084997171303e+004    6.204943772220e+006   -6.629897005634e+003    2.079233300032e+003   -3.123682778871e+003
2.819254179999999e+008   -3.338233355145e+006    3.401537907467e+004    6.003951043506e+006   -6.398938672228e+003    2.081317871158e+003   -3.573599584685e+003
2.819254780000001e+008   -3.714529717272e+006    1.587307905152e+005    5.776422803577e+006   -6.139675742337e+003    2.074258087755e+003   -4.007882924002e+003
2.819255380000002e+008   -4.074447292325e+006    2.827461774932e+005    5.523355811442e+006   -5.853191686339e+003    2.058001989679e+003   -4.424591031610e+003
2.819255979999998e+008   -4.416391819617e+006    4.055140471117e+005    5.245855944794e+006   -5.540750414026e+003    2.032674856835e+003   -4.821991840167e+003
2.819256580000000e+008   -4.738845164260e+006    5.264924402309e+005    4.945139705751e+006   -5.203732700321e+003    1.998380110808e+003   -5.198193092715e+003
2.819257180000002e+008   -5.040375769774e+006    6.451461997783e+005    4.622529737938e+006   -4.843564482129e+003    1.955231646605e+003   -5.551522458490e+003
2.819257779999998e+008   -5.319642020282e+006    7.609505465229e+005    4.279443832123e+006   -4.461854047004e+003    1.903420420819e+003   -5.880467306149e+003
2.819258379999999e+008   -5.575401826187e+006    8.733922607712e+005    3.917395441895e+006   -4.060284977375e+003    1.843184072890e+003   -6.183414879298e+003
2.819258980000002e+008   -5.806516839232e+006    9.819738015778e+005    3.537982390716e+006   -3.640649601552e+003    1.774786381934e+003   -6.459072243514e+003
2.819259579999997e+008   -6.011955497908e+006    1.086212407491e+006    3.142880876826e+006   -3.204769059378e+003    1.698521252419e+003   -6.706126415952e+003
2.819260179999999e+008   -6.190802317698e+006    1.185646094601e+006    2.733838688667e+006   -2.754625666060e+003    1.614706550406e+003   -6.923514150312e+003
2.819260780000001e+008   -6.342262011707e+006    1.279835138439e+006    2.312670211658e+006   -2.292182144227e+003    1.523724031084e+003   -7.110232229249e+003
2.819261380000003e+008   -6.465660219679e+006    1.368362746005e+006    1.881241929398e+006   -1.819563993729e+003    1.426015277414e+003   -7.265407167486e+003
2.819261979999999e+008   -6.560449311873e+006    1.450834444581e+006    1.441465933088e+006   -1.338873354915e+003    1.322002871092e+003   -7.388375518962e+003
2.819262580000001e+008   -6.626207043712e+006    1.526884969652e+006    9.952938196610e+005   -8.522398985774e+002    1.212072193629e+003   -7.478533794565e+003
2.819263180000003e+008   -6.662646013696e+006    1.596180776285e+006    5.447064072967e+005   -3.619356725500e+002    1.096882292878e+003   -7.535498260478e+003
2.819263779999998e+008   -6.669607331059e+006    1.658414102900e+006    9.170202481346e+004    1.299413684457e+002    9.767890978557e+002   -7.559055481120e+003
2.819264380000001e+008   -6.647065046604e+006    1.713310784782e+006   -3.617094807494e+005    6.211280997208e+002    8.524520696991e+002   -7.549061737440e+003
2.819264980000002e+008   -6.595127340995e+006    1.760630541139e+006   -8.135174421926e+005    1.109436711817e+003    7.243595522521e+002   -7.505603441495e+003
2.819265579999998e+008   -6.514032803867e+006    1.800167545248e+006   -1.261719078202e+006    1.592687833695e+003    5.931008797901e+002   -7.428907014453e+003
2.819266180000000e+008   -6.404151716516e+006    1.831749576106e+006   -1.704330191309e+006    2.068688204497e+003    4.592765237916e+002   -7.319318854444e+003
2.819266780000002e+008   -6.265979896039e+006    1.855240414914e+006   -2.139391977816e+006    2.535319481095e+003    3.234992180544e+002   -7.177385481319e+003
2.819267379999998e+008   -6.100140609188e+006    1.870539727226e+006   -2.564982524695e+006    2.990528190288e+003    1.863455127358e+002   -7.003743522436e+003
2.819267979999999e+008   -5.907384553555e+006    1.877585340862e+006   -2.979223009514e+006    3.432283477705e+003    4.847666645859e+001   -6.799209638191e+003
2.819268580000001e+008   -5.688575346297e+006    1.876351256103e+006   -3.380289124193e+006    3.858629016604e+003   -8.954846500400e+001   -6.564750615443e+003
2.819269179999997e+008   -5.444695031243e+006    1.866847636401e+006   -3.766416266030e+006    4.267669198363e+003   -2.270623379159e+002   -6.301443334945e+003
2.819269779999999e+008   -5.176834706250e+006    1.849122546585e+006   -4.135909552906e+006    4.657672452376e+003   -3.634932950685e+002   -6.010484949420e+003
2.819270380000001e+008   -4.886189498912e+006    1.823259157022e+006   -4.487149331609e+006    5.026888467434e+003   -4.982378645775e+002   -5.693242579735e+003
2.819347789999998e+008    6.643760297071e+006   -1.510246474114e+006   -1.063101279933e+006    9.079231789284e+002   -1.219576721064e+003    7.444381350274e+003
2.819348390000000e+008    6.683643002688e+006   -1.580061669667e+006   -6.144297891239e+005    4.210274214949e+002   -1.106712629652e+003    7.505850516580e+003
2.819348990000002e+008    6.694243717029e+006   -1.642953458045e+006   -1.630593313428e+005   -6.779707294430e+001   -9.889249966125e+002    7.534323025520e+003
2.819349589999998e+008    6.675506873284e+006   -1.698645983173e+006    2.890272951514e+005   -5.565522414754e+002   -8.668037319264e+002    7.529695591711e+003
2.819350189999999e+008    6.627513550893e+006   -1.746893177822e+006    7.398436679253e+005   -1.042799585166e+003   -7.408217270985e+002    7.491984217552e+003
2.819350790000001e+008    6.550460400883e+006   -1.787481399815e+006    1.187406374602e+006   -1.524628764157e+003   -6.116257360244e+002    7.421315758122e+003
2.819351389999997e+008    6.444682194108e+006   -1.820231493537e+006    1.629747576021e+006   -1.999892346639e+003   -4.796817524829e+002    7.317976690864e+003
2.819351989999999e+008    6.310641755704e+006   -1.844999821443e+006    2.064920922596e+006   -2.466437823663e+003   -3.456357837380e+002    7.182483476548e+003
2.819352590000001e+008    6.148921558768e+006   -1.861676079197e+006    2.491011968138e+006   -2.922263230257e+003   -2.100470533136e+002    7.015352825459e+003
2.819353189999996e+008    5.960228895683e+006   -1.870186106076e+006    2.906145661292e+006   -3.365084543523e+003   -7.355507444534e+001    6.817350984518e+003
2.819353789999999e+008    5.745391594921e+006   -1.870493008486e+006    3.308494852474e+006   -3.793479442029e+003    6.330416663438e+001    6.589375610412e+003
2.819354390000001e+008    5.505351944083e+006   -1.862594811494e+006    3.696289503900e+006   -4.204908245248e+003    1.998471519718e+002    6.332342531289e+003
2.819354990000002e+008    5.241156014430e+006   -1.846525080261e+006    4.067823606961e+006   -4.598216360414e+003    3.355666344448e+002    6.047529842055e+003
2.819355589999998e+008    4.953966245279e+006   -1.822354375579e+006    4.421459661641e+006   -4.971227715972e+003    4.697754406943e+002    5.736053963574e+003
2.819356190000000e+008    4.645041951374e+006   -1.790188404178e+006    4.755643708401e+006   -5.322449986847e+003    6.019694809263e+002    5.399372440505e+003
2.819356790000002e+008    4.315738300854e+006   -1.750169014569e+006    5.068906329793e+006   -5.650319478135e+003    7.314929483679e+002    5.038862693728e+003
2.819357389999998e+008    3.967498305018e+006   -1.702470965956e+006    5.359864163671e+006   -5.953400153133e+003    8.578118652514e+002    4.656222358459e+003
2.819357990000000e+008    3.601850896035e+006   -1.647302654965e+006    5.627242706319e+006   -6.230372422200e+003    9.803813690298e+002    4.253109259129e+003
2.819358590000002e+008    3.220398728161e+006   -1.584906742140e+006    5.869860832280e+006   -6.480024535408e+003    1.098648251050e+003    3.831221395575e+003
2.819359189999998e+008    2.824815392574e+006   -1.515556583752e+006    6.086649799096e+006   -6.701251055392e+003    1.212126347688e+003    3.392476944427e+003
2.819359850000001e+008    2.375424730945e+006   -1.431601911456e+006    6.294148174153e+006   -6.910600419786e+003    1.330753555277e+003    2.892613305276e+003
2.819360489999999e+008    1.927582293251e+006   -1.342927635979e+006    6.463360207996e+006   -7.078613786470e+003    1.439098832089e+003    2.393131789019e+003
2.819361129999998e+008    1.470114038393e+006   -1.247546397068e+006    6.600207219176e+006   -7.211302276279e+003    1.540247602074e+003    1.881522327180e+003
2.819361730000000e+008    1.034524870042e+006   -1.152459023557e+006    6.698485504578e+006   -7.303043078895e+003    1.628125362947e+003    1.393235504703e+003
2.819362330000002e+008    5.943931597761e+005   -1.052310551616e+006    6.767269404920e+006   -7.362702940542e+003    1.708843128618e+003    8.986960328644e+002
2.819362929999998e+008    1.516510505441e+005   -9.475403066205e+005    6.806248748999e+006   -7.390007003752e+003    1.782119871467e+003    4.001034523856e+002
2.819363530000000e+008   -2.917573435540e+005   -8.386075433609e+005    6.815243845264e+006   -7.384902656510e+003    1.847567978674e+003   -1.004123389345e+002
2.819364130000002e+008   -7.338837394806e+005   -7.259897706708e+005    6.794207994615e+006   -7.347292441868e+003    1.904932250006e+003   -6.005115097607e+002
2.819364729999998e+008   -1.172784505952e+006   -6.101797416975e+005    6.743223004923e+006   -7.277381819992e+003    1.953920218938e+003   -1.098303737333e+003
2.819365329999999e+008   -1.606527819211e+006   -4.916858352054e+005    6.662501702679e+006   -7.175420324098e+003    1.994342876978e+003   -1.591418621427e+003
2.819365930000001e+008   -2.033203703904e+006   -3.710282069687e+005    6.552386949549e+006   -7.041874039187e+003    2.026001594972e+003   -2.077655409472e+003
2.819366529999997e+008   -2.450931260084e+006   -2.487384415793e+005    6.413359654181e+006   -6.877279379495e+003    2.048774557072e+003   -2.554953230728e+003
2.819367129999999e+008   -2.857868011638e+006   -1.253526860037e+005    6.246015287747e+006   -6.682305958795e+003    2.062518143151e+003   -3.021160998225e+003
2.819367730000001e+008   -3.252216059127e+006   -1.414246896989e+003    6.051081393872e+006   -6.457815263838e+003    2.067186147042e+003   -3.474297307718e+003
2.819368330000003e+008   -3.632232287382e+006    1.225306599040e+005    5.829407105465e+006   -6.204753310908e+003    2.062721729545e+003   -3.912250617475e+003
2.819368929999999e+008   -3.996234184772e+006    2.459360367496e+005    5.581960154359e+006   -5.924210276803e+003    2.049205519274e+003   -4.333059144309e+003
2.819369530000001e+008   -4.342608731912e+006    3.682565384877e+005    5.309822885814e+006   -5.617395207642e+003    2.026603390301e+003   -4.734900916927e+003
2.819370130000002e+008   -4.669819505078e+006    4.889528631046e+005    5.014187270356e+006   -5.285641045999e+003    1.995074685359e+003   -5.115963752723e+003
2.819370729999998e+008   -4.976414326802e+006    6.074911608726e+005    4.696352916217e+006   -4.930414364765e+003    1.954700246740e+003   -5.474575255170e+003
2.819371330000000e+008   -5.261029052977e+006    7.233465872375e+005    4.357718075675e+006   -4.553240825175e+003    1.905662060361e+003   -5.809092926546e+003
2.819371930000002e+008   -5.522397782304e+006    8.360062287232e+005    3.999774361832e+006   -4.155814607312e+003    1.848206819768e+003   -6.117983991389e+003
2.819372529999998e+008   -5.759356212976e+006    9.449711073400e+005    3.624101754181e+006   -3.739866465342e+003    1.782563642038e+003   -6.399845615584e+003
2.819373129999999e+008   -5.970849366965e+006    1.049757792685e+006    3.232360611267e+006   -3.307298251986e+003    1.709020522993e+003   -6.653374683331e+003
2.819373730000002e+008   -6.155935619805e+006    1.149902674618e+006    2.826283677458e+006   -2.860001205415e+003    1.627878604740e+003   -6.877488095748e+003
2.819374329999997e+008   -6.313788213999e+006    1.244959201163e+006    2.407669285270e+006   -2.399899300432e+003    1.539522718054e+003   -7.071152696569e+003
2.819374929999999e+008   -6.443706371354e+006    1.334508415538e+006    1.978373273988e+006   -1.929085590610e+003    1.444312225732e+003   -7.233465055227e+003
2.819375530000001e+008   -6.545112518023e+006    1.418152961156e+006    1.540299084843e+006   -1.449839151368e+003    1.342775353251e+003   -7.363621429825e+003
2.819376130000003e+008   -6.617555984392e+006    1.495522344865e+006    1.095390267289e+006   -9.640848774560e+002    1.235234408299e+003   -7.461148666196e+003
2.819376729999999e+008   -6.660717499700e+006    1.566274555776e+006    6.456211864052e+005   -4.741223923805e+002    1.122275792715e+003   -7.525572986470e+003
2.819377330000001e+008   -6.674408797493e+006    1.630097012925e+006    1.929878222851e+005    1.788826800633e+001    1.004347069162e+003   -7.556610847233e+003
2.819377769999997e+008   -6.665681882702e+006    1.672331710391e+006   -1.396008823772e+005    3.786830159566e+002    9.150359342715e+002   -7.558033369110e+003
