2.817251970000001e+008    5.099554535458e+006   -2.056994954773e+006    4.147456843769e+006   -4.660384708838e+003    5.601829092126e+002    5.981651426154e+003
2.817252569999997e+008    4.808952340974e+006   -2.018896610429e+006    4.496973151373e+006   -5.022797318011e+003    7.092430713907e+002    5.664608631973e+003
2.817253169999999e+008    4.497262009594e+006   -1.971945390711e+006    4.826714413691e+006   -5.363081947401e+003    8.551917838012e+002    5.322729582853e+003
2.817253770000001e+008    4.165849692967e+006   -1.916346781456e+006    5.135230191784e+006   -5.679866010592e+003    9.973713291814e+002    4.957432013311e+003
2.817254370000003e+008    3.816170791876e+006   -1.852344749790e+006    5.421166099613e+006   -5.971787450381e+003    1.135182988052e+003    4.570303677991e+003
2.817254969999999e+008    3.449756768923e+006   -1.780220558926e+006    5.683262625596e+006   -6.237532143258e+003    1.268002697371e+003    4.163082408755e+003
2.817255570000001e+008    3.068215066393e+006   -1.700290216663e+006    5.920368132878e+006   -6.475872918811e+003    1.395271596898e+003    3.737566182315e+003
2.817256170000002e+008    2.673217763717e+006   -1.612904447865e+006    6.131437377822e+006   -6.685883902125e+003    1.516441458271e+003    3.295533467065e+003
2.817256769999998e+008    2.266497267955e+006   -1.518445101561e+006    6.315543517218e+006   -6.866537058109e+003    1.630970775749e+003    2.839052565569e+003
2.817257370000000e+008    1.849836144919e+006   -1.417326487975e+006    6.471872124794e+006   -7.017082496613e+003    1.738342442468e+003    2.370032234763e+003
2.817257970000002e+008    1.425060383609e+006   -1.309990888114e+006    6.599734202422e+006   -7.136903216343e+003    1.838114063400e+003    1.890461451768e+003
2.817258569999998e+008    9.940335164500e+005   -1.196909147843e+006    6.698560189665e+006   -7.225420432538e+003    1.929839395403e+003    1.402539256122e+003
2.817259169999999e+008    5.586455195878e+005   -1.078575615835e+006    6.767913482128e+006   -7.282226960550e+003    2.013115336631e+003    9.083549689542e+002
2.817259770000002e+008    1.208068862397e+005   -9.555089008867e+005    6.807478441067e+006   -7.307105925132e+003    2.087564587595e+003    4.100482228958e+002
2.817260369999998e+008   -3.175622188281e+005   -8.282476861819e+005    6.817078411286e+006   -7.299887624762e+003    2.152867721350e+003   -9.021126982769e+001
2.817260980000002e+008   -7.617965408366e+005   -6.951406670426e+005    6.796065164116e+006   -7.259698566443e+003    2.209600074938e+003   -5.985349151786e+002
2.817261579999997e+008   -1.195385652355e+006   -5.611328019965e+005    6.745212559077e+006   -7.187974852425e+003    2.255614595213e+003   -1.096030442917e+003
2.817262179999999e+008   -1.623720576044e+006   -4.246592302030e+005    6.664632956492e+006   -7.084649457883e+003    2.291762824194e+003   -1.588927931837e+003
2.817262780000001e+008   -2.044918808815e+006   -2.863183588691e+005    6.554678760725e+006   -6.950138614869e+003    2.317832848068e+003   -2.074956709480e+003
2.817263380000003e+008   -2.457122674075e+006   -1.467190004032e+005    6.415815416333e+006   -6.784991561446e+003    2.333717890652e+003   -2.552095882103e+003
2.817263979999999e+008   -2.858516525606e+006   -6.473602378821e+003    6.248642436451e+006   -6.589905958322e+003    2.339340277230e+003   -3.018204312530e+003
2.817264580000001e+008   -3.247327569326e+006    1.338006711202e+005    6.053890404069e+006   -6.365711184077e+003    2.334661720969e+003   -3.471230647197e+003
2.817265180000003e+008   -3.621836953934e+006    2.734855415584e+005    5.832400990259e+006   -6.113356423653e+003    2.319706550593e+003   -3.909083334343e+003
2.817265779999998e+008   -3.980387381609e+006    4.119649010955e+005    5.585140466737e+006   -5.833961542934e+003    2.294526285056e+003   -4.329870543015e+003
2.817266380000001e+008   -4.321390687068e+006    5.486282692978e+005    5.313189718371e+006   -5.528670516063e+003    2.259203121770e+003   -4.731740401637e+003
2.817266980000002e+008   -4.643334617283e+006    6.828719076304e+005    5.017740254267e+006   -5.198854976681e+003    2.213888106884e+003   -5.112910664490e+003
2.817267579999998e+008   -4.944789839110e+006    8.141030491110e+005    4.700088719384e+006   -4.845941647374e+003    2.158792242322e+003   -5.471618993372e+003
2.817268180000000e+008   -5.224413833833e+006    9.417389263777e+005    4.361628900819e+006   -4.471492875990e+003    2.094132900256e+003   -5.806222828895e+003
2.817268780000002e+008   -5.480965132356e+006    1.065216352719e+006    4.003852451453e+006   -4.077084823261e+003    2.020184025230e+003   -6.115249586834e+003
2.817269379999998e+008   -5.713300786403e+006    1.183987603700e+006    3.628337385617e+006   -3.664539207440e+003    1.937323989086e+003   -6.397326278074e+003
2.817269979999999e+008   -5.920383549241e+006    1.297525689307e+006    3.236739791031e+006   -3.235670754544e+003    1.845840769354e+003   -6.651079929072e+003
2.817270580000001e+008   -6.101291318944e+006    1.405327013861e+006    2.830792044307e+006   -2.792394069202e+003    1.746185460734e+003   -6.875447396474e+003
2.817271179999997e+008   -6.255216442100e+006    1.506913695148e+006    2.412289809903e+006   -2.336576724596e+003    1.638763910622e+003   -7.069425615788e+003
2.817271779999999e+008   -6.381472121425e+006    1.601834673615e+006    1.983087350605e+006   -1.870378025108e+003    1.524059720223e+003   -7.232031043486e+003
2.817272380000001e+008   -6.479495427309e+006    1.689668474557e+006    1.545086632552e+006   -1.395876426977e+003    1.402643716552e+003   -7.362540264244e+003
2.817272979999996e+008   -6.548852793804e+006    1.770026670056e+006    1.100232334333e+006   -9.151157431830e+002    1.274966131830e+003   -7.460459925078e+003
2.817273579999999e+008   -6.589231947914e+006    1.842553751068e+006    6.504944338040e+005   -4.303415366947e+002    1.141672004606e+003   -7.525246335212e+003
2.817274180000001e+008   -6.600458087906e+006    1.906928609234e+006    1.978710345276e+005    5.625434479589e+001    1.003360770713e+003   -7.556635893942e+003
2.817274780000002e+008   -6.582485623044e+006    1.962867755428e+006   -2.556304475765e+005    5.425823994538e+002    8.606012460987e+002   -7.554485169009e+003
2.817275379999998e+008   -6.535397981779e+006    2.010124917340e+006   -7.079983845716e+005    1.026376023482e+003    7.140979174385e+002   -7.518850433578e+003
2.817276020000004e+008   -6.453326514375e+006    2.050731635387e+006   -1.187014988868e+006    1.537276912388e+003    5.543409154780e+002   -7.444110432251e+003
2.817276619999999e+008   -6.346897983536e+006    2.079436698048e+006   -1.630701590024e+006    2.009000175756e+003    4.021658516674e+002   -7.339976177744e+003
2.817277220000001e+008   -6.212424720426e+006    2.098954448532e+006   -2.067163014604e+006    2.471702333187e+003    2.482294495906e+002   -7.203367250104e+003
2.817277820000003e+008   -6.050511263756e+006    2.109201505318e+006   -2.494469277933e+006    2.923296145950e+003    9.325743796677e+001   -7.034940214910e+003
2.817278419999999e+008   -5.861889891662e+006    2.110138526727e+006   -2.910732285170e+006    3.361710068688e+003   -6.200879083218e+001   -6.835431662762e+003
2.817279020000001e+008   -5.647405856576e+006    2.101765648259e+006   -3.314117355609e+006    3.785095829817e+003   -2.169395643165e+002   -6.605808553663e+003
2.817279620000002e+008   -5.408018229621e+006    2.084124894740e+006   -3.702847621201e+006    4.191543373478e+003   -3.708345156394e+002   -6.347127743839e+003
2.817280219999998e+008   -5.144801088746e+006    2.057301909153e+006   -4.075215224555e+006    4.579185620737e+003   -5.229511331358e+002   -6.060576157861e+003
2.817280820000000e+008   -4.858928840877e+006    2.021420224514e+006   -4.429587343136e+006    4.946394777049e+003   -6.726348813814e+002   -5.747481114588e+003
2.817281440000001e+008   -4.541079030637e+006    1.974998166321e+006   -4.775218053195e+006    5.302744960600e+003   -8.241828390191e+002   -5.397558402044e+003
2.817365979999998e+008    4.948357045587e+006   -2.026081051723e+006    4.340419841327e+006   -4.862321635241e+003    6.308157593324e+002    5.811768739306e+003
2.817366580000000e+008    4.645981569986e+006   -1.983816130604e+006    4.679327897685e+006   -5.213199736690e+003    7.774505931883e+002    5.480996701392e+003
2.817367180000002e+008    4.323232648069e+006   -1.932851057327e+006    4.997659518258e+006   -5.541154888848e+003    9.206952268945e+002    5.126167126398e+003
2.817367779999998e+008    3.981525174536e+006   -1.873409423128e+006    5.294013885535e+006   -5.844910663996e+003    1.059924865497e+003    4.748717908142e+003
2.817368379999999e+008    3.622357713032e+006   -1.805751394757e+006    5.567088544159e+006   -6.122970981790e+003    1.194469275997e+003    4.350396580900e+003
2.817368980000002e+008    3.247305826281e+006   -1.730174116297e+006    5.815681911779e+006   -6.374202055143e+003    1.323767863520e+003    3.932971274301e+003
2.817369579999997e+008    2.858013698980e+006   -1.647009184322e+006    6.038700292823e+006   -6.597468323049e+003    1.447300139216e+003    3.498240116976e+003
2.817370179999999e+008    2.456187118195e+006   -1.556619313728e+006    6.235161390099e+006   -6.791839420088e+003    1.564475571871e+003    3.048051568716e+003
2.817370780000001e+008    2.043589490716e+006   -1.459402724592e+006    6.404199811082e+006   -6.956416685405e+003    1.674811837398e+003    2.584464146230e+003
2.817371380000003e+008    1.622027776427e+006   -1.355783082115e+006    6.545068091300e+006   -7.090519615924e+003    1.777818402207e+003    2.109436721149e+003
2.817371979999999e+008    1.193351217099e+006   -1.246215616937e+006    6.657143696135e+006   -7.193514099209e+003    1.873018079425e+003    1.625018241416e+003
2.817372580000001e+008    7.594385093469e+005   -1.131178899428e+006    6.739929542094e+006   -7.264978385104e+003    1.960025165815e+003    1.133418005387e+003
2.817373180000003e+008    3.221938298457e+005   -1.011177991285e+006    6.793053003143e+006   -7.304564442078e+003    2.038441370847e+003    6.367054307476e+002
2.817373779999998e+008   -1.164650057540e+005   -8.867384479594e+005    6.816272430284e+006   -7.312075406049e+003    2.107952790170e+003    1.371401856046e+002
2.817374380000001e+008   -5.546127785997e+005   -7.584045182458e+005    6.809482161797e+006   -7.287500173926e+003    2.168208165246e+003   -3.633277614344e+002
2.817374980000002e+008   -9.903246404970e+005   -6.267393304465e+005    6.772700035886e+006   -7.230886079916e+003    2.218966424958e+003   -8.623383409424e+002
2.817375579999998e+008   -1.421685120386e+006   -4.923204297946e+005    6.706073905562e+006   -7.142499809916e+003    2.259972269050e+003   -1.357671126978e+003
2.817376180000000e+008   -1.846796388612e+006   -3.557372697408e+005    6.609890652235e+006   -7.022676442463e+003    2.291060791032e+003   -1.847265578235e+003
2.817376780000002e+008   -2.263786644901e+006   -2.175900106236e+005    6.484562199415e+006   -6.871909647115e+003    2.312078678637e+003   -2.328900894297e+003
2.817377379999998e+008   -2.670817968719e+006   -7.848551143845e+004    6.330625025684e+006   -6.690818401941e+003    2.322957737266e+003   -2.800476066850e+003
2.817377979999999e+008   -3.066094631032e+006    6.096432663217e+004    6.148747178323e+006   -6.480222347947e+003    2.323596757921e+003   -3.259919762242e+003
2.817378580000001e+008   -3.447869822588e+006    2.001457929706e+005    5.939716784405e+006   -6.240966351718e+003    2.314012035776e+003   -3.705170600338e+003
2.817379179999997e+008   -3.814455585633e+006    3.384453473292e+005    5.704446567069e+006   -5.974072138538e+003    2.294222583221e+003   -4.134306912949e+003
2.817379779999999e+008   -4.164228374153e+006    4.752533704890e+005    5.443962854741e+006   -5.680740829039e+003    2.264331212929e+003   -4.545316735658e+003
2.817380380000001e+008   -4.495636994769e+006    6.099654223728e+005    5.159404094120e+006   -5.362155699798e+003    2.224375243023e+003   -4.936488136559e+003
2.817380979999996e+008   -4.807211053862e+006    7.419864592446e+005    4.852018864133e+006   -5.019756031003e+003    2.174623224440e+003   -5.305968755847e+003
2.817381579999999e+008   -5.097565939084e+006    8.707324430731e+005    4.523156384107e+006   -4.655115005167e+003    2.115264872228e+003   -5.652106019491e+003
2.817382180000001e+008   -5.365408630568e+006    9.956331213072e+005    4.174262723363e+006   -4.269678420515e+003    2.046486127991e+003   -5.973397561390e+003
2.817382780000002e+008   -5.609549466283e+006    1.116135609725e+006    3.806879020540e+006   -3.865267272917e+003    1.968700784884e+003   -6.268300393646e+003
2.817383379999998e+008   -5.828898739490e+006    1.231706833473e+006    3.422622478138e+006   -3.443650542863e+003    1.882175383986e+003   -6.535551620292e+003
2.817383980000000e+008   -6.022477963590e+006    1.341831985973e+006    3.023191580805e+006   -3.006623777597e+003    1.787288659746e+003   -6.773918296969e+003
2.817384580000002e+008   -6.189423933878e+006    1.446023129392e+006    2.610353302333e+006   -2.556215752017e+003    1.684494677076e+003   -6.982257096025e+003
2.817385179999998e+008   -6.328991968901e+006    1.543819015273e+006    2.185936410917e+006   -2.094343684341e+003    1.574156488616e+003   -7.159744876201e+003
2.817385780000000e+008   -6.440560062805e+006    1.634784584277e+006    1.751820275881e+006   -1.623179506569e+003    1.456896567702e+003   -7.305408069122e+003
2.817386380000002e+008   -6.523630418030e+006    1.718516461784e+006    1.309931970424e+006   -1.144790798875e+003    1.333132915671e+003   -7.418723286483e+003
2.817386979999998e+008   -6.577833863948e+006    1.794644747245e+006    8.622306788756e+005   -6.613357531333e+002    1.203506741207e+003   -7.499116982009e+003
2.817387579999999e+008   -6.602931723226e+006    1.862831509550e+006    4.107033996639e+005   -1.749642053665e+002    1.068542782169e+003   -7.546215628706e+003
2.817388180000001e+008   -6.598815321183e+006    1.922777030759e+006   -4.264555521558e+004    3.121157727138e+002    9.288610446326e+002   -7.559835600582e+003
2.817388779999997e+008   -6.565508725325e+006    1.974216268718e+006   -4.958059559145e+005    7.976883991922e+002    7.851122238568e+002   -7.539933257877e+003
2.817389379999999e+008   -6.503162723436e+006    2.016923643352e+006   -9.467671643308e+005    1.279720301858e+003    6.379050933945e+002   -7.486575260097e+003
2.817389980000001e+008   -6.412064644602e+006    2.050713572497e+006   -1.393530018101e+006    1.755788819284e+003    4.879952950678e+002   -7.400017626043e+003
2.817390580000003e+008   -6.292628108127e+006    2.075439644148e+006   -1.834116847356e+006    2.223950548991e+003    3.359431787261e+002   -7.280757164638e+003
2.817391179999999e+008   -6.145389693873e+006    2.090995690870e+006   -2.266576980099e+006    2.682130843665e+003    1.824523943612e+002   -7.129270464363e+003
2.817391780000001e+008   -5.971014931008e+006    2.097318253216e+006   -2.688999532358e+006    3.128223637663e+003    2.822917819924e+001   -6.946304062773e+003
2.817393199999999e+008   -5.456639560291e+006    2.075105607108e+006   -4.267191038793e+006    4.124421090868e+003   -3.356058973205e+002   -6.393123005432e+003
2.817393800000001e+008   -5.195696493865e+006    2.050749710309e+006   -4.013312832467e+006    4.515752213443e+003   -4.871687771933e+002   -6.111197133377e+003
2.817394400000003e+008   -4.913513500512e+006    2.017024526868e+006   -4.370854570966e+006    4.886871436131e+003   -6.365291369316e+002   -5.802508196147e+003
2.817394999999999e+008   -4.609705814408e+006    1.974421656946e+006   -4.709106420702e+006    5.236273660193e+003   -7.829670919680e+002   -5.468453710612e+003
2.817395600000001e+008   -4.285626115130e+006    1.923135984081e+006   -5.026591167024e+006    5.562380996733e+003   -9.258389950177e+002   -5.110501078685e+003
2.817395969999999e+008   -4.076293032902e+006    1.887280492530e+006   -5.211415590647e+006    5.751308490174e+003   -1.011941269933e+003   -4.878562518840e+003
