2.811848969999998e+008    5.929307085655e+006   -2.760307558465e+006    2.172320462530e+006   -2.592517755255e+003    7.403424506397e+001    7.145596299359e+003
2.811849580000002e+008    5.757844857390e+006   -2.749537635404e+006    2.602935168998e+006   -3.027044681456e+003    2.788951859467e+002    6.967553579017e+003
2.811850190000000e+008    5.560286222911e+006   -2.726306112787e+006    3.021719359426e+006   -3.447783069515e+003    4.824481179320e+002    6.757878291637e+003
2.811850790000002e+008    5.341378599083e+006   -2.691400663170e+006    3.420251151504e+006   -3.846431883237e+003    6.805602038341e+002    6.521646726474e+003
2.811851389999998e+008    5.099054919416e+006   -2.644696112461e+006    3.803747125402e+006   -4.228092905708e+003    8.756307859948e+002    6.256827304862e+003
2.811851990000000e+008    4.834379828783e+006   -2.586398666476e+006    4.170523034682e+006   -4.591156326215e+003    1.066848975037e+003    5.964537367597e+003
2.811852590000002e+008    4.548515960458e+006   -2.516765138006e+006    4.518968770989e+006   -4.934103102283e+003    1.253373544944e+003    5.646074402169e+003
2.811853189999998e+008    4.242718541511e+006   -2.436102274098e+006    4.847554672884e+006   -5.255371960253e+003    1.434356117933e+003    5.302845827092e+003
2.811853789999999e+008    3.918337028351e+006   -2.344764371627e+006    5.154845323303e+006   -5.553581394991e+003    1.609045262494e+003    4.936309358378e+003
2.811854390000001e+008    3.576783432421e+006   -2.243152085208e+006    5.439486901205e+006   -5.827386218737e+003    1.776672956127e+003    4.548232770851e+003
2.811854989999997e+008    3.219562633017e+006   -2.131715882230e+006    5.700233932060e+006   -6.075667739525e+003    1.936483673728e+003    4.140174208631e+003
2.811855589999999e+008    2.848243998826e+006   -2.010942599071e+006    5.935947334713e+006   -6.297286981715e+003    2.087794929377e+003    3.713931786568e+003
2.811856190000001e+008    2.464444270544e+006   -1.881359215669e+006    6.145585449079e+006   -6.491363738943e+003    2.229986582663e+003    3.271424044170e+003
2.811856790000003e+008    2.069850884499e+006   -1.743538279875e+006    6.328231497933e+006   -6.656984341282e+003    2.362373901538e+003    2.814539463368e+003
2.811857389999998e+008    1.666191942789e+006   -1.598079622595e+006    6.483084636675e+006   -6.793442840853e+003    2.484400853381e+003    2.345316870755e+003
2.811857990000001e+008    1.255234461209e+006   -1.445621966598e+006    6.609462955649e+006   -6.900144633544e+003    2.595566484972e+003    1.865785276901e+003
2.811858590000002e+008    8.387786545522e+005   -1.286834239632e+006    6.706806489862e+006   -6.976678517958e+003    2.695373147917e+003    1.377833991133e+003
2.811859189999998e+008    4.186461033622e+005   -1.122410525712e+006    6.774678238505e+006   -7.022646659220e+003    2.783338618012e+003    8.837623458424e+002
2.811859790000000e+008   -3.322576724005e+003   -9.530730777167e+005    6.812773168616e+006   -7.037867152126e+003    2.859108148206e+003    3.856400308815e+002
2.811860390000002e+008   -4.252821120859e+005   -7.795654476580e+005    6.820911738823e+006   -7.022308115085e+003    2.922281792364e+003   -1.144030215276e+002
2.811860989999998e+008   -8.453597430754e+005   -6.025996378467e+005    6.799167364806e+006   -6.975692122859e+003    2.973133694018e+003   -6.130272458773e+002
2.811861589999999e+008   -1.261742114958e+006   -4.230178415915e+005    6.747462052710e+006   -6.898645280972e+003    3.010631444563e+003   -1.109851670058e+003
2.811862190000002e+008   -1.672590142439e+006   -2.415816683324e+005    6.666074771039e+006   -6.791280165431e+003    3.034938959792e+003   -1.602006099002e+003
2.811862789999997e+008   -2.076098664013e+006   -5.908539484614e+004    6.555358542136e+006   -6.654112101557e+003    3.045952561770e+003   -2.087299695003e+003
2.811863389999999e+008   -2.470493577953e+006    1.236704382105e+005    6.415788938828e+006   -6.487609240621e+003    3.043541447996e+003   -2.563551698483e+003
2.811863990000001e+008   -2.854039099161e+006    3.058807358985e+005    6.247962096319e+006   -6.292561486146e+003    3.027806326737e+003   -3.028670814943e+003
2.811864590000003e+008   -3.225044586498e+006    4.867461697531e+005    6.052606723822e+006   -6.069753696606e+003    2.998755955815e+003   -3.480755762669e+003
2.811865189999999e+008   -3.581872765322e+006    6.654704345353e+005    5.830573117806e+006   -5.820190159953e+003    2.956471686200e+003   -3.917714898812e+003
2.811865790000001e+008   -3.922944951482e+006    8.412669935047e+005    5.582826170815e+006   -5.544825323469e+003    2.901181170986e+003   -4.337496654895e+003
2.811866390000003e+008   -4.246761802504e+006    1.013363218988e+006    5.310439405461e+006   -5.244991154306e+003    2.833141316823e+003   -4.738518846685e+003
2.811866989999998e+008   -4.551838976646e+006    1.180982984956e+006    5.014647368861e+006   -4.921575866784e+003    2.752442985493e+003   -5.118500019715e+003
2.811867590000001e+008   -4.836937438233e+006    1.343414105091e+006    4.696642010714e+006   -4.576768215661e+003    2.659661430223e+003   -5.476456579831e+003
2.811868190000002e+008   -5.100692255746e+006    1.499928820285e+006    4.357901075293e+006   -4.211558500964e+003    2.555208899320e+003   -5.810256891379e+003
2.811868789999998e+008   -5.341857177810e+006    1.649739674115e+006    3.999872997387e+006   -3.826786335906e+003    2.438719229059e+003   -6.118819602100e+003
2.811869409999998e+008   -5.566496032205e+006    1.797068407094e+006    3.611400538434e+006   -3.413058969091e+003    2.308572984863e+003   -6.408620098264e+003
2.811870010000000e+008   -5.758834770495e+006    1.931509761608e+006    3.219166649234e+006   -2.996302508818e+003    2.171402370064e+003   -6.660775807041e+003
2.811870610000002e+008   -5.925725371810e+006    2.057402917748e+006    2.812670381653e+006   -2.563032345301e+003    2.021759885571e+003   -6.884848964315e+003
2.811871209999998e+008   -6.066585623402e+006    2.174344031699e+006    2.393779770869e+006   -2.123091652657e+003    1.867542399770e+003   -7.076313158300e+003
2.811871810000000e+008   -6.180484182223e+006    2.281521592189e+006    1.964214564004e+006   -1.672128115027e+003    1.703666803725e+003   -7.237225720164e+003
2.811872410000002e+008   -6.266034418244e+006    2.378290659651e+006    1.525588474171e+006   -1.215210094219e+003    1.532829549469e+003   -7.365718264072e+003
2.811873009999998e+008   -6.325821833878e+006    2.465150182396e+006    1.080866740829e+006   -7.499761084034e+002    1.353999397575e+003   -7.462324685950e+003
2.811873609999999e+008   -6.356813346579e+006    2.540886690372e+006    6.310654674697e+005   -2.825916655962e+002    1.169546560114e+003   -7.525554828463e+003
2.811874210000001e+008   -6.359707509161e+006    2.605393891762e+006    1.784684903129e+005    1.862413285627e+002    9.798531018131e+002   -7.555467530189e+003
2.811874810000004e+008   -6.334489462065e+006    2.658384718006e+006   -2.749191254597e+005    6.541032763385e+002    7.858453633307e+002   -7.551888805642e+003
2.811875409999999e+008   -6.281271192974e+006    2.699624487456e+006   -7.270888055520e+005    1.119134313317e+003    5.883185209773e+002   -7.514855587634e+003
2.811876010000001e+008   -6.200139147689e+006    2.728884327555e+006   -1.176078217056e+006    1.578184295199e+003    3.885734601671e+002   -7.444322683227e+003
2.811876610000003e+008   -6.091813293929e+006    2.746149784878e+006   -1.619804284794e+006    2.031325781320e+003    1.867640807584e+002   -7.341090204397e+003
2.811877209999999e+008   -5.956649682265e+006    2.751302070441e+006   -2.056350331537e+006    2.475863743956e+003   -1.598177895107e+001   -7.205423708184e+003
2.811877810000001e+008   -5.795070522638e+006    2.744295424395e+006   -2.483806368861e+006    2.908678613638e+003   -2.185124065480e+002   -7.037818059228e+003
2.811878410000002e+008   -5.607899502780e+006    2.725144766539e+006   -2.900273751471e+006    3.328368174235e+003   -4.197556861338e+002   -6.839140924129e+003
2.811965990000001e+008    4.693316018903e+006   -2.540960965507e+006    4.354905851081e+006   -4.775483534714e+003    1.154115842430e+003    5.801429210948e+003
2.811966590000002e+008    4.396709020181e+006   -2.466193856136e+006    4.693166387453e+006   -5.107785710502e+003    1.337112164526e+003    5.469778422632e+003
2.811967189999998e+008    4.080835322479e+006   -2.380620632437e+006    5.010803772381e+006   -5.417508080091e+003    1.514203238781e+003    5.114250548448e+003
2.811967790000000e+008    3.747082397979e+006   -2.284617607997e+006    5.306425726399e+006   -5.703521847458e+003    1.684649713473e+003    4.736243717983e+003
2.811968390000002e+008    3.396912694634e+006   -2.178606194049e+006    5.578735845999e+006   -5.964545680304e+003    1.847691145183e+003    4.337475811864e+003
2.811968989999998e+008    3.031862333409e+006   -2.063052382212e+006    5.826540605792e+006   -6.199386913955e+003    2.002632851986e+003    3.919644858168e+003
2.811969589999999e+008    2.653531016831e+006   -1.938461877276e+006    6.048752375174e+006   -6.407051996077e+003    2.148779376924e+003    3.484689209607e+003
2.811970190000002e+008    2.263577227125e+006   -1.805381107885e+006    6.244396426108e+006   -6.586659756367e+003    2.285550216447e+003    3.034397407054e+003
2.811970789999997e+008    1.863709017448e+006   -1.664392742867e+006    6.412615448346e+006   -6.737426173530e+003    2.412255037201e+003    2.570818144944e+003
2.811971389999999e+008    1.455676816314e+006   -1.516115100966e+006    6.552667561169e+006   -6.858688942943e+003    2.528443376793e+003    2.095900326878e+003
2.811971990000001e+008    1.041267909936e+006   -1.361197289693e+006    6.663937822616e+006   -6.949911427216e+003    2.633532541633e+003    1.611733055276e+003
2.811972590000003e+008    6.222972519549e+005   -1.200316545251e+006    6.745934744573e+006   -7.010708122829e+003    2.727105346241e+003    1.120465686427e+003
2.811973189999999e+008    2.005998329229e+005   -1.034176989511e+006    6.798293805266e+006   -7.040770733787e+003    2.808749657549e+003    6.241577025013e+002
2.811973790000001e+008   -2.219763074275e+005   -8.635066892664e+005    6.820776960777e+006   -7.039991209843e+003    2.878098519655e+003    1.250589141694e+002
2.811974390000003e+008   -6.435793836416e+005   -6.890519621711e+005    6.813283660471e+006   -7.008359291781e+003    2.934860694635e+003   -3.748307054632e+002
2.811974989999998e+008   -1.062361742013e+006   -5.115763773638e+005    6.775833859856e+006   -6.945963121862e+003    2.978776540593e+003   -8.730410209349e+002
2.811975590000001e+008   -1.476484270230e+006   -3.318576584733e+005    6.708585527931e+006   -6.853081628888e+003    3.009603053210e+003   -1.367701586063e+003
2.811976190000002e+008   -1.884128539403e+006   -1.506828486077e+005    6.611825167165e+006   -6.730107026335e+003    3.027252305286e+003   -1.856511762460e+003
2.811976789999998e+008   -2.283503104045e+006    3.115238656589e+004    6.485964323796e+006   -6.577518446913e+003    3.031631099981e+003   -2.337360770663e+003
2.811977390000000e+008   -2.672851177750e+006    2.128509572333e+005    6.331546600665e+006   -6.396001961816e+003    3.022699582815e+003   -2.808107491674e+003
2.811977990000002e+008   -3.050458527351e+006    3.936152276206e+005    6.149240170104e+006   -6.186302024653e+003    3.000486092084e+003   -3.266610708282e+003
2.811978589999998e+008   -3.414659306170e+006    5.726495062283e+005    5.939833283551e+006   -5.949306323054e+003    2.965083375318e+003   -3.711048967463e+003
2.811979189999999e+008   -3.763845838427e+006    7.491665856550e+005    5.704236287778e+006   -5.686001888177e+003    2.916595041495e+003   -4.139370653599e+003
2.811979790000001e+008   -4.096474207833e+006    9.223881033098e+005    5.443475134009e+006   -5.397555795509e+003    2.855266200816e+003   -4.549583851431e+003
2.811980389999997e+008   -4.411072817341e+006    1.091550250067e+006    5.158688892115e+006   -5.085198928031e+003    2.781315967495e+003   -4.939866543215e+003
2.811980989999999e+008   -4.706245086045e+006    1.255904678338e+006    4.851120255034e+006   -4.750258823576e+003    2.695082594268e+003   -5.308626548643e+003
2.811981590000001e+008   -4.980681740664e+006    1.414725134824e+006    4.522118559096e+006   -4.394250536194e+003    2.596931383585e+003   -5.654061380504e+003
2.811982189999996e+008   -5.233162625363e+006    1.567309494656e+006    4.173126987047e+006   -4.018688165686e+003    2.487277226507e+003   -5.974688551321e+003
2.811982789999999e+008   -5.462564638547e+006    1.712981199806e+006    3.805680281036e+006   -3.625199236178e+003    2.366611893870e+003   -6.269035385399e+003
2.811983390000001e+008   -5.667864111335e+006    1.851094958086e+006    3.421395246733e+006   -3.215607292602e+003    2.235455319235e+003   -6.535718886645e+003
2.811983990000002e+008   -5.848146448872e+006    1.981038577634e+006    3.021966969112e+006   -2.791582545901e+003    2.094336826860e+003   -6.773636308684e+003
2.811984589999998e+008   -6.002606102528e+006    2.102235126985e+006    2.609158312484e+006   -2.355153017825e+003    1.943979950064e+003   -6.981614313411e+003
2.811985190000000e+008   -6.130552060931e+006    2.214145646081e+006    2.184791729552e+006   -1.908173488952e+003    1.785007596593e+003   -7.158689849818e+003
2.811985790000002e+008   -6.231411951862e+006    2.316273587960e+006    1.750745368287e+006   -1.452643619063e+003    1.618049952387e+003   -7.304089630894e+003
2.811986389999998e+008   -6.304735408013e+006    2.408166510411e+006    1.308942077472e+006   -9.905894501606e+002    1.443918899212e+003   -7.417220318614e+003
2.811986990000000e+008   -6.350193327249e+006    2.489416274235e+006    8.613369054812e+005   -5.241288315405e+002    1.263385723999e+003   -7.497438427273e+003
2.811987590000002e+008   -6.367566340200e+006    2.559661664265e+006    4.099160816145e+005   -5.564128638681e+001    1.077301233609e+003   -7.544490041903e+003
2.811988189999998e+008   -6.356801143986e+006    2.618593908412e+006   -4.332299192834e+004    4.135330977385e+002    8.864101996292e+002   -7.558032945242e+003
2.811988789999999e+008   -6.317953871838e+006    2.665951845422e+006   -4.963752325128e+005    8.807832947054e+002    6.916338015314e+002   -7.538062842486e+003
2.811989390000001e+008   -6.251178230026e+006    2.701529511073e+006   -9.472241960412e+005    1.344013575911e+003    4.937995904429e+002   -7.484686282574e+003
2.811989989999997e+008   -6.156784850865e+006    2.725167901982e+006   -1.393875180711e+006    1.801316476403e+003    2.938473299604e+002   -7.398180116209e+003
2.811990589999999e+008   -6.035189095314e+006    2.736767677041e+006   -1.834351811445e+006    2.250391568067e+003    9.269646030364e+001   -7.278960555250e+003
2.811991190000001e+008   -5.886935776140e+006    2.736280640935e+006   -2.266704100031e+006    2.689463957202e+003   -1.088445813357e+002   -7.127504672695e+003
2.811991790000003e+008   -5.712691649604e+006    2.723713426912e+006   -2.689021057201e+006    3.116497424161e+003   -3.098539524700e+002   -6.944529111103e+003
2.811992389999998e+008   -5.513236508304e+006    2.699126083841e+006   -3.099437607214e+006    3.529519797015e+003   -5.093454255306e+002   -6.730970614744e+003
2.811992990000001e+008   -5.289462525747e+006    2.662633580792e+006   -3.496144588879e+006    3.926859052075e+003   -7.065707462125e+002   -6.487726427613e+003
2.811993590000002e+008   -5.042366989031e+006    2.614401393214e+006   -3.877393967594e+006    4.306602628576e+003   -9.005081785622e+002   -6.215923389790e+003
2.811994189999998e+008   -4.773052111049e+006    2.554648871893e+006   -4.241510135522e+006    4.667223874114e+003   -1.090420910446e+003   -5.916808983113e+003
2.811994790000000e+008   -4.482716841501e+006    2.483646006487e+006   -4.586893725084e+006    5.007057279845e+003   -1.275394726147e+003   -5.591750455355e+003
2.811995390000002e+008   -4.172650018318e+006    2.401710597816e+006   -4.912032420260e+006    5.324671877883e+003   -1.454703583352e+003   -5.242235445083e+003
2.812079990000001e+008    4.545646947369e+006   -2.492950498125e+006    4.534732081541e+006   -4.955778288917e+003    1.239440264066e+003    5.630461087044e+003
2.812080590000003e+008    4.238555799843e+006   -2.413173861468e+006    4.862347568322e+006   -5.276837070613e+003    1.418732263609e+003    5.286041381694e+003
2.812081189999999e+008    3.912892034074e+006   -2.322822595630e+006    5.168596736715e+006   -5.574680413255e+003    1.591789979288e+003    4.918503567252e+003
2.812081790000001e+008    3.570082342433e+006   -2.222293517446e+006    5.452136244138e+006   -5.848147067626e+003    1.757866417671e+003    4.529315721844e+003
2.812082390000003e+008    3.211629982656e+006   -2.112027464382e+006    5.711720621537e+006   -6.095875903596e+003    1.916225103211e+003    4.120365599284e+003
2.812082989999998e+008    2.839108688422e+006   -1.992510609288e+006    5.946213283261e+006   -6.316937970944e+003    2.066160540682e+003    3.693271657985e+003
2.812083590000001e+008    2.454149759323e+006   -1.864264964640e+006    6.154586048506e+006   -6.510320630830e+003    2.207053628232e+003    3.249962224487e+003
2.812084190000002e+008    2.058439744162e+006   -1.727854403269e+006    6.335921644821e+006   -6.675192344464e+003    2.338260753397e+003    2.792375919054e+003
2.812084789999998e+008    1.653713359398e+006   -1.583873999375e+006    6.489426220136e+006   -6.810768696333e+003    2.459239619678e+003    2.322591443465e+003
2.812085390000000e+008    1.241742506527e+006   -1.432955661702e+006    6.614423360377e+006   -6.916589056555e+003    2.569451317034e+003    1.842428026387e+003
2.812085990000002e+008    8.243313151668e+005   -1.275759569814e+006    6.710360597935e+006   -6.992045750687e+003    2.668430090384e+003    1.354254661191e+003
2.812086589999998e+008    4.033092505653e+005   -1.112974086980e+006    6.776812422893e+006   -7.036915059387e+003    2.755704804243e+003    8.600309654725e+002
2.812087189999999e+008   -1.947968377533e+004   -9.453113890706e+005    6.813485300808e+006   -7.050946012535e+003    2.830949919150e+003    3.619365193797e+002
2.812087790000001e+008   -4.421827353015e+005   -7.735058823740e+005    6.820211682199e+006   -7.034053078160e+003    2.893747097180e+003   -1.379788320259e+002
2.812088389999997e+008   -8.629471588050e+005   -5.983087817370e+005    6.796951017050e+006   -6.986336278726e+003    2.943935153678e+003   -6.372149293625e+002
2.812088989999999e+008   -1.279927325128e+006   -4.204876398752e+005    6.743801266412e+006   -6.907926955584e+003    2.981210811501e+003   -1.133931569603e+003
2.812089590000001e+008   -1.691291664141e+006   -2.408212052407e+005    6.660980913922e+006   -6.799217352883e+003    3.005388947624e+003   -1.625728118926e+003
2.812090189999996e+008   -2.095218779214e+006   -6.011711754152e+004    6.548817958652e+006   -6.660867192385e+003    3.016772989828e+003   -2.110103485809e+003
2.812090789999999e+008   -2.489973902696e+006    1.208865613684e+005    6.407882044211e+006   -6.492786888405e+003    3.014311667683e+003   -2.586487862530e+003
2.812091390000001e+008   -2.873784397079e+006    3.013468396318e+005    6.238693247776e+006   -6.296209434734e+003    2.998764828236e+003   -3.051129202057e+003
2.812091990000002e+008   -3.244963370787e+006    4.804801995643e+005    6.042011289160e+006   -6.071899842021e+003    2.970073870834e+003   -3.502586259386e+003
2.812092589999998e+008   -3.601874036669e+006    6.575005720019e+005    5.818688469777e+006   -5.820775374051e+003    2.928331372669e+003   -3.938797534016e+003
2.812093190000000e+008   -3.942937055769e+006    8.316237714429e+005    5.569697684839e+006   -5.543928628630e+003    2.873696693280e+003   -4.357801237173e+003
2.812093790000002e+008   -4.266654485221e+006    1.002094411224e+006    5.296131963552e+006   -5.242519554762e+003    2.806345937142e+003   -4.757875470043e+003
2.812094389999998e+008   -4.571574014956e+006    1.168144136740e+006    4.999170408959e+006   -4.917925636324e+003    2.726659879031e+003   -5.137017970085e+003
2.812094990000000e+008   -4.856358100162e+006    1.329051172476e+006    4.680128313239e+006   -4.571435518447e+003    2.634882294033e+003   -5.493756626325e+003
2.812095590000002e+008   -5.119735816903e+006    1.484100575125e+006    4.340399577455e+006   -4.204609983642e+003    2.531468618365e+003   -5.826368874918e+003
2.812096189999998e+008   -5.360537139561e+006    1.632605709549e+006    3.981477768351e+006   -3.819136378022e+003    2.416816658380e+003   -6.133311948906e+003
2.812096789999999e+008   -5.577687478750e+006    1.773906626338e+006    3.604940609360e+006   -3.416577198238e+003    2.291444961259e+003   -6.413283279425e+003
2.812097390000001e+008   -5.770219353254e+006    1.907379052465e+006    3.212447200008e+006   -2.998850621960e+003    2.155940694655e+003   -6.664929715528e+003
2.812097989999997e+008   -5.937272912822e+006    2.032428449919e+006    2.805730016478e+006   -2.567605974733e+003    2.010807223080e+003   -6.887278548234e+003
2.812098589999999e+008   -6.078102276554e+006    2.148501256456e+006    2.386584622421e+006   -2.125005248234e+003    1.856825140348e+003   -7.079056221157e+003
2.812099190000001e+008   -6.192077905882e+006    2.255082254364e+006    1.956865872691e+006   -1.672778331625e+003    1.694525930913e+003   -7.239589893396e+003
2.812099790000003e+008   -6.278690801505e+006    2.351697614549e+006    1.518477520298e+006   -1.213173039120e+003    1.524734542102e+003   -7.368015867503e+003
2.812100389999998e+008   -6.337549830926e+006    2.437917596865e+006    1.073356512154e+006   -7.480849922952e+002    1.348195459508e+003   -7.463841023477e+003
2.812100990000001e+008   -6.368394306000e+006    2.513360779019e+006    6.234760097380e+005   -2.796640114663e+002    1.165635792350e+003   -7.526601828450e+003
2.812101590000002e+008   -6.371084892800e+006    2.577693084371e+006    1.708319742356e+005    1.899967124468e+002    9.779538192727e+002   -7.555934834130e+003
2.812102189999998e+008   -6.345611780614e+006    2.630631203048e+006   -2.825685200296e+005    6.587781249829e+002    7.859594635371e+002   -7.551826554661e+003
2.812102790000000e+008   -6.292089098106e+006    2.671941407097e+006   -7.347164947543e+005    1.124626695225e+003    5.905104780125e+002   -7.514203608630e+003
2.812103390000002e+008   -6.210758311800e+006    2.701442986264e+006   -1.183608761981e+006    1.585377260078e+003    3.925101400590e+002   -7.443332431361e+003
2.812103989999998e+008   -6.101983143227e+006    2.719007561830e+006   -1.627256632419e+006    2.039065215850e+003    1.927995077225e+002   -7.339459787466e+003
2.812104589999999e+008   -5.966253322920e+006    2.724562095520e+006   -2.063696809215e+006    2.483607345056e+003   -7.720624868274e+000   -7.203132246225e+003
2.812105190000002e+008   -5.804175602646e+006    2.718084883499e+006   -2.490998102774e+006    2.916990030653e+003   -2.081020690416e+002   -7.034966488192e+003
2.812105789999997e+008   -5.616476711144e+006    2.699609538536e+006   -2.907272025790e+006    3.337297890772e+003   -4.074885829136e+002   -6.835729358230e+003
2.812106389999999e+008   -5.403996407018e+006    2.669222988114e+006   -3.310682304655e+006    3.742715634826e+003   -6.049736363606e+002   -6.606337862066e+003
2.812107059999999e+008   -5.138608053605e+006    2.621387963369e+006   -3.743773528874e+006    4.175613868705e+003   -8.221851638872e+002   -6.315851900629e+003
2.812107660000001e+008   -4.876932946222e+006    2.566314556894e+006   -4.114173248460e+006    4.543661356563e+003   -1.012850029001e+003   -6.026289182157e+003
2.812108260000002e+008   -4.593774835948e+006    2.499936179314e+006   -4.466399119640e+006    4.891435246762e+003   -1.198864537086e+003   -5.710293216456e+003
2.812108859999998e+008   -4.290391595614e+006    2.422550757559e+006   -4.798905879199e+006    5.217562257809e+003   -1.379590512525e+003   -5.369221741596e+003
2.812109460000000e+008   -3.968133206902e+006    2.334507992005e+006   -5.110239311812e+006    5.520487474313e+003   -1.554074192373e+003   -5.004732186111e+003
2.812194370000002e+008    4.192954346387e+006   -2.389848516151e+006    4.912961428604e+006   -5.329298153872e+003    1.434752100006e+003    5.228542333618e+003
2.812194969999998e+008    3.864226415301e+006   -2.298574456545e+006    5.215644791280e+006   -5.623936798543e+003    1.606253411764e+003    4.857438998832e+003
2.812195609999997e+008    3.494959335255e+006   -2.190124771462e+006    5.513218380957e+006   -5.910848436173e+003    1.781271694137e+003    4.437973188823e+003
2.812198009999999e+008    1.970999257407e+006   -1.691245234137e+006    6.331829887460e+006   -6.713970818080e+003    2.351623083163e+003    2.686963440593e+003
2.812198610000001e+008    1.564205958048e+006   -1.546544967256e+006    6.520276128855e+006   -6.843128279268e+003    2.469939642705e+003    2.214238329737e+003
2.812199210000002e+008    1.150493262482e+006   -1.395066623643e+006    6.638708742270e+006   -6.942298016349e+003    2.577414929689e+003    1.732073926593e+003
2.812199809999998e+008    7.317402557988e+005   -1.237475659269e+006    6.727972794500e+006   -7.011056865397e+003    2.673607994026e+003    1.242339525284e+003
2.812200410000000e+008    3.097815550367e+005   -1.074461500911e+006    6.787675268993e+006   -7.049130394166e+003    2.758104717053e+003    7.470046632402e+002
2.812201010000002e+008   -1.135343681592e+005   -9.067385682399e+005    6.817547625698e+006   -7.056276094605e+003    2.830542142228e+003    2.483189325342e+002
2.812201609999998e+008   -5.363536265357e+005   -7.350409096835e+005    6.817445315037e+006   -7.032535139635e+003    2.890565018995e+003   -2.515676130724e+002
2.812213940000001e+008   -6.332099973583e+006    2.405417399740e+006    1.172507603139e+006   -8.546302434914e+002    1.385750666603e+003   -7.445815957532e+003
2.812214540000003e+008   -6.369361311304e+006    2.483187426666e+006    7.235006837694e+005   -3.865539122760e+002    1.205409338701e+003   -7.516035737235e+003
2.812215139999998e+008   -6.378464731404e+006    2.549977949570e+006    2.712683528279e+005    8.336062819246e+001    1.019878480783e+003   -7.552878699739e+003
2.812215740000001e+008   -6.359391316361e+006    2.605531518408e+006   -1.821371294219e+005    5.529199605071e+002    8.299432531561e+002   -7.556071240755e+003
2.812361990000002e+008    5.511276941239e+006   -2.658950796944e+006    3.167140115674e+006   -3.599436868549e+003    5.177987448861e+002    6.675947865751e+003
2.812362589999998e+008    5.283384721293e+006   -2.622075397916e+006    3.560441321477e+006   -3.994095253707e+003    7.108882955708e+002    6.429318629505e+003
2.812363190000000e+008    5.032329411152e+006   -2.573703744969e+006    3.938089628724e+006   -4.371309910179e+003    9.008356370538e+002    6.154360838929e+003
2.812363790000002e+008    4.759213314910e+006   -2.514049907820e+006    4.298425432569e+006   -4.729143157785e+003    1.086860794218e+003    5.852491307047e+003
2.812364389999998e+008    4.465236030617e+006   -2.443376378975e+006    4.639868867707e+006   -5.066449834027e+003    1.268031798790e+003    5.524808128226e+003
2.812364990000000e+008    4.151690644447e+006   -2.361993480514e+006    4.960920614591e+006   -5.381357113224e+003    1.443665220457e+003    5.172958225785e+003
2.812365590000002e+008    3.819950814123e+006   -2.270260797211e+006    5.260171920386e+006   -5.672633405546e+003    1.612918362491e+003    4.798439558212e+003
2.812366189999998e+008    3.471474611035e+006   -2.168579785801e+006    5.536311893071e+006   -5.939089689920e+003    1.775088431686e+003    4.402820159935e+003
2.812366789999999e+008    3.107784868390e+006   -2.057399083155e+006    5.788126533156e+006   -6.179425735616e+003    1.929503455844e+003    3.987937886291e+003
2.812367390000001e+008    2.730481311679e+006   -1.937205730025e+006    6.014514714378e+006   -6.392745386504e+003    2.075434162461e+003    3.555541246969e+003
2.812367989999997e+008    2.341217297946e+006   -1.808525872876e+006    6.214481721499e+006   -6.578007886737e+003    2.212275604311e+003    3.107578522612e+003
2.812368589999999e+008    1.941697002763e+006   -1.671923560297e+006    6.387149754941e+006   -6.734504723805e+003    2.339423094715e+003    2.645868534071e+003
2.812369190000001e+008    1.533670428425e+006   -1.527997375862e+006    6.531759439075e+006   -6.861477993274e+003    2.456295340622e+003    2.172570023398e+003
2.812369790000003e+008    1.118924737609e+006   -1.377377446666e+006    6.647674336454e+006   -6.958409449100e+003    2.562460249898e+003    1.689642129260e+003
2.812370389999998e+008    6.992763154995e+005   -1.220722704243e+006    6.734381960862e+006   -7.024816405043e+003    2.657385770432e+003    1.199434043905e+003
2.812370990000001e+008    2.765635708111e+005   -1.058718774601e+006    6.791497789121e+006   -7.060488797908e+003    2.740670959018e+003    7.036654083921e+002
2.812371590000002e+008   -1.473612086966e+005   -8.920745634894e+005    6.818763274501e+006   -7.065200164017e+003    2.811997376575e+003    2.048258420323e+002
2.812372189999998e+008   -5.706401796604e+005   -7.215200657150e+005    6.816056360372e+006   -7.038961758966e+003    2.870999226208e+003   -2.950546520789e+002
2.812372790000000e+008   -9.914173416169e+005   -5.478014988980e+005    6.783376492452e+006   -6.981821406770e+003    2.917437854183e+003   -7.938260051690e+002
2.812373390000002e+008   -1.407845918171e+006   -3.716793443828e+005    6.720863130925e+006   -6.894055655600e+003    2.951079013590e+003   -1.289267776142e+003
2.812373989999998e+008   -1.818096535767e+006   -1.939266938199e+005    6.628776763803e+006   -6.775981298718e+003    2.971789276861e+003   -1.779159453646e+003
2.812374589999999e+008   -2.220367070779e+006   -1.532304527813e+004    6.507514923254e+006   -6.628127135003e+003    2.979441662525e+003   -2.261550181547e+003
2.812375190000002e+008   -2.612886742449e+006    1.633480551973e+005    6.357597192354e+006   -6.451105199213e+003    2.974013179868e+003   -2.733998962722e+003
2.812375789999997e+008   -2.993926752779e+006    3.413014999431e+005    6.179669722518e+006   -6.245623526270e+003    2.955511957484e+003   -3.194714643273e+003
2.812376389999999e+008   -3.361807972754e+006    5.177551108737e+005    5.974505746215e+006   -6.012597436961e+003    2.924031300536e+003   -3.641565727624e+003
2.812376990000001e+008   -3.714905705983e+006    6.919319264170e+005    5.742997084817e+006   -5.753019991049e+003    2.879669137117e+003   -4.072560593710e+003
2.812377590000003e+008   -4.051659224222e+006    8.630651980159e+005    5.486152164343e+006   -5.467996039603e+003    2.822614427850e+003   -4.485817433423e+003
2.812378189999999e+008   -4.370578092652e+006    1.030398901420e+006    5.205091025769e+006   -5.158721155458e+003    2.753065074708e+003   -4.879494290703e+003
2.812378790000001e+008   -4.670248504608e+006    1.193195067790e+006    4.901041835676e+006   -4.826611243735e+003    2.671409876247e+003   -5.251758842002e+003
2.812379390000003e+008   -4.949341059529e+006    1.350734441569e+006    4.575338398929e+006   -4.473062152095e+003    2.577925069510e+003   -5.601008802040e+003
2.812379989999998e+008   -5.206614454624e+006    1.502318945498e+006    4.229409164793e+006   -4.099610472833e+003    2.473006021947e+003   -5.925691650970e+003
2.812380590000001e+008   -5.440924709068e+006    1.647277863250e+006    3.864773442220e+006   -3.707905863932e+003    2.357145326093e+003   -6.224284680412e+003
2.812381190000002e+008   -5.651228226832e+006    1.784968589705e+006    3.483039104873e+006   -3.299655779261e+003    2.230803646289e+003   -6.495465089732e+003
2.812381789999998e+008   -5.836585156093e+006    1.914780599553e+006    3.085886296756e+006   -2.876638411793e+003    2.094597880118e+003   -6.738049955935e+003
2.812382390000000e+008   -5.996169211711e+006    2.036137166241e+006    2.675069948282e+006   -2.440822294491e+003    1.949100059889e+003   -6.950796048443e+003
2.812382990000002e+008   -6.129267317486e+006    2.148500031521e+006    2.252404775894e+006   -1.994135277901e+003    1.794951542959e+003   -7.132820199986e+003
2.812383589999998e+008   -6.235284625573e+006    2.251370655208e+006    1.819760890288e+006   -1.538478864023e+003    1.632772349744e+003   -7.283309287219e+003
2.812384189999999e+008   -6.313747214423e+006    2.344292653145e+006    1.379053900907e+006   -1.075940093750e+003    1.463404487806e+003   -7.401539874491e+003
2.812384790000001e+008   -6.364303797969e+006    2.426853150514e+006    9.322349187779e+005   -6.086751221196e+002    1.287557490486e+003   -7.486928420185e+003
2.812385389999997e+008   -6.386728725606e+006    2.498686888147e+006    4.812837615780e+005   -1.385912375564e+002    1.105967483513e+003   -7.539211786604e+003
2.812385989999999e+008   -6.380923924657e+006    2.559477387001e+006    2.820105684622e+004    3.320426787159e+002    9.195733080572e+002   -7.558016238014e+003
2.812386590000001e+008   -6.346913854949e+006    2.608953760037e+006   -4.250075663945e+005    8.011713764725e+002    7.290465984187e+002   -7.543348399379e+003
2.812387189999996e+008   -6.284863321484e+006    2.646913266620e+006   -8.763347475868e+005    1.266678700326e+003    5.354190969890e+002   -7.495274779440e+003
2.812390630000002e+008   -5.408732409884e+006    2.636792610033e+006   -3.329570914040e+006    3.764446010940e+003   -5.931110425905e+002   -6.594610465452e+003
2.812391229999998e+008   -5.171109084102e+006    2.595417714969e+006   -3.717595898255e+006    4.153365430481e+003   -7.854389974821e+002   -6.334831959153e+003
2.812391830000000e+008   -4.910683655409e+006    2.542580528391e+006   -4.089185001454e+006    4.523923452259e+003   -9.744723442008e+002   -6.047103396029e+003
2.812479960000001e+008    3.425634271967e+006   -2.145987358769e+006    5.573249213067e+006   -5.978785326845e+003    1.783713613549e+003    4.345451971891e+003
2.812480560000003e+008    3.059640279646e+006   -2.034362862422e+006    5.821542040087e+006   -6.215784806302e+003    1.936443615728e+003    3.927944541735e+003
2.812481619999999e+008    2.381389554666e+006   -1.815643029342e+006    6.197087880314e+006   -6.567269955447e+003    2.185092342683e+003    3.154727633357e+003
2.812484290000001e+008    5.505955560248e+005   -1.162394186021e+006    6.758167180199e+006   -7.047345423523e+003    2.672523096134e+003    1.022869885741e+003
2.812486019999997e+008   -6.612159626673e+005   -6.708151002846e+005    6.810709508057e+006   -7.035306243045e+003    2.868341352559e+003   -4.157020019387e+002
2.812490590000002e+008   -3.667436680877e+006    6.588803429428e+005    5.777335500551e+006   -5.797816685124e+003    2.873964250923e+003   -4.012530171433e+003
2.812494750000001e+008   -5.613383131924e+006    1.744074499441e+006    3.563814517597e+006   -3.430748544724e+003    2.282879128883e+003   -6.445134289310e+003
2.812496370000002e+008   -6.069694334000e+006    2.078792553214e+006    2.468539555285e+006   -2.226012572399e+003    1.869687917688e+003   -6.757505448527e+003
2.812496969999998e+008   -6.189774443181e+006    2.186300742024e+006    2.040728974758e+006   -1.774708355886e+003    1.712558060901e+003   -7.210848178640e+003
2.812496980000000e+008   -6.191545418272e+006    2.188011855610e+006    2.033516931151e+006   -1.767127967723e+003    1.709878429425e+003   -7.213350649232e+003
