2.826971970000001e+008    5.353913581681e+006   -1.043885119003e+006    4.196499926732e+006   -4.747110392895e+003   -3.339336419828e+002    5.937471763184e+003
2.826972569999997e+008    5.057530721025e+006   -1.061611211703e+006    4.543238386144e+006   -5.128715347141e+003   -2.567615953308e+002    5.616217995697e+003
2.826973169999999e+008    4.738918457381e+006   -1.074670237271e+006    4.869953831563e+006   -5.487820675944e+003   -1.784448734574e+002    5.270207520171e+003
2.826973770000001e+008    4.399472422967e+006   -1.083005346712e+006    5.175198485523e+006   -5.822881460926e+003   -9.934399526759e+001    4.900867799196e+003
2.826974370000003e+008    4.040683710819e+006   -1.086578993761e+006    5.457625913925e+006   -6.132324593834e+003   -1.980104057332e+001    4.509926250605e+003
2.826974969999999e+008    3.664127371122e+006   -1.085374615292e+006    5.715989044743e+006   -6.414887610084e+003    5.985995786874e+001    4.099030800101e+003
2.826975570000001e+008    3.271458300982e+006   -1.079397267527e+006    5.949145174704e+006   -6.669245356781e+003    1.392417115735e+002    3.670029267805e+003
2.826976170000002e+008    2.864401206618e+006   -1.068672731748e+006    6.156064485726e+006   -6.894340412286e+003    2.180482649118e+002    3.224769915732e+003
2.826976769999998e+008    2.444744267892e+006   -1.053247414166e+006    6.335829555270e+006   -7.089111990680e+003    2.958835532464e+002    2.765210995760e+003
2.826977370000000e+008    2.014332356884e+006   -1.033188280058e+006    6.487643867415e+006   -7.252706900456e+003    3.724356149721e+002    2.293421102816e+003
2.826977970000002e+008    1.575056045491e+006   -1.008582364723e+006    6.610831830834e+006   -7.384448635725e+003    4.473766397831e+002    1.811359119350e+003
2.826979029999998e+008    7.832856902473e+005   -9.543424359020e+005    6.756896193810e+006   -7.537522084867e+003    5.747745110896e+002    9.413739576598e+002
2.826979630000001e+008    3.296419837820e+005   -9.177781379848e+005    6.798422077829e+006   -7.578386029189e+003    6.435255073456e+002    4.421832982406e+002
2.826981719999999e+008   -1.248935640075e+006   -7.600398482088e+005    6.708567062049e+006   -7.460219344828e+003    8.591538490452e+002   -1.298491590418e+003
2.826982320000001e+008   -1.693466595365e+006   -7.068506526373e+005    6.615880691058e+006   -7.352025981558e+003    9.130948945926e+002   -1.789806284339e+003
2.826982920000002e+008   -2.130529056102e+006   -6.505442031545e+005    6.493940239095e+006   -7.211375335913e+003    9.630262718508e+002   -2.273354146746e+003
2.826983540000003e+008   -2.572264438685e+006   -5.893496458968e+005    6.337764605573e+006   -7.032572267085e+003    1.010153901110e+003   -2.762684435331e+003
2.826984139999998e+008   -2.988230955721e+006   -5.274821771469e+005    6.158105906022e+006   -6.827889050865e+003    1.051255156721e+003   -3.223867225043e+003
2.826984740000001e+008   -3.391005224982e+006   -4.632860939650e+005    5.951182746342e+006   -6.592983110275e+003    1.087740525870e+003   -3.671039556490e+003
2.826985340000002e+008   -3.778803421961e+006   -3.970448009155e+005    5.717905202047e+006   -6.328871147997e+003    1.119434480231e+003   -4.102069775621e+003
2.826985939999998e+008   -4.149908268071e+006   -3.290494799616e+005    5.459294957051e+006   -6.036672207507e+003    1.146186875223e+003   -4.515146060525e+003
2.826986540000000e+008   -4.502673381469e+006   -2.596002684006e+005    5.176491810720e+006   -5.717789413882e+003    1.167885161499e+003   -4.908226123413e+003
2.826987140000002e+008   -4.835531839234e+006   -1.890050906385e+005    4.870741191889e+006   -5.373475462458e+003    1.184380745713e+003   -5.279647924308e+003
2.826987739999998e+008   -5.147007734566e+006   -1.175737755501e+005    4.543390678011e+006   -5.005250816300e+003    1.195675123994e+003   -5.627908979124e+003
2.826988339999999e+008   -5.435715010434e+006   -4.562403068452e+004    4.195887192959e+006   -4.614821351910e+003    1.201708815395e+003   -5.951226503618e+003
2.826988940000002e+008   -5.700372762341e+006    2.652737083509e+004    3.829767232416e+006   -4.203890991529e+003    1.202414980031e+003   -6.248237717645e+003
2.826989539999997e+008   -5.939805728572e+006    9.856124820193e+004    3.446651364514e+006   -3.774283320599e+003    1.197767809405e+003   -6.517529643666e+003
2.826990139999999e+008   -6.152950244879e+006    1.701600399861e+005    3.048238439737e+006   -3.327965317721e+003    1.187866234321e+003   -6.757929064390e+003
2.826990740000001e+008   -6.338849296230e+006    2.410037213281e+005    2.636290782628e+006   -2.866705627267e+003    1.172681554883e+003   -6.968423092628e+003
2.826991340000003e+008   -6.496705776260e+006    3.107800026448e+005    2.212648079247e+006   -2.392992382432e+003    1.152347301881e+003   -7.147887658663e+003
2.826991939999999e+008   -6.625797043029e+006    3.791815921822e+005    1.779180537484e+006   -1.908526845464e+003    1.126852763475e+003   -7.295669984909e+003
2.826992540000001e+008   -6.725561873990e+006    4.459031740692e+005    1.337815328913e+006   -1.415789049274e+003    1.096366079452e+003   -7.411036013709e+003
2.826993140000003e+008   -6.795564189051e+006    5.106504902082e+005    8.905134299666e+005   -9.168316012862e+002    1.061057960124e+003   -7.493492385384e+003
2.826993739999998e+008   -6.835500875974e+006    5.731373757382e+005    4.392609345658e+005   -4.139231445412e+002    1.021053348837e+003   -7.542705389951e+003
2.826994340000001e+008   -6.845201735223e+006    6.330888285854e+005   -1.394084583937e+004    9.062933998858e+001    9.765555941359e+002   -7.558441251200e+003
2.826994940000002e+008   -6.824637000843e+006    6.902396779672e+005   -4.670805700590e+005    5.945457351644e+002    9.277714104462e+002   -7.540646236836e+003
2.826995539999998e+008   -6.773910566328e+006    7.443389838986e+005   -9.181501780287e+005    1.095650407532e+003    8.748976274641e+002   -7.489446785835e+003
2.826996140000000e+008   -6.693260528708e+006    7.951486013371e+005   -1.365153189999e+006    1.591612404761e+003    8.181494366942e+002   -7.405139082932e+003
2.826996740000002e+008   -6.583061489807e+006    8.424491445185e+005   -1.806112002502e+006    2.080265830876e+003    7.579141463124e+002   -7.288079574134e+003
2.826997339999998e+008   -6.443815935191e+006    8.860307258315e+005   -2.239079502882e+006    2.559466514599e+003    6.942922402207e+002   -7.138874754977e+003
2.826997939999999e+008   -6.276157891667e+006    9.257065581966e+005   -2.662146862681e+006    3.027036626392e+003    6.277157256484e+002   -6.958191050210e+003
2.826998540000001e+008   -6.080846910648e+006    9.613039877441e+005   -3.073452747903e+006    3.480924898038e+003    5.584146414704e+002   -6.746935101182e+003
2.827079990000000e+008    6.857313920138e+006   -6.532767153653e+005    2.518877546680e+005   -3.827811892266e+002   -9.467669727872e+002    7.532369093678e+003
2.827080590000002e+008    6.819321456309e+006   -7.086122536727e+005    7.029441718210e+005   -8.831560261015e+002   -8.969880099465e+002    7.497318603851e+003
2.827081189999998e+008    6.751412354245e+006   -7.608359608688e+005    1.150907291587e+006   -1.379711919780e+003   -8.432038100431e+002    7.429292033697e+003
2.827081789999999e+008    6.653871127407e+006   -8.097208132789e+005    1.593804158239e+006   -1.870447583713e+003   -7.857007421304e+002    7.328526101391e+003
2.827082390000001e+008    6.527118573899e+006   -8.550509979895e+005    2.029684392973e+006   -2.353127328050e+003   -7.247752319966e+002    7.195467142059e+003
2.827082989999997e+008    6.371703541933e+006   -8.966263284973e+005    2.456626407146e+006   -2.825507445753e+003   -6.606294117450e+002    7.030691482445e+003
2.827083589999999e+008    6.188301117732e+006   -9.342638645718e+005    2.872747605167e+006   -3.285606303153e+003   -5.935717918040e+002    6.834915872239e+003
2.827084190000001e+008    5.977712002537e+006   -9.677962085580e+005    3.276212385604e+006   -3.731402212995e+003   -5.238615128727e+002    6.608976998237e+003
2.827084790000003e+008    5.740855799222e+006   -9.970766162793e+005    3.665240751906e+006   -4.160859377576e+003   -4.518558184279e+002    6.353871519584e+003
2.827085389999998e+008    5.478769152163e+006   -1.021974802430e+006    4.038116315650e+006   -4.572114955896e+003   -3.778599663505e+002    6.070736380547e+003
2.827085990000001e+008    5.192601248771e+006   -1.042380892063e+006    4.393193103706e+006   -4.963317950433e+003   -3.021603254427e+002    5.760798545730e+003
2.827086590000002e+008    4.883605789811e+006   -1.058204633559e+006    4.728902871390e+006   -5.332676161466e+003   -2.251291632843e+002    5.425465071775e+003
2.827087189999998e+008    4.553139250819e+006   -1.069376094472e+006    5.043763905281e+006   -5.678742170051e+003   -1.471524715853e+002    5.066093577605e+003
2.827087790000000e+008    4.202652038000e+006   -1.075845571716e+006    5.336386337670e+006   -5.999865082813e+003   -6.851555459267e+001    4.684361355143e+003
2.827088390000002e+008    3.833682525960e+006   -1.077584602124e+006    5.605474656250e+006   -6.294582506200e+003    1.048077708605e+001    4.282006003434e+003
2.827088989999998e+008    3.447853150024e+006   -1.074583364868e+006    5.849842710640e+006   -6.561644053743e+003    8.943422486652e+001    3.860645462619e+003
2.827089589999999e+008    3.046858218262e+006   -1.066856517277e+006    6.068410232000e+006   -6.799941376528e+003    1.679634134411e+002    3.422137906110e+003
2.827090190000002e+008    2.632460312626e+006   -1.054436304001e+006    6.260205839244e+006   -7.008293351962e+003    2.457903276236e+002    2.968571393777e+003
2.827090789999997e+008    2.206479156060e+006   -1.037377292128e+006    6.424381057004e+006   -7.185859905956e+003    3.225546123537e+002    2.501854538190e+003
2.827091389999999e+008    1.770788914910e+006   -1.015753785800e+006    6.560207820163e+006   -7.331817008812e+003    3.978860860157e+002    2.024015977775e+003
2.827091990000001e+008    1.327305823061e+006   -9.896602194917e+005    6.667083994048e+006   -7.445550120793e+003    4.714994218009e+002    1.537134697263e+003
2.827092590000003e+008    8.779791117883e+005   -9.592101966905e+005    6.744526889278e+006   -7.526503381589e+003    5.430460441752e+002    1.043379774235e+003
2.827093189999999e+008    4.247873616349e+005   -9.245372493113e+005    6.792194767717e+006   -7.574355642309e+003    6.122169649101e+002    5.448706714359e+002
2.827093790000001e+008   -3.027523403632e+004   -8.857924801738e+005    6.809866364990e+006   -7.588844481147e+003    6.787133331016e+002    4.387694820288e+001
2.827094399999999e+008   -4.927740678557e+005   -8.424031068386e+005    6.796994797588e+006   -7.569291993570e+003    7.432683047889e+002   -4.657524749221e+002
2.827095000000001e+008   -9.455131778000e+005   -7.959811405519e+005    6.754050903832e+006   -7.516446566966e+003    8.034909456793e+002   -9.651964691020e+002
2.827095600000002e+008   -1.394084595084e+006   -7.460502084746e+005    6.681254339864e+006   -7.430423766719e+003    8.601860823602e+002   -1.460504814316e+003
2.827096199999998e+008   -1.836509108248e+006   -6.928295292158e+005    6.578916862985e+006   -7.311646522787e+003    9.131079935697e+002   -1.949446829418e+003
2.827096800000000e+008   -2.270833804713e+006   -6.365526160408e+005    6.447485272886e+006   -7.160523238577e+003    9.620146406664e+002   -2.430051857152e+003
2.827097400000002e+008   -2.695139204516e+006   -5.774671416480e+005    6.287525423279e+006   -6.977790524409e+003    1.006687349613e+003   -2.899998702627e+003
2.827097999999998e+008   -3.107549191385e+006   -5.158327642501e+005    6.099738238250e+006   -6.764142483608e+003    1.046970247160e+003   -3.357386237860e+003
2.827098600000000e+008   -3.506240062373e+006   -4.519200594364e+005    5.884948227072e+006   -6.520632880790e+003    1.082619121521e+003   -3.799772751044e+003
2.827099200000002e+008   -3.889443637746e+006   -3.860109737515e+005    5.644088489247e+006   -6.248143834728e+003    1.113483482564e+003   -4.225826807602e+003
2.827099799999998e+008   -4.255462415244e+006   -3.183954927123e+005    5.378224239446e+006   -5.947973237282e+003    1.139458537341e+003   -4.633116290193e+003
2.827100399999999e+008   -4.602672808326e+006   -2.493731296116e+005    5.088522812691e+006   -5.621423459114e+003    1.160390813189e+003   -5.020069077661e+003
2.827101000000001e+008   -4.929534280943e+006   -1.792478060972e+005    4.776261679537e+006   -5.269946022491e+003    1.176207673611e+003   -5.384732800775e+003
2.827101599999997e+008   -5.234594924933e+006   -1.083285878404e+005    4.442813955122e+006   -4.895031334894e+003    1.186833677097e+003   -5.725825027799e+003
2.827102199999999e+008   -5.516501102616e+006   -3.693020995326e+004    4.089664114921e+006   -4.498365132217e+003    1.192190268044e+003   -6.041513007363e+003
2.827102800000001e+008   -5.773998895337e+006    3.463207829056e+004    3.718367697305e+006   -4.081746368756e+003    1.192297901902e+003   -6.330453798976e+003
2.827103400000003e+008   -6.005945047277e+006    1.060427973593e+005    3.330570821463e+006   -3.646917126427e+003    1.187112097005e+003   -6.591364558241e+003
2.827103999999999e+008   -6.211308784745e+006    1.769831631584e+005    2.927991690197e+006   -3.196025058277e+003    1.176664060960e+003   -6.822991774669e+003
2.827104600000001e+008   -6.389180869270e+006    2.471409201277e+005    2.512417605193e+006   -2.730885161178e+003    1.161023614680e+003   -7.024362479529e+003
2.827105200000002e+008   -6.538772923225e+006    3.162049822314e+005    2.085691565635e+006   -2.253680374334e+003    1.140237706828e+003   -7.194543104270e+003
2.827105799999998e+008   -6.659425095248e+006    3.838710055157e+005    1.649708681005e+006   -1.766501007904e+003    1.114382481161e+003   -7.332830230461e+003
2.827106400000000e+008   -6.750605254673e+006    4.498381999423e+005    1.206405169591e+006   -1.271671676293e+003    1.083674538247e+003   -7.438490050048e+003
2.827107000000002e+008   -6.811915624046e+006    5.138156490145e+005    7.577489696283e+005   -7.712483589348e+002    1.048093497165e+003   -7.511189205777e+003
2.827107599999998e+008   -6.843093396217e+006    5.755206730987e+005    3.057318402135e+005   -2.675951261442e+002    1.007939998413e+003   -7.550523821383e+003
2.827108200000000e+008   -6.844009732543e+006    6.346810714328e+005   -1.476409402272e+005    2.370281885415e+002    9.633318971617e+002   -7.556350200066e+003
2.827108800000002e+008   -6.814672559730e+006    6.910363879864e+005   -6.003596693184e+005    7.404129328520e+002    9.144643208322e+002   -7.528694725017e+003
2.827109409999999e+008   -6.753981691870e+006    7.451993399271e+005   -1.057885521246e+006    1.248644894923e+003    8.606848460838e+002   -7.466417366624e+003
2.827188000000002e+008    5.760925001960e+006   -1.365445619735e+004   -3.794767990702e+006    4.120539302216e+003   -1.180488614181e+003    6.266317075829e+003
2.827188599999998e+008    5.995393602387e+006   -8.440535382456e+004   -3.410751932872e+006    3.692324180027e+003   -1.176940735851e+003    6.529547333540e+003
2.827189200000000e+008    6.203672887165e+006   -1.547871672179e+005   -3.011794743091e+006    3.247723558068e+003   -1.168239496768e+003    6.764214587252e+003
2.827189800000002e+008    6.384834202410e+006   -2.244934265494e+005   -2.599636690601e+006    2.788648747290e+003   -1.154429433797e+003    6.969365710468e+003
2.827190399999998e+008    6.538076235494e+006   -2.932186828713e+005   -2.176078152849e+006    2.317391230220e+003   -1.135536505031e+003    7.144066956317e+003
2.827190999999999e+008    6.662710485428e+006   -3.606606988353e+005   -1.742972591839e+006    1.835537969178e+003   -1.111679273329e+003    7.287525724816e+003
2.827191600000001e+008    6.758178077660e+006   -4.265241619537e+005   -1.302216081787e+006    1.345419442973e+003   -1.082953596891e+003    7.399028202132e+003
2.827192199999997e+008    6.824045971050e+006   -4.905197750136e+005   -8.557408028698e+005    8.493036283404e+002   -1.049467528809e+003    7.478080676204e+003
2.827192799999999e+008    6.860008524079e+006   -5.523664370926e+005   -4.055046438853e+005    3.491595596838e+002   -1.011328816752e+003    7.524269923561e+003
2.827193400000001e+008    6.865901226188e+006   -6.117933333255e+005    4.651237520962e+004   -1.527894010846e+002   -9.687950935518e+002    7.537442298066e+003
2.827194000000003e+008    6.841689072496e+006   -6.685343977844e+005    4.983252225849e+005   -6.541187257039e+002   -9.219475532503e+002    7.517443833424e+003
2.827194599999998e+008    6.787458049144e+006   -7.223446053797e+005    9.479453676515e+005   -1.152813597552e+003   -8.710326151756e+002    7.464371225065e+003
2.827195200000001e+008    6.703439640818e+006   -7.729853124595e+005    1.393392441741e+006   -1.646700232094e+003   -8.163278218487e+002    7.378420907191e+003
2.827195800000002e+008    6.589994894189e+006   -8.202311862107e+005    1.832705963822e+006   -2.133470787380e+003   -7.579853827146e+002    7.259969101249e+003
2.827196399999998e+008    6.447612237574e+006   -8.638758357447e+005    2.263948943785e+006   -2.610941609995e+003   -6.962979004771e+002    7.109502224849e+003
2.827197000000000e+008    6.276909916600e+006   -9.037258749649e+005    2.685219678767e+006   -3.077105592362e+003   -6.315702510976e+002    6.927686983697e+003
2.827197600000002e+008    6.078632511505e+006   -9.396042971454e+005    3.094660758687e+006   -3.529824816652e+003   -5.640344516746e+002    6.715309873404e+003
2.827198199999998e+008    5.853643609231e+006   -9.713551172241e+005    3.490463577991e+006   -3.967090124788e+003   -4.939928520804e+002    6.473307596706e+003
2.827198799999999e+008    5.602929958168e+006   -9.988373283737e+005    3.870884729180e+006   -4.386996511379e+003   -4.217752115233e+002    6.202737025315e+003
2.827199400000002e+008    5.327589179598e+006   -1.021929153004e+006    4.234245522680e+006   -4.787709224166e+003   -3.476989627556e+002    5.904775146471e+003
2.827199999999997e+008    5.028828011531e+006   -1.040528645881e+006    4.578937789686e+006   -5.167407974153e+003   -2.720961418674e+002    5.580758970502e+003
2.827200599999999e+008    4.707956227565e+006   -1.054553396010e+006    4.903443892136e+006   -5.524409500157e+003   -1.952715727957e+002    5.232085733043e+003
2.827201200000001e+008    4.366383914141e+006   -1.063941239543e+006    5.206326527112e+006   -5.857189800558e+003   -1.175935121884e+002    4.860332927093e+003
2.827201800000003e+008    4.005609874372e+006   -1.068649919189e+006    5.486253245836e+006   -6.164217356961e+003   -3.937466961730e+001    4.467078036051e+003
2.827202399999999e+008    3.627218961888e+006   -1.068659048122e+006    5.741982957910e+006   -6.444186082978e+003    3.902038628203e+001    4.054088909410e+003
2.827203000000001e+008    3.232873729950e+006   -1.063967742274e+006    5.972385945105e+006   -6.695830293885e+003    1.172483270273e+002    3.623193463779e+003
2.827203600000002e+008    2.824306853654e+006   -1.054596264842e+006    6.176443373662e+006   -6.918060555207e+003    1.949767683844e+002    3.176189904277e+003
2.827204199999998e+008    2.403314841869e+006   -1.040584876266e+006    6.353251304626e+006   -7.109882278847e+003    2.718300673225e+002    2.715196589316e+003
2.827204800000000e+008    1.971747679522e+006   -1.021994901844e+006    6.502024710725e+006   -7.270424663557e+003    3.475264933485e+002    2.242112083894e+003
2.827205400000002e+008    1.531503954065e+006   -9.989068943609e+005    6.622104984439e+006   -7.399020373838e+003    4.217081552524e+002    1.759075282104e+003
2.827205999999998e+008    1.084517337506e+006   -9.714221597021e+005    6.712957460004e+006   -7.495039405451e+003    4.940322731164e+002    1.268105139619e+003
2.827206600000000e+008    6.327570113023e+005   -9.396609896066e+005    6.774170412810e+006   -7.558101651204e+003    5.642263719999e+002    7.715010243276e+002
2.827207200000002e+008    1.782102106759e+005   -9.037617322221e+005    6.805470087989e+006   -7.587900458057e+003    6.319109054753e+002    2.713824186741e+002
2.827207799999998e+008   -2.771217510241e+005   -8.638821756890e+005    6.806714206838e+006   -7.584276424226e+003    6.968682219684e+002   -2.300709462345e+002
2.827208399999999e+008   -7.312330289484e+005   -8.201958626510e+005    6.777881982588e+006   -7.547217811527e+003    7.587522333269e+002   -7.306491042088e+002
2.827209000000001e+008   -1.182122070616e+006   -7.728935909950e+005    6.719091134774e+006   -7.476899477956e+003    8.173372918436e+002   -1.228171778236e+003
2.827209599999997e+008   -1.627800256633e+006   -7.221837637435e+005    6.630601403346e+006   -7.373566228848e+003    8.722866299288e+002   -1.720458582419e+003
2.827210199999999e+008   -2.066299643483e+006   -6.682890790394e+005    6.512789061452e+006   -7.237706581572e+003    9.234580605438e+002   -2.205248722901e+003
2.827210800000001e+008   -2.495684243176e+006   -6.114454295650e+005    6.366165933952e+006   -7.069856115976e+003    9.705556002757e+002   -2.680441336639e+003
2.827211400000003e+008   -2.914055438737e+006   -5.519030856030e+005    6.191370906203e+006   -6.870728726127e+003    1.013395957295e+003   -3.143945263635e+003
2.827211999999999e+008   -3.319561789019e+006   -4.899237011161e+005    5.989167440226e+006   -6.641205932874e+003    1.051749128990e+003   -3.593699072234e+003
2.827212600000001e+008   -3.710409490701e+006   -4.257803281877e+005    5.760441591806e+006   -6.382256570856e+003    1.085502915123e+003   -4.027681182333e+003
2.827213200000002e+008   -4.084866154762e+006   -3.597557835801e+005    5.506195516737e+006   -6.095036835749e+003    1.114443538303e+003   -4.444069712824e+003
2.827213799999998e+008   -4.441270760018e+006   -2.921414617057e+005    5.227548487148e+006   -5.780758975349e+003    1.138483171872e+003   -4.840762684412e+003
2.827214400000000e+008   -4.778043396828e+006   -2.232345719251e+005    4.925728407561e+006   -5.440832479950e+003    1.157497215638e+003   -5.216197797920e+003
2.827298989999997e+008    4.416461738929e+006    3.099823501895e+005   -5.290697747227e+006    5.795225040925e+003   -1.120590355176e+003    4.769485821121e+003
2.827299589999999e+008    4.754295100473e+006    2.421138134450e+005   -4.993174579504e+006    5.461850798289e+003   -1.140720443364e+003    5.144320454395e+003
2.827300190000001e+008    5.071409878253e+006    1.731945306427e+005   -4.673829056962e+006    5.104698360550e+003   -1.155750637618e+003    5.496724189899e+003
2.827300790000003e+008    5.366407701138e+006    1.035190215379e+005   -4.334044380261e+006    4.724977506030e+003   -1.165860678747e+003    5.825325039079e+003
2.827301389999998e+008    5.637991460084e+006    3.339190671712e+004   -3.975296915269e+006    4.324471458452e+003   -1.170833953362e+003    6.128570094636e+003
2.827301990000001e+008    5.884965705191e+006   -3.688050274449e+004   -3.599148694102e+006    3.904924971483e+003   -1.170678437146e+003    6.405156501589e+003
2.827302590000002e+008    6.106238638705e+006   -1.069911829465e+005   -3.207237918425e+006    3.468063390969e+003   -1.165461495390e+003    6.653811433820e+003
2.827303189999998e+008    6.300828060762e+006   -1.766351423548e+005   -2.801272469302e+006    3.015849266669e+003   -1.155128111321e+003    6.873421683448e+003
2.827303790000000e+008    6.467871025173e+006   -2.455062617158e+005   -2.383025922826e+006    2.550227075119e+003   -1.139700164348e+003    7.063024068585e+003
2.827304390000002e+008    6.606621882612e+006   -3.133037961641e+005   -1.954325347226e+006    2.073097239169e+003   -1.119349543932e+003    7.221745472196e+003
2.827304989999998e+008    6.716458201266e+006   -3.797303085877e+005   -1.517049012440e+006    1.586747986022e+003   -1.094036358654e+003    7.348832153490e+003
2.827305589999999e+008    6.796887283181e+006   -4.444933974419e+005   -1.073111400845e+006    1.093146360678e+003   -1.063939619996e+003    7.443700886464e+003
2.827306190000002e+008    6.847540662289e+006   -5.073093397406e+005   -6.244597984308e+005    5.945917173690e+002   -1.029167991481e+003    7.505897905267e+003
2.827306789999997e+008    6.868184233301e+006   -5.679017167534e+005   -1.730635112836e+005    9.319613079915e+001   -9.898517522639e+002    7.535129749420e+003
2.827307389999999e+008    6.858713194937e+006   -6.260044776402e+005    2.790928425381e+005   -4.088387825911e+002   -9.461848181657e+002    7.531242809097e+003
2.827307990000001e+008    6.819160048079e+006   -6.813605104303e+005    7.300213200095e+005   -9.091760149991e+002   -8.983387879322e+002    7.494183254255e+003
2.827308590000003e+008    6.749683695976e+006   -7.337283019953e+005    1.177736970645e+006   -1.405809754291e+003   -8.465731690854e+002    7.424177792523e+003
2.827309189999999e+008    6.650581115289e+006   -7.828757163289e+005    1.620268117729e+006   -1.896400780592e+003   -7.910460541469e+002    7.321452591205e+003
2.827309790000001e+008    6.522279549006e+006   -8.285856975079e+005    2.055665270811e+006   -2.378845075558e+003   -7.320662154708e+002    7.186444195174e+003
2.827310390000003e+008    6.365333719015e+006   -8.706568730648e+005    2.482008730247e+006   -2.850821624676e+003   -6.698154757614e+002    7.019788800843e+003
2.827310989999998e+008    6.180428519548e+006   -9.089034045480e+005    2.897419482811e+006   -3.310469892535e+003   -6.046393211300e+002    6.822133349690e+003
2.827311590000001e+008    5.968366828688e+006   -9.431563538453e+005    3.300062921569e+006   -3.755670095100e+003   -5.367693013636e+002    6.594374365080e+003
2.827312190000002e+008    5.730077234788e+006   -9.732650370283e+005    3.688163633188e+006   -4.184370859414e+003   -4.665317335204e+002    6.337568477848e+003
2.827312789999998e+008    5.466602778895e+006   -9.990961020772e+005    4.060008216401e+006   -4.594869343399e+003   -3.942206438481e+002    6.052712890235e+003
2.827313390000000e+008    5.179100715421e+006   -1.020535284578e+006    4.413957782322e+006   -4.985118685581e+003   -3.201871867871e+002    5.741214239678e+003
2.827313990000002e+008    4.868827842783e+006   -1.037487897536e+006    4.748445778408e+006   -5.353502185309e+003   -2.447365881698e+002    5.404309869021e+003
2.827314589999998e+008    4.537144930915e+006   -1.049878353017e+006    5.061995481267e+006   -5.698434388908e+003   -1.682008194279e+002    5.043547171312e+003
2.827315189999999e+008    4.185513084307e+006   -1.057651850829e+006    5.353225002526e+006   -6.018323942035e+003   -9.090394213501e+001    4.660533530399e+003
2.827315790000001e+008    3.815474856180e+006   -1.060773393617e+006    5.620845819760e+006   -6.311773267068e+003   -1.318752700647e+001    4.256876646148e+003
2.827316389999997e+008    3.428654749407e+006   -1.059229673392e+006    5.863674275597e+006   -6.577485601707e+003    6.457380821504e+001    3.834464382058e+003
2.827316989999999e+008    3.026752711983e+006   -1.053025816610e+006    6.080637588522e+006   -6.814328955696e+003    1.420470290494e+002    3.395034872879e+003
2.827317590000001e+008    2.611535280953e+006   -1.042189003451e+006    6.270775867179e+006   -7.021172296912e+003    2.189626654584e+002    2.940586258343e+003
2.827318189999996e+008    2.184827653799e+006   -1.026766449813e+006    6.433246123450e+006   -7.197183663476e+003    2.948743784695e+002    2.473067158632e+003
2.827318789999999e+008    1.748505426309e+006   -1.006825276666e+006    6.567328285971e+006   -7.341551742017e+003    3.695115667313e+002    1.994626236457e+003
2.827319390000001e+008    1.304486319257e+006   -9.824522442543e+005    6.672420713673e+006   -7.453640191943e+003    4.425390418853e+002    1.507242437312e+003
2.827319990000002e+008    8.547255485510e+005   -9.537541181544e+005    6.748063703366e+006   -7.532915185696e+003    5.136267035341e+002    1.013094874852e+003
2.827320589999998e+008    4.012006053622e+005   -9.208563240785e+005    6.793907014653e+006   -7.579046688912e+003    5.824845763097e+002    5.144529980594e+002
2.827321190000000e+008   -5.409099843911e+004   -8.839031085166e+005    6.809747873654e+006   -7.591801479042e+003    6.487757335910e+002    1.328641157441e+001
2.827321790000002e+008   -5.091462124651e+005   -8.430550699616e+005    6.795498496774e+006   -7.571109199416e+003    7.122241822570e+002   -4.879850100705e+002
2.827322400000000e+008   -9.694745910060e+005   -7.977189770542e+005    6.750230921394e+006   -7.515878452002e+003    7.735540781312e+002   -9.955930249820e+002
2.827323000000002e+008   -1.417958784665e+006   -7.495799641954e+005    6.675613575497e+006   -7.428106190147e+003    8.304328389349e+002   -1.490624455879e+003
2.827323599999998e+008   -1.860192470668e+006   -6.981343323334e+005    6.571486130643e+006   -7.307538395334e+003    8.836847250709e+002   -1.979189686431e+003
2.827324200000000e+008   -2.294219255152e+006   -6.436100656806e+005    6.438283876885e+006   -7.154707707486e+003    9.330566996686e+002   -2.459197855285e+003
2.827324800000002e+008   -2.718123075131e+006   -5.862461565395e+005    6.276592669879e+006   -6.970229374582e+003    9.783240652132e+002   -2.928517964554e+003
2.827325399999998e+008   -3.130028459279e+006   -5.262944269070e+005    6.087117931183e+006   -6.754903824808e+003    1.019273467352e+003   -3.385018712953e+003
2.827325999999999e+008   -3.528112590769e+006   -4.640190581485e+005    5.870688668014e+006   -6.509675977514e+003    1.055742462843e+003   -3.826688560583e+003
2.827326600000001e+008   -3.910611168761e+006   -3.996943646710e+005    5.628251482935e+006   -6.235593567209e+003    1.087560626260e+003   -4.251555799827e+003
2.827327199999997e+008   -4.275829410251e+006   -3.336035479052e+005    5.360874091911e+006   -5.933832130348e+003    1.114577830258e+003   -4.657718513155e+003
2.827327799999999e+008   -4.622146305720e+006   -2.660391090709e+005    5.069733331240e+006   -5.605797122551e+003    1.136708228650e+003   -5.043364404032e+003
2.827328400000001e+008   -4.948025872502e+006   -1.972977747858e+005    4.756114176195e+006   -5.252824477200e+003    1.153755999919e+003   -5.406791295044e+003
2.827328970000002e+008   -5.237361047142e+006   -1.311814324492e+005    4.438614126175e+006   -4.895865889385e+003    1.165263811471e+003   -5.729894920894e+003
