2.825711969999999e+008    6.388094425354e+006   -4.178187622328e+005   -2.568317553422e+006    2.720033880799e+003   -1.232879414056e+003    6.982765198489e+003
2.825712570000001e+008    6.537209764055e+006   -4.908241434678e+005   -2.144027452548e+006    2.248590912746e+003   -1.199744240002e+003    7.155097566286e+003
2.825713170000003e+008    6.657724399431e+006   -5.616838000475e+005   -1.710331889249e+006    1.767192827382e+003   -1.161286465709e+003    7.296126413638e+003
2.825713769999999e+008    6.749105105957e+006   -6.300820575446e+005   -1.269131679751e+006    1.277677728397e+003   -1.117806524459e+003    7.405198720973e+003
2.825714370000001e+008    6.810934012277e+006   -6.957212979279e+005   -8.223586297294e+005    7.824177915762e+002   -1.069394015874e+003    7.481790605956e+003
2.825714970000003e+008    6.842925527552e+006   -7.583133858674e+005   -3.719733615698e+005    2.835611715539e+002   -1.016235531860e+003    7.525548548064e+003
2.825715569999998e+008    6.844931077764e+006   -8.175814233167e+005    8.004587782675e+004   -2.167460275220e+002   -9.586389324499e+002    7.536239024569e+003
2.825716170000001e+008    6.816929034359e+006   -8.732653276666e+005    5.317133332547e+005   -7.162748882388e+002   -8.967901908915e+002    7.513798383396e+003
2.825716770000002e+008    6.759034658958e+006   -9.251181490814e+005    9.810421251344e+005   -1.212816767211e+003   -8.310036297199e+002    7.458322999776e+003
2.825717369999998e+008    6.671491690336e+006   -9.729119607673e+005    1.426055363001e+006   -1.704214822553e+003   -7.615297614367e+002    7.370009336776e+003
2.825717970000000e+008    6.554675690582e+006   -1.016436488511e+006    1.864793740111e+006   -2.188208145809e+003   -6.887480710496e+002    7.249243681550e+003
2.825718570000002e+008    6.409091246885e+006   -1.055499646376e+006    2.295325038006e+006   -2.662831179422e+003   -6.128971183752e+002    7.096522810822e+003
2.825719169999998e+008    6.235371677450e+006   -1.089928990274e+006    2.715752226937e+006   -3.125750560777e+003   -5.343338337320e+002    6.912542894851e+003
2.825719769999999e+008    6.034275357292e+006   -1.119572172328e+006    3.124221771860e+006   -3.575058346940e+003   -4.534386462699e+002    6.698100798271e+003
2.825720370000002e+008    5.806678557247e+006   -1.144298519739e+006    3.518935144084e+006   -4.008734331914e+003   -3.705246433280e+002    6.454123205609e+003
2.825720969999997e+008    5.553576923176e+006   -1.163999025192e+006    3.898148418855e+006   -4.424913721125e+003   -2.859618567339e+002    6.181647052883e+003
2.825721569999999e+008    5.276082014299e+006   -1.178586582734e+006    4.260192581034e+006   -4.821633473152e+003   -2.001525691609e+002    5.881959114369e+003
2.825722170000001e+008    4.975405828281e+006   -1.187996241727e+006    4.603466050363e+006   -5.197198279567e+003   -1.134451089076e+002    5.556306604457e+003
2.825722769999997e+008    4.652868404434e+006   -1.192186530793e+006    4.926454969013e+006   -5.550024158383e+003   -2.623519276375e+001    5.206136917549e+003
2.825723369999999e+008    4.309886002608e+006   -1.191139051315e+006    5.227736520924e+006   -5.878494605374e+003    6.110600727042e+001    4.832967396164e+003
2.825723970000001e+008    3.947963861196e+006   -1.184856418821e+006    5.505982243750e+006   -6.181152052257e+003    1.481873123816e+002    4.438455641864e+003
2.825724570000002e+008    3.568689258752e+006   -1.173367413438e+006    5.759960039957e+006   -6.456656122708e+003    2.346124398645e+002    4.024399447720e+003
2.825725169999998e+008    3.173728990810e+006   -1.156720702253e+006    5.988551181270e+006   -6.703863216503e+003    3.200186707594e+002    3.592456929844e+003
2.825725770000000e+008    2.764816188873e+006   -1.134990270775e+006    6.190742329948e+006   -6.921586316008e+003    4.040177248017e+002    3.144716132771e+003
2.825726370000002e+008    2.343747956328e+006   -1.108269366253e+006    6.365640042962e+006   -7.108894933351e+003    4.862597523200e+002    2.683045521863e+003
2.825726969999998e+008    1.912373899277e+006   -1.076675368699e+006    6.512469290502e+006   -7.264995046795e+003    5.663858196801e+002    2.209383785207e+003
2.825727570000000e+008    1.472587595890e+006   -1.040346265936e+006    6.630574970095e+006   -7.389148369573e+003    6.440540381797e+002    1.726019703278e+003
2.825728170000002e+008    1.026323729201e+006   -9.994414050517e+005    6.719432911270e+006   -7.480863527147e+003    7.188575664295e+002    1.234822456503e+003
2.825728769999998e+008    5.755442057801e+005   -9.541395096254e+005    6.778645898336e+006   -7.539634579782e+003    7.905397274344e+002    7.381212092181e+002
2.825729369999999e+008    1.222308557222e+005   -9.046387982325e+005    6.807940682307e+006   -7.565272815014e+003    8.587700387387e+002    2.380456405094e+002
2.825729970000001e+008   -3.316206431680e+005   -8.511562848706e+005    6.807183990882e+006   -7.557565916497e+003    9.232219168502e+002   -2.632346088641e+002
2.825730569999997e+008   -7.840116072840e+005   -7.939263435642e+005    6.776369546224e+006   -7.516619523370e+003    9.836354547870e+002   -7.635693753418e+002
2.825731169999999e+008   -1.232949614446e+006   -7.331997236387e+005    6.715623080157e+006   -7.442506781355e+003    1.039748213894e+003   -1.260628548340e+003
2.825731770000001e+008   -1.676454570905e+006   -6.692430271580e+005    6.625202344106e+006   -7.335568604095e+003    1.091276751068e+003   -1.752291580891e+003
2.825732370000003e+008   -2.112569850990e+006   -6.023370255013e+005    6.505497627389e+006   -7.196265927550e+003    1.138004688070e+003   -2.236357726588e+003
2.825732969999999e+008   -2.539369279261e+006   -5.327755894901e+005    6.357029768671e+006   -7.025161040592e+003    1.179760293402e+003   -2.710806071503e+003
2.825733570000001e+008   -2.954966550300e+006   -4.608646669742e+005    6.180441171403e+006   -6.822993501911e+003    1.216300087215e+003   -3.173395415061e+003
2.825734170000002e+008   -3.357524031898e+006   -3.869202299976e+005    5.976503818312e+006   -6.590669660876e+003    1.247525000774e+003   -3.622064277517e+003
2.825734769999998e+008   -3.745259967741e+006   -3.112681026833e+005    5.746110283172e+006   -6.329123153789e+003    1.273222934653e+003   -4.054941140110e+003
2.825735370000000e+008   -4.116456133580e+006   -2.342413995988e+005    5.490270243435e+006   -6.039547200045e+003    1.293335060943e+003   -4.469934052302e+003
2.825735970000002e+008   -4.469467272518e+006   -1.561799744412e+005    5.210107495669e+006   -5.723164844116e+003    1.307712791949e+003   -4.865311019525e+003
2.825736569999998e+008   -4.802725353979e+006   -7.742858769198e+004    4.906854462601e+006   -5.381340072377e+003    1.316319983865e+003   -5.239379811620e+003
2.825737169999999e+008   -5.114751498467e+006    1.665996827392e+003    4.581847712736e+006   -5.015652798070e+003    1.319113715100e+003   -5.590237845566e+003
2.825737770000002e+008   -5.404157662134e+006    8.075323294117e+004    4.236521463018e+006   -4.627653555499e+003    1.316097338882e+003   -5.916402584752e+003
2.825738369999998e+008   -5.669660166063e+006    1.594839780712e+005    3.872404801180e+006   -4.219118546501e+003    1.307230387930e+003   -6.216391125815e+003
2.825738969999999e+008   -5.910074445071e+006    2.375078129021e+005    3.491103877012e+006   -3.791749194327e+003    1.292558694246e+003   -6.488920683828e+003
2.825739570000001e+008   -6.124336284524e+006    3.144820594368e+005    3.094311437505e+006   -3.347606569281e+003    1.272217668116e+003   -6.732627881759e+003
2.825740170000003e+008   -6.311490285870e+006    3.900637677146e+005    2.683783807591e+006   -2.888584576026e+003    1.246231857859e+003   -6.946509621504e+003
2.825740769999999e+008   -6.470707323423e+006    4.639190055654e+005    2.261343419113e+006   -2.416703906607e+003    1.214670276650e+003   -7.129592595708e+003
2.825741370000001e+008   -6.601281522365e+006    5.357195888251e+005    1.828864605711e+006   -1.934188868689e+003    1.177797156654e+003   -7.280983155177e+003
2.825741970000003e+008   -6.702637285265e+006    6.051502251602e+005    1.388268714634e+006   -1.443098721530e+003    1.135653237269e+003   -7.400117931448e+003
2.825822400000002e+008    5.115331411853e+006    1.310045204142e+004   -4.628492219362e+006    5.018935220813e+003   -1.305040743558e+003    5.542556628491e+003
2.825823029999998e+008    5.418992287163e+006   -6.906914783277e+004   -4.268434160515e+006    4.616502387856e+003   -1.302894287461e+003    5.883384723691e+003
2.825826730000002e+008    6.636220251866e+006   -5.321842295987e+005   -1.800869610880e+006    1.870124855147e+003   -1.165724328438e+003    7.269630158912e+003
2.825827329999997e+008    6.733820995795e+006   -6.009065494532e+005   -1.361050738850e+006    1.382007773243e+003   -1.124399303156e+003    7.385309730790e+003
2.825827970000002e+008    6.805423641510e+006   -6.713071076159e+005   -8.853774173913e+005    8.546222022496e+002   -1.074901241937e+003    7.473013796649e+003
2.825828590000002e+008    6.842448201328e+006   -7.363224898283e+005   -4.203272667998e+005    3.393026727749e+002   -1.021351667426e+003    7.522948280526e+003
2.825829290000003e+008    6.845765006290e+006   -8.055704399765e+005    1.069866474755e+005   -2.446597422597e+002   -9.559493360310e+002    7.535895407226e+003
2.825830019999998e+008    6.805716592076e+006   -8.726590511175e+005    6.561713427185e+005   -8.521267483441e+002   -8.811853493044e+002    7.501981299557e+003
2.825830799999998e+008    6.714116393862e+006   -9.380765947283e+005    1.238157886228e+006   -1.495295916432e+003   -7.950047699018e+002    7.411635966894e+003
2.825831540000001e+008    6.581184404193e+006   -9.937196314356e+005    1.781857155440e+006   -2.095482913361e+003   -7.078954020290e+002    7.274830383843e+003
2.825832240000001e+008    6.414988200007e+006   -1.040253611586e+006    2.285250735503e+006   -2.650699230139e+003   -6.209723269057e+002    7.100691263585e+003
2.825832890000002e+008    6.226316715314e+006   -1.077900759054e+006    2.740493878039e+006   -3.152117892143e+003   -5.371337184079e+002    6.900594067430e+003
2.825833489999998e+008    6.023654206997e+006   -1.107728649256e+006    3.148197672943e+006   -3.600792729570e+003   -4.569282365919e+002    6.684460506514e+003
2.825834100000002e+008    5.790497545998e+006   -1.133065711042e+006    3.548472484467e+006   -4.040779569163e+003   -3.735922716224e+002    6.434242845897e+003
2.825834779999998e+008    5.499648065451e+006   -1.155241274242e+006    3.975557734685e+006   -4.509686478481e+003   -2.785226083182e+002    6.121032885479e+003
2.825835390000002e+008    5.212288746176e+006   -1.169580564344e+006    4.339614555452e+006   -4.908484114079e+003   -1.917377706381e+002    5.810568001538e+003
2.825836010000002e+008    4.895948720253e+006   -1.178737864470e+006    4.689354941481e+006   -5.291718348013e+003   -1.033487829686e+002    5.467217716564e+003
2.825836609999998e+008    4.567941165702e+006   -1.182312494990e+006    5.006840100582e+006   -5.638412319646e+003   -1.665069287185e+001    5.111037635805e+003
2.825837220000002e+008    4.213889741090e+006   -1.180628028446e+006    5.306982025681e+006   -5.965551204604e+003    7.155174905470e+001    4.725745633871e+003
2.825837849999998e+008    3.828154336901e+006   -1.173258283447e+006    5.591571453053e+006   -6.275073851307e+003    1.622237360666e+002    4.305124914388e+003
2.825838460000003e+008    3.436967478613e+006   -1.160704462929e+006    5.841245975267e+006   -6.545874697737e+003    2.491720750040e+002    3.877770750516e+003
2.825839059999998e+008    3.036948497790e+006   -1.143210773731e+006    6.060868610868e+006   -6.783222226507e+003    3.336106233062e+002    3.440141801143e+003
2.825839660000001e+008    2.623576351864e+006   -1.120691803395e+006    6.253767754454e+006   -6.990766503380e+003    4.166650199749e+002    2.987484075206e+003
2.825840260000002e+008    2.198667397864e+006   -1.093244951095e+006    6.419088932751e+006   -7.167672416671e+003    4.978454331729e+002    2.521276188139e+003
2.825840859999998e+008    1.764087955277e+006   -1.060989512967e+006    6.556101590053e+006   -7.313007918266e+003    5.768247192589e+002    2.043996605920e+003
2.825843579999999e+008   -2.743862698879e+005   -8.588049531906e+005    6.808571522231e+006   -7.562644858691e+003    8.985434433533e+002   -2.021338393539e+002
2.825844180000001e+008   -7.272041270071e+005   -8.030392756060e+005    6.781424318282e+006   -7.525809372094e+003    9.595907612999e+002   -7.026218962874e+002
2.825844780000003e+008   -1.176819163224e+006   -7.437350046649e+005    6.724317500948e+006   -7.455889681249e+003    1.016425438019e+003   -1.200204192399e+003
2.825845379999998e+008   -1.621248004305e+006   -6.811531981209e+005    6.637497818361e+006   -7.352951257785e+003    1.068731895160e+003   -1.692720631907e+003
2.825845980000001e+008   -2.058530908215e+006   -6.155681367601e+005    6.521338556861e+006   -7.217685247623e+003    1.116383328225e+003   -2.177930088044e+003
2.825846580000002e+008   -2.486736889408e+006   -5.472680794618e+005    6.376342049335e+006   -7.050569279653e+003    1.159261236254e+003   -2.653551782425e+003
2.825847179999998e+008   -2.903971833614e+006   -4.765542852399e+005    6.203138688521e+006   -6.852179430665e+003    1.196906621825e+003   -3.117764792248e+003
2.825847780000000e+008   -3.308391649122e+006   -4.037367360767e+005    6.002483948677e+006   -6.623504360620e+003    1.229346963112e+003   -3.568317497586e+003
2.825848380000002e+008   -3.698205518713e+006   -3.291371792220e+005    5.775253390754e+006   -6.365523425370e+003    1.256324948047e+003   -4.003198307260e+003
2.825848979999998e+008   -4.071685394772e+006   -2.530835250926e+005    5.522446678165e+006   -6.079254330572e+003    1.277768626690e+003   -4.420565559091e+003
2.825849579999999e+008   -4.427175916706e+006   -1.759113273974e+005    5.245173092898e+006   -5.766095667138e+003    1.293627140372e+003   -4.818486967612e+003
2.825850180000002e+008   -4.763100287753e+006   -9.796095043444e+004    4.944653045248e+006   -5.427311706665e+003    1.303753530917e+003   -5.195130471397e+003
2.825850779999997e+008   -5.077966340513e+006   -1.957674566843e+004    4.622211083753e+006   -5.064351266038e+003    1.308035176293e+003   -5.548953706371e+003
2.825851379999999e+008   -5.370374600908e+006    5.889452079834e+004    4.279270408429e+006   -4.678953521038e+003    1.306561938425e+003   -5.878173824456e+003
2.825851980000001e+008   -5.639026099263e+006    1.371041380055e+005    3.917346383541e+006   -4.272741154057e+003    1.299383940759e+003   -6.181458170362e+003
2.825852579999997e+008   -5.882726120063e+006    2.147082795050e+005    3.538041544036e+006   -3.847580901953e+003    1.286440256189e+003   -6.457333695110e+003
2.825853179999999e+008   -6.100391031664e+006    2.913598886629e+005    3.143034106306e+006   -3.405216537104e+003    1.267486131981e+003   -6.704587559500e+003
2.825853780000001e+008   -6.291054646710e+006    3.667234627627e+005    2.734076179256e+006   -2.947844699964e+003    1.243380512541e+003   -6.922226133729e+003
2.825854380000002e+008   -6.453871109036e+006    4.404669889813e+005    2.312981468628e+006   -2.477357710560e+003    1.213678053078e+003   -7.109076345373e+003
2.825855109999997e+008   -6.613378274961e+006    5.275259910151e+005    1.786989618811e+006   -1.890401494572e+003    1.170214089156e+003   -7.293757447612e+003
2.825855720000002e+008   -6.713474107398e+006    5.976477246109e+005    1.338310441577e+006   -1.390243888253e+003    1.128031226005e+003   -7.411396601615e+003
2.825856319999997e+008   -6.781969934571e+006    6.639540203299e+005    8.909863688012e+005   -8.920859093987e+002    1.081369293195e+003   -7.493882643808e+003
2.825856939999998e+008   -6.821219198894e+006    7.293815008733e+005    4.246210523575e+005   -3.734292557020e+002    1.028250085641e+003   -7.544202421902e+003
2.825857539999999e+008   -6.828525008675e+006    7.894206250399e+005   -2.863777610383e+004    1.300124077054e+002    9.722583909567e+002   -7.558847425139e+003
2.825858149999998e+008   -6.804994283029e+006    8.468775080143e+005   -4.893099071826e+005    6.409857782208e+002    9.111086459674e+002   -7.539364919132e+003
2.825858760000002e+008   -6.750374985962e+006    9.004715461977e+005   -9.477394978226e+005    1.149021886761e+003    8.454808946235e+002   -7.485347770384e+003
2.825859370000000e+008   -6.664926979070e+006    9.499510355923e+005   -1.401828831843e+006    1.651459431578e+003    7.762107189370e+002   -7.397121593385e+003
2.825860020000001e+008   -6.540409678702e+006    9.978990084290e+005   -1.878583788660e+006    2.178108835072e+003    6.984907208677e+002   -7.265935293955e+003
2.825860810000004e+008   -6.343551628281e+006    1.049194502411e+006   -2.444656185425e+006    2.802485568948e+003    5.994341097193e+002   -7.055859504880e+003
2.825863350000000e+008   -5.392256246198e+006    1.158269673268e+006   -4.117137438528e+006    4.637817056705e+003    2.540957912830e+002   -6.026962028116e+003
2.825863959999998e+008   -5.097319503234e+006    1.171126426969e+006   -4.475124422893e+006    5.028502646977e+003    1.675100680660e+002   -5.706053756033e+003
2.825948980000001e+008    5.259584546815e+006   -1.155949510432e+006    4.285997859396e+006   -4.849835350820e+003   -2.162775653102e+002    5.858755968329e+003
2.825949580000003e+008    4.957249989257e+006   -1.166374685085e+006    4.627822467227e+006   -5.224250929490e+003   -1.311203389894e+002    5.531210756521e+003
2.825950179999999e+008    4.633132995080e+006   -1.171671875645e+006    4.949254846109e+006   -5.575738405719e+003   -4.540740579918e+001    5.179238100734e+003
2.825952809999997e+008    2.992926754655e+006   -1.134299936225e+006    6.084046552354e+006   -6.809476445990e+003    3.276467476765e+002    3.389387167048e+003
2.825953960000002e+008    2.187792262394e+006   -1.087562226455e+006    6.423511186611e+006   -7.173869575170e+003    4.838116667363e+002    2.506698099459e+003
2.825957919999998e+008   -7.695814450600e+005   -7.993510309774e+005    6.776880805115e+006   -7.522811404629e+003    9.484604690178e+002   -7.514051982210e+002
2.825961529999999e+008   -3.352988043384e+006   -4.030425760319e+005    5.977440713532e+006   -6.598394221544e+003    1.217878490783e+003   -3.619055876323e+003
2.825962130000001e+008   -3.741192619100e+006   -3.291278528407e+005    5.747211593999e+006   -6.337086955173e+003    1.244929457738e+003   -4.052221825228e+003
2.825962730000003e+008   -4.112870601898e+006   -2.537595733052e+005    5.491523024201e+006   -6.047682267135e+003    1.266351702546e+003   -4.467493879832e+003
2.825963359999999e+008   -4.483545525655e+006   -1.734211905004e+005    5.196884491831e+006   -5.714987761394e+003    1.282969619913e+003   -4.882316828292e+003
2.825963960000001e+008   -4.816281227337e+006   -9.611702834537e+004    4.892642865957e+006   -5.372071455192e+003    1.292829908858e+003   -5.255386718200e+003
2.825964559999997e+008   -5.127719532054e+006   -1.838768238843e+004    4.566705459347e+006   -5.005312841461e+003    1.297054484708e+003   -5.605185759295e+003
2.825965159999999e+008   -5.416477800894e+006    5.942386665041e+004    4.220513001092e+006   -4.616338989864e+003    1.295592627676e+003   -5.930281295494e+003
2.825965760000001e+008   -5.681270319813e+006    1.369718938432e+005    3.855594878525e+006   -4.206800778674e+003    1.288412590069e+003   -6.229210630961e+003
2.825966360000002e+008   -5.920920986409e+006    2.139136738776e+005    3.473566158196e+006   -3.778585758648e+003    1.275372843086e+003   -6.500410688491e+003
2.825966959999998e+008   -6.134366166889e+006    2.899097484171e+005    3.076120590535e+006   -3.333494383880e+003    1.256750104788e+003   -6.742978514533e+003
2.825967560000000e+008   -6.320656364885e+006    3.646230869061e+005    2.665019112520e+006   -2.873791253337e+003    1.232646013035e+003   -6.955410405184e+003
2.825968160000002e+008   -6.478965678637e+006    4.377216683664e+005    2.242086563228e+006   -2.401230567162e+003    1.203043149303e+003   -7.137123496590e+003
2.825968759999998e+008   -6.608592706281e+006    5.088836386076e+005    1.809199885536e+006   -1.918042040477e+003    1.168047279232e+003   -7.287084142313e+003
2.825969360000000e+008   -6.708964190041e+006    5.777917639229e+005    1.368281731796e+006   -1.426340748424e+003    1.127909627289e+003   -7.404718876957e+003
2.825972979999998e+008   -6.678411977954e+006    9.293410849121e+005   -1.349705977890e+006    1.591858032092e+003    7.882534001027e+002   -7.409151852620e+003
2.825973579999999e+008   -6.568227844058e+006    9.745483317066e+005   -1.790940361400e+006    2.079612670384e+003    7.181672810303e+002   -7.293201197068e+003
2.825974200000000e+008   -6.423920279354e+006    1.016745096697e+006   -2.238531298361e+006    2.573578400713e+003    6.424362968251e+002   -7.139560889073e+003
2.826062989999998e+008    5.099478816242e+006   -1.150783740689e+006    4.475621162584e+006   -5.057095235015e+003   -1.809842482014e+002    5.682482224077e+003
2.826063589999999e+008    4.785070822274e+006   -1.159105439404e+006    4.806456325537e+006   -5.419354357707e+003   -9.638346751068e+001    5.341386971316e+003
2.826064190000002e+008    4.449632454231e+006   -1.162334511433e+006    5.116109021697e+006   -5.757754500252e+003   -1.124572857863e+001    4.976632774627e+003
2.826064789999997e+008    4.094640181962e+006   -1.160452604102e+006    5.403213840540e+006   -6.071008987944e+003    7.390194520942e+001    4.590137511911e+003
2.826065389999999e+008    3.721648575724e+006   -1.153469081791e+006    5.666503742914e+006   -6.357485950020e+003    1.587310733851e+002    4.183088506124e+003
2.826065990000001e+008    3.332295815948e+006   -1.141415935514e+006    5.904813052292e+006   -6.616123684121e+003    2.428909448016e+002    3.757714011065e+003
2.826066590000003e+008    2.928293426128e+006   -1.124342549107e+006    6.117089971788e+006   -6.845692453747e+003    3.259945798530e+002    3.315662003807e+003
2.826067189999999e+008    2.511414628187e+006   -1.102323254963e+006    6.302398102809e+006   -7.045167680112e+003    4.076122027625e+002    2.858900794633e+003
2.826067790000001e+008    2.083491731857e+006   -1.075456883251e+006    6.459908449324e+006   -7.213694321927e+003    4.875058747051e+002    2.389558979795e+003
2.826068390000003e+008    1.646407370202e+006   -1.043864891733e+006    6.588920932282e+006   -7.350572311249e+003    5.653065492191e+002    1.909535401941e+003
2.826068989999998e+008    1.202076560442e+006   -1.007673396095e+006    6.688872419752e+006   -7.455020041294e+003    6.405188868115e+002    1.420858764831e+003
2.826069590000001e+008    7.524549088750e+005   -9.670458579327e+005    6.759308711948e+006   -7.526767689332e+003    7.129911462611e+002    9.259686242582e+002
2.826070190000002e+008    2.995207110028e+005   -9.221589275743e+005    6.799917571622e+006   -7.565412471590e+003    7.824092941207e+002    4.269143108107e+002
2.826070789999998e+008   -1.547297467036e+005   -8.732174680791e+005    6.810501730991e+006   -7.570733399640e+003    8.483386613242e+002   -7.426455397409e+001
2.826071390000000e+008   -6.082976630007e+005   -8.204336472745e+005    6.791007418014e+006   -7.542723821225e+003    9.105424375176e+002   -5.752479890318e+002
2.826071990000002e+008   -1.059187790677e+006   -7.640318769222e+005    6.741517866059e+006   -7.481388963983e+003    9.687007121094e+002   -1.073895998099e+003
2.826072589999998e+008   -1.505409403696e+006   -7.042645788274e+005    6.662236814707e+006   -7.387147936640e+003    1.022617703094e+003   -1.568037903552e+003
2.826073189999999e+008   -1.944998284985e+006   -6.413880122449e+005    6.553515046817e+006   -7.260321335312e+003    1.072209225283e+003   -2.055023182625e+003
2.826073790000001e+008   -2.376006730245e+006   -5.756902375555e+005    6.415803370823e+006   -7.101385151691e+003    1.116947349117e+003   -2.533521081747e+003
2.826074389999997e+008   -2.796535540440e+006   -5.074510026546e+005    6.249714174928e+006   -6.911053369662e+003    1.156814050830e+003   -3.000830432969e+003
2.826074989999999e+008   -3.204725902222e+006   -4.369661362264e+005    6.055981412642e+006   -6.690168606334e+003    1.191564228079e+003   -3.454999870189e+003
2.826075590000001e+008   -3.598766535190e+006   -3.645588975226e+005    5.835427113864e+006   -6.439669926153e+003    1.221057458098e+003   -3.894117865009e+003
2.826076189999996e+008   -3.976912977954e+006   -2.905439453726e+005    5.589026918146e+006   -6.160555483599e+003    1.245103962664e+003   -4.316202794854e+003
2.826076789999999e+008   -4.337490565680e+006   -2.152433524005e+005    5.317868078744e+006   -5.854201734506e+003    1.263826566203e+003   -4.719202404862e+003
2.826077390000001e+008   -4.678898638194e+006   -1.389903466035e+005    5.023141969289e+006   -5.521842382841e+003    1.276861781161e+003   -5.101474696759e+003
2.826077990000002e+008   -4.999620092191e+006   -6.212545549796e+004    4.706143099562e+006   -5.164909347200e+003    1.284294261507e+003   -5.461247327375e+003
2.826078589999998e+008   -5.298229960727e+006    1.501236644805e+004    4.368272129919e+006   -4.785094302765e+003    1.286013595060e+003   -5.796937539134e+003
2.826079190000000e+008   -5.573402527122e+006    9.208427122905e+004    4.011023382810e+006   -4.383939571999e+003    1.282052594649e+003   -6.106972811430e+003
2.826079790000002e+008   -5.823926306564e+006    1.687501891421e+005    3.635974067155e+006   -3.962957004875e+003    1.272246780869e+003   -6.390040683106e+003
2.826080389999998e+008   -6.048664091887e+006    2.446669878004e+005    3.244790913059e+006   -3.525190482022e+003    1.257220954702e+003   -6.644546154938e+003
2.826083839999999e+008   -6.797926573069e+006    6.501700224982e+005    7.727609444278e+005   -7.654945553342e+002    1.064807222505e+003   -7.510150164746e+003
2.826084470000002e+008   -6.829555203368e+006    7.156238745887e+005    2.981159390679e+005   -2.376343064000e+002    1.011871447169e+003   -7.551744181874e+003
2.826085140000002e+008   -6.826630866792e+006    7.813893220522e+005   -2.082106820556e+005    3.249321918472e+002    9.502646094213e+002   -7.555485199912e+003
2.826086030000002e+008   -6.764565470118e+006    8.620316821493e+005   -8.785419292746e+005    1.068397156432e+003    8.602651286658e+002   -7.495872702061e+003
2.826086670000001e+008   -6.679243805142e+006    9.148776561503e+005   -1.355658993101e+006    1.596705868453e+003    7.905750424448e+002   -7.407798075313e+003
2.826087299999998e+008   -6.562475979244e+006    9.624086049146e+005   -1.818661409071e+006    2.108593793370e+003    7.180300035075e+002   -7.284736740027e+003
2.826087919999998e+008   -6.416384026921e+006    1.004617757553e+006   -2.265662111997e+006    2.602067189196e+003    6.430838397206e+002   -7.128995424079e+003
2.826088530000002e+008   -6.243154765985e+006    1.041529015775e+006   -2.695021929844e+006    3.075354678086e+003    5.666290581523e+002   -6.943021197548e+003
2.826167990000001e+008    6.677914437935e+006   -5.113802728724e+005   -1.645181966562e+006    1.704750388451e+003   -1.139812793522e+003    7.314702224545e+003
2.826168590000002e+008    6.765505611059e+006   -5.786016029467e+005   -1.203009114176e+006    1.213919784541e+003   -1.100013125831e+003    7.418995393821e+003
2.826169189999998e+008    6.823470292982e+006   -6.432877334044e+005   -7.555533781238e+005    7.174469912898e+002   -1.055404895151e+003    7.490727964738e+003
2.826169790000000e+008    6.851540325662e+006   -7.051553714750e+005   -3.047791093202e+005    2.177519860583e+002   -1.006109882733e+003    7.529585981332e+003
2.826170390000002e+008    6.849577310119e+006   -7.639334371308e+005    1.473346289332e+005   -2.831861135962e+002   -9.524152780129e+002    7.535356199301e+003
2.826170989999998e+008    6.817582946123e+006   -8.193608622181e+005    5.988002441846e+005   -7.830160286251e+002   -8.945090368788e+002    7.507984771888e+003
2.826171589999999e+008    6.755686631689e+006   -8.711935971228e+005    1.047631834744e+006   -1.279559775214e+003   -8.326647116265e+002    7.447568131210e+003
2.826172190000002e+008    6.664148082293e+006   -9.192040329112e+005    1.491853685443e+006   -1.770610943756e+003   -7.671249572699e+002    7.354392664701e+003
2.826172789999997e+008    6.543360906807e+006   -9.631796604253e+005    1.929509761879e+006   -2.254134719852e+003   -6.982118119194e+002    7.228795036062e+003
2.826173389999999e+008    6.393848212915e+006   -1.002927024353e+006    2.358671117394e+006   -2.727804014734e+003   -6.262209082735e+002    7.071351433505e+003
2.826173990000001e+008    6.216262601098e+006   -1.038268663695e+006    2.777448493257e+006   -3.189627144564e+003   -5.514754058310e+002    6.882708591414e+003
2.826174590000003e+008    6.011373306856e+006   -1.069051504186e+006    3.183991239231e+006   -3.637489954035e+003   -4.742711775220e+002    6.663733045851e+003
2.826175189999999e+008    5.780078707131e+006   -1.095137574446e+006    3.576508993642e+006   -4.069466013414e+003   -3.949813005471e+002    6.415371635620e+003
2.826175790000001e+008    5.523390550194e+006   -1.116412409436e+006    3.953269908703e+006   -4.483635031840e+003   -3.139583686851e+002    6.138711210683e+003
2.826176390000003e+008    5.242432131425e+006   -1.132782428072e+006    4.312612153634e+006   -4.878159713115e+003   -2.315650378112e+002    5.834968756118e+003
2.826177010000003e+008    4.927921793523e+006   -1.144467238122e+006    4.663949379583e+006   -5.263346961558e+003   -1.452903663267e+002    5.494041203541e+003
2.826177609999999e+008    4.601523143960e+006   -1.150661652201e+006    4.983071735568e+006   -5.612636421132e+003   -6.118632823052e+001    5.139474937857e+003
2.826178210000001e+008    4.254898176826e+006   -1.151798613718e+006    5.280230323191e+006   -5.937296006280e+003    2.322753205061e+001    4.762168458925e+003
2.826178839999997e+008    3.870840396224e+006   -1.147543507522e+006    5.567173758531e+006   -6.250083138375e+003    1.117232106919e+002    4.343442748432e+003
2.826179439999999e+008    3.487600486365e+006   -1.138319899673e+006    5.815317051647e+006   -6.519895270627e+003    1.955411866566e+002    3.924946668855e+003
2.826180040000001e+008    3.089025950336e+006   -1.124091892117e+006    6.037819085495e+006   -6.761051161819e+003    2.784754641021e+002    3.489093752634e+003
2.826180640000003e+008    2.676868165682e+006   -1.104920986641e+006    6.233697497394e+006   -6.972498122859e+003    3.602211205574e+002    3.037772268963e+003
2.826181239999999e+008    2.252937159585e+006   -1.080891146137e+006    6.402083827974e+006   -7.153345128744e+003    4.403859060386e+002    2.572950746760e+003
2.826181840000001e+008    1.819096267871e+006   -1.052107551544e+006    6.542230529953e+006   -7.302729403104e+003    5.186099503836e+002    2.096817762889e+003
2.826182520000002e+008    1.317839233828e+006   -1.013898369061e+006    6.666144709077e+006   -7.433193186080e+003    6.045474041234e+002    1.545994176508e+003
2.826183119999998e+008    8.692750722709e+005   -9.754181423366e+005    6.744126837795e+006   -7.513476019103e+003    6.775488181601e+002    1.052418129537e+003
2.826183780000001e+008    3.715116919034e+005   -9.281382250205e+005    6.795516666475e+006   -7.563580506726e+003    7.544282332340e+002    5.041129435545e+002
2.826184379999997e+008   -8.278708256845e+004   -8.808594286805e+005    6.810741006425e+006   -7.574184812635e+003    8.208588961847e+002    3.092837641801e+000
2.826184979999999e+008   -5.367218759530e+005   -8.297011724064e+005    6.795887404209e+006   -7.551439536801e+003    8.836822260544e+002   -4.980618777561e+002
2.826185580000001e+008   -9.882925839994e+005   -7.748880257439e+005    6.751015084393e+006   -7.495406850399e+003    9.426506989410e+002   -9.971611106833e+002
2.826186189999999e+008   -1.442913881351e+006   -7.156621532305e+005    6.674816420294e+006   -7.404540747536e+003    9.983508007264e+002   -1.500287364196e+003
2.826186790000001e+008   -1.883679400532e+006   -6.542249251549e+005    6.570114213159e+006   -7.282227928033e+003    1.048710766710e+003   -1.988595187210e+003
2.826187390000003e+008   -2.316138670040e+006   -5.899026572825e+005    6.436361053212e+006   -7.127778372522e+003    1.094484679841e+003   -2.468275677604e+003
2.826187989999999e+008   -2.738381100754e+006   -5.229785910520e+005    6.274136808835e+006   -6.941805780701e+003    1.135421927883e+003   -2.937257843500e+003
2.826188590000001e+008   -3.148539629173e+006   -4.537463363824e+005    6.084149419085e+006   -6.725144265418e+003    1.171379642013e+003   -3.393300327788e+003
2.826189190000002e+008   -3.544799032226e+006   -3.825109637505e+005    5.867229407212e+006   -6.478665836960e+003    1.202174673369e+003   -3.834621714061e+003
2.826189789999998e+008   -3.925404347084e+006   -3.095861921973e+005    5.624327394527e+006   -6.203505077608e+003    1.227673553087e+003   -4.259140154494e+003
2.826190390000000e+008   -4.288668373445e+006   -2.352935191117e+005    5.356509612693e+006   -5.900801972484e+003    1.247775135338e+003   -4.664953791107e+003
2.826190990000002e+008   -4.632979998474e+006   -1.599612297795e+005    5.064956917358e+006   -5.571991933749e+003    1.262330117101e+003   -5.050060285881e+003
2.826191589999998e+008   -4.956811068591e+006   -8.392145375233e+004    4.750949299494e+006   -5.218373604905e+003    1.271342828179e+003   -5.413017517317e+003
2.826192190000000e+008   -5.258723494571e+006   -7.510017204649e+003    4.415874397017e+006   -4.841611009992e+003    1.274704717339e+003   -5.752052772525e+003
2.826192790000002e+008   -5.537375265278e+006    6.893504732700e+004    4.061212004655e+006   -4.443289676112e+003    1.272432495814e+003   -6.065693461039e+003
2.826193389999998e+008   -5.791526700741e+006    1.450747795175e+005    3.688530584217e+006   -4.025267633715e+003    1.264537963186e+003   -6.352446547770e+003
2.826193989999999e+008   -6.020048908775e+006    2.205726318487e+005    3.299481278547e+006   -3.589325230266e+003    1.251062157548e+003   -6.611049123290e+003
2.826194590000001e+008   -6.221927490703e+006    2.950948539330e+005    2.895788917589e+006   -3.137437367663e+003    1.232045513524e+003   -6.840387960794e+003
2.826195190000003e+008   -6.396266236548e+006    3.683105854248e+005    2.479243224408e+006   -2.671657970412e+003    1.207554878082e+003   -7.039329703145e+003
2.826195789999999e+008   -6.542292642039e+006    4.398964390380e+005    2.051693324417e+006   -2.194052955479e+003    1.177731665444e+003   -7.207060970401e+003
2.826196390000001e+008   -6.659361987254e+006    5.095352399273e+005    1.615037851961e+006   -1.706816032993e+003    1.142717490797e+003   -7.342718173902e+003
2.826196990000003e+008   -6.746958724113e+006    5.769198964695e+005    1.171215152761e+006   -1.212102697252e+003    1.102647374054e+003   -7.445817788160e+003
2.826197589999998e+008   -6.804701267905e+006    6.417521329470e+005    7.221956916663e+005   -7.120024894293e+002    1.057627009245e+003   -7.515906396771e+003
2.826279000000000e+008    5.940829046938e+006   -1.753867395903e+005   -3.501535355982e+006    3.772333167710e+003   -1.246229415689e+003    6.470506975060e+003
2.826279600000002e+008    6.154029326419e+006   -2.497222375556e+005   -3.105920486993e+006    3.331683856967e+003   -1.230715734647e+003    6.711897653022e+003
2.826280199999998e+008    6.340333725487e+006   -3.229665707720e+005   -2.696694025680e+006    2.876192030914e+003   -1.209860899709e+003    6.924042798802e+003
2.826280799999999e+008    6.498915470174e+006   -3.947987748398e+005   -2.275643507964e+006    2.407835044601e+003   -1.183694810099e+003    7.105889180617e+003
2.826281400000002e+008    6.629063776480e+006   -4.649044843987e+005   -1.844608959557e+006    1.928849536359e+003   -1.152309377710e+003    7.256633140484e+003
2.826281999999997e+008    6.730205022739e+006   -5.329732382636e+005   -1.405482530417e+006    1.441088076069e+003   -1.115875235318e+003    7.375641643962e+003
2.826282599999999e+008    6.801864918793e+006   -5.987126850626e+005   -9.601802336199e+005    9.468195029270e+002   -1.074529756449e+003    7.462300978397e+003
2.826283200000001e+008    6.843732248014e+006   -6.618267489654e+005   -5.106612484268e+005    4.481824567937e+002   -1.028508839598e+003    7.516177639115e+003
2.826283800000003e+008    6.855603872404e+006   -7.220412244619e+005   -5.889893168489e+004   -5.262011610133e+001   -9.779085900368e+002    7.537068023531e+003
2.826284399999999e+008    6.837418699319e+006   -7.790896240036e+005    3.931223273923e+005   -5.533761130695e+002   -9.229949839159e+002    7.524798505755e+003
2.826285000000001e+008    6.789243648894e+006   -8.327212049047e+005    8.434144297538e+005   -1.051886096581e+003   -8.640585452527e+002    7.479415479611e+003
2.826285600000002e+008    6.711283603040e+006   -8.826978100554e+005    1.289997350429e+006   -1.545914079830e+003   -8.012500646171e+002    7.401165286298e+003
2.826286199999998e+008    6.603862622787e+006   -9.288046244665e+005    1.730897868671e+006   -2.033312556925e+003   -7.349635592889e+002    7.290264399484e+003
2.826286800000000e+008    6.467454354373e+006   -9.708307124441e+005    2.164180819286e+006   -2.511954191219e+003   -6.654476261448e+002    7.147179333191e+003
2.826287400000002e+008    6.302648554568e+006   -1.008593836485e+006    2.587935846068e+006   -2.979612979652e+003   -5.929330619811e+002    6.972716441567e+003
2.826287999999998e+008    6.110158302872e+006   -1.041928834128e+006    3.000288890599e+006   -3.434282475227e+003   -5.178452957957e+002    6.767452427425e+003
2.826288600000000e+008    5.890828181491e+006   -1.070687126238e+006    3.399426678945e+006   -3.873979339534e+003   -4.404407741628e+002    6.532304040005e+003
2.826289200000002e+008    5.645616225884e+006   -1.094741680295e+006    3.783586650867e+006   -4.296756484581e+003   -3.611332664584e+002    6.268328080166e+003
2.826289799999998e+008    5.375597732833e+006   -1.113986087765e+006    4.151074453673e+006   -4.700596222055e+003   -2.801753931082e+002    5.976751241546e+003
2.826290399999999e+008    5.081954187743e+006   -1.128334742789e+006    4.500268760291e+006   -5.083884433008e+003   -1.979998320221e+002    5.658790867990e+003
2.826291000000001e+008    4.765976199909e+006   -1.137724235888e+006    4.829628764415e+006   -5.444862218763e+003   -1.149354453852e+002    5.315854072193e+003
2.826291599999997e+008    4.429047578601e+006   -1.142113089902e+006    5.137699706531e+006   -5.781971313719e+003   -3.136996254274e+001    4.949418291682e+003
2.826292199999999e+008    4.072647503512e+006   -1.141481145978e+006    5.423121670404e+006   -6.093659601970e+003    5.236868910422e+001    4.561170977203e+003
2.826292800000001e+008    3.698341624899e+006   -1.135830483991e+006    5.684634097580e+006   -6.378593753537e+003    1.358765762915e+002    4.152759933002e+003
2.826293400000003e+008    3.307774192036e+006   -1.125185660646e+006    5.921081300227e+006   -6.635529182738e+003    2.187874398904e+002    3.725963110254e+003
2.826293999999999e+008    2.902660606289e+006   -1.109592685824e+006    6.131417473357e+006   -6.863293752424e+003    3.007230426640e+002    3.282678577995e+003
2.826294600000001e+008    2.484781183575e+006   -1.089119950432e+006    6.314712204971e+006   -7.060912643783e+003    3.813730294939e+002    2.824884730941e+003
2.826295200000002e+008    2.055971915484e+006   -1.063856168535e+006    6.470152491248e+006   -7.227502768173e+003    4.603608476695e+002    2.354550110335e+003
2.826295799999998e+008    1.618117472970e+006   -1.033912224697e+006    6.597049247891e+006   -7.362288699381e+003    5.373239746867e+002    1.873793434127e+003
2.826296400000000e+008    1.173143632627e+006   -9.994197426213e+005    6.694837822566e+006   -7.464717507811e+003    6.119361520761e+002    1.384643785300e+003
2.826297000000002e+008    7.230071178472e+005   -9.605284854142e+005    6.763077511614e+006   -7.534325616158e+003    6.838884100482e+002    8.892803938105e+002
2.826297599999998e+008    2.696874366362e+005   -9.174087161489e+005    6.801466073295e+006   -7.570779404625e+003    7.528407635474e+002    3.898427002799e+002
2.826298200000000e+008   -1.848194902103e+005   -8.702495839408e+005    6.809823238240e+006   -7.573904294677e+003    8.184843223519e+002   -1.114195932448e+002
2.826298800000002e+008   -6.385128300653e+005   -8.192574712629e+005    6.788104728344e+006   -7.543658252561e+003    8.805434463175e+002   -6.123265666992e+002
2.826299399999998e+008   -1.089393405252e+006   -7.646554620418e+005    6.736396767503e+006   -7.480173585800e+003    9.387621088238e+002   -1.110688014292e+003
2.826299999999999e+008   -1.535472726371e+006   -7.066830252231e+005    6.654920096393e+006   -7.383693879998e+003    9.928495559175e+002   -1.604273550131e+003
2.826300600000001e+008   -1.974783580142e+006   -6.455948069535e+005    6.544023989817e+006   -7.254606687602e+003    1.042577994039e+003   -2.090982550254e+003
2.826301199999997e+008   -2.405385080503e+006   -5.816594774908e+005    6.404185765003e+006   -7.093509477321e+003    1.087747565478e+003   -2.568554046248e+003
2.826301799999999e+008   -2.825376050632e+006   -5.151565836899e+005    6.236019803639e+006   -6.901018375241e+003    1.128114486132e+003   -3.035017041751e+003
2.826302400000001e+008   -3.232897385165e+006   -4.463807332389e+005    6.040252055486e+006   -6.678023747455e+003    1.163504252172e+003   -3.488140088712e+003
2.826303000000003e+008   -3.626145999631e+006   -3.756336257505e+005    5.817745561593e+006   -6.425434237992e+003    1.193794746115e+003   -3.926041707100e+003
2.826303599999998e+008   -4.003380180345e+006   -3.032271113062e+005    5.569472462845e+006   -6.144397427283e+003    1.218810032979e+003   -4.346710029059e+003
2.826304200000001e+008   -4.362926377155e+006   -2.294805924570e+005    5.296523511205e+006   -5.836082571060e+003    1.238456769075e+003   -4.748263147421e+003
2.826304800000002e+008   -4.703191829384e+006   -1.547194459849e+005    5.000100590405e+006   -5.501870060071e+003    1.252632049210e+003   -5.128888810690e+003
2.826305399999998e+008   -5.022664112638e+006   -7.927310797938e+004    4.681510715291e+006   -5.143229637065e+003    1.261254468528e+003   -5.486904620504e+003
2.826389979999999e+008    4.675149405958e+006    1.746956648656e+005   -5.069626629670e+006    5.527167170308e+003   -1.235891189547e+003    5.052113485083e+003
2.826390580000001e+008    4.996345924983e+006    1.002115705726e+005   -4.755637300172e+006    5.175487941604e+003   -1.245919082222e+003    5.410368182110e+003
2.826391180000003e+008    5.295754185541e+006    2.529073311466e+004   -4.420850859506e+006    4.801164338892e+003   -1.250439536019e+003    5.745110128262e+003
2.826391779999998e+008    5.572055263433e+006   -4.974173838804e+004   -4.066721837836e+006    4.405616235786e+003   -1.249585640820e+003    6.054856994907e+003
2.826392380000001e+008    5.824036531959e+006   -1.245545583794e+005   -3.694791838836e+006    3.990695913446e+003   -1.243236778226e+003    6.338265759298e+003
2.826392980000002e+008    6.050581977370e+006   -1.988244920777e+005   -3.306681024550e+006    3.558100640484e+003   -1.231464196477e+003    6.594023642635e+003
2.826393579999998e+008    6.250690121608e+006   -2.722256265188e+005   -2.904081644153e+006    3.109757326807e+003   -1.214296814358e+003    6.821047493153e+003
2.826394180000000e+008    6.423473191831e+006   -3.444366693620e+005   -2.488751532946e+006    2.647553997650e+003   -1.191816446532e+003    7.018244219992e+003
2.826394780000002e+008    6.568163001653e+006   -4.151410102384e+005   -2.062505721963e+006    2.173577700870e+003   -1.164112273725e+003    7.184760406944e+003
2.826395379999998e+008    6.684109130391e+006   -4.840289507830e+005   -1.627209735095e+006    1.689815621432e+003   -1.131303227510e+003    7.319812799600e+003
2.826395979999999e+008    6.770793028596e+006   -5.507976377513e+005   -1.184770412138e+006    1.198468911681e+003   -1.093529394559e+003    7.422787793009e+003
2.826396580000001e+008    6.827819529379e+006   -6.151547550287e+005   -7.371276950880e+005    7.016662684371e+002   -1.050924604786e+003    7.493191901052e+003
2.826397179999997e+008    6.854928670971e+006   -6.768159653933e+005   -2.862466473295e+005    2.015796282535e+002   -1.003699032055e+003    7.530691563379e+003
2.826397779999999e+008    6.851986355167e+006   -7.355115228333e+005    1.658929613142e+005   -2.995769321646e+002   -9.520584121851e+002    7.535103151136e+003
2.826398380000001e+008    6.818997922831e+006   -7.909812393734e+005    6.173020326472e+005   -7.996223447064e+002   -8.962359793851e+002    7.506353088176e+003
2.826398979999996e+008    6.756093586783e+006   -8.429822822331e+005    1.065994463539e+006   -1.296293920245e+003   -8.364431437035e+002    7.444587666268e+003
2.826399579999999e+008    6.663547878989e+006   -8.912821745426e+005    1.509997114493e+006   -1.787508358880e+003   -7.729967113648e+002    7.350023465261e+003
2.826400180000001e+008    6.541747497068e+006   -9.356723953342e+005    1.947350961530e+006   -2.270948128960e+003   -7.061242013413e+002    7.223106686814e+003
2.826400780000002e+008    6.391227524323e+006   -9.759526211109e+005    2.376130937788e+006   -2.744539386190e+003   -6.361313496077e+002    7.064333927059e+003
2.826401379999998e+008    6.212639235555e+006   -1.011948646019e+006    2.794446085254e+006   -3.206191224338e+003   -5.633172871681e+002    6.874411754803e+003
2.826401980000000e+008    6.006761518368e+006   -1.043499907748e+006    3.200452536727e+006   -3.653844954919e+003   -4.880345364715e+002    6.654166789019e+003
2.826402580000002e+008    5.774496374005e+006   -1.070467165707e+006    3.592358822799e+006   -4.085482566014e+003   -4.105902414916e+002    6.404565717527e+003
2.826403179999998e+008    5.516859595708e+006   -1.092731145501e+006    3.968438787168e+006   -4.499292635484e+003   -3.313345860682e+002    6.126735563868e+003
2.826403780000000e+008    5.234977639676e+006   -1.110193792951e+006    4.327029091689e+006   -4.893287928296e+003   -2.505819698095e+002    5.821883066054e+003
2.826404380000002e+008    4.930088630481e+006   -1.122777343093e+006    4.666547714793e+006   -5.265916076076e+003   -1.687646771800e+002    5.491285667145e+003
2.826404979999998e+008    4.603529230877e+006   -1.130426520622e+006    4.985498472850e+006   -5.615395976516e+003   -8.618970688519e+001    5.136460442766e+003
2.826405579999999e+008    4.256733550573e+006   -1.133106467454e+006    5.282471522045e+006   -5.940237311134e+003   -3.195833509164e+000    4.758954942262e+003
2.826406180000001e+008    3.891223123057e+006   -1.130805096764e+006    5.556155874666e+006   -6.238960551731e+003    7.979243457585e+001    4.360466728600e+003
2.826406779999997e+008    3.508603895195e+006   -1.123531675697e+006    5.805343404092e+006   -6.510309467191e+003    1.624694475546e+002    3.942713735515e+003
2.826407379999999e+008    3.110556615457e+006   -1.111317902311e+006    6.028930860456e+006   -6.753071827668e+003    2.444093386872e+002    3.507443962811e+003
2.826407980000001e+008    2.698829701471e+006   -1.094216775536e+006    6.225930382366e+006   -6.966142022430e+003    3.253263071818e+002    3.056745591827e+003
2.826408580000003e+008    2.275232243040e+006   -1.072302860243e+006    6.395469008328e+006   -7.148617553913e+003    4.047896043947e+002    2.592417128398e+003
2.826409179999999e+008    1.841626893819e+006   -1.045671080977e+006    6.536798688437e+006   -7.299642332937e+003    4.825062919065e+002    2.116697161513e+003
2.826409780000001e+008    1.399918912527e+006   -1.014438882307e+006    6.649285302165e+006   -7.418611073140e+003    5.581003293408e+002    1.631424685488e+003
2.826410380000002e+008    9.520505424079e+005   -9.787420076956e+005    6.732428667781e+006   -7.504914142837e+003    6.312473775028e+002    1.138918690692e+003
2.826410979999998e+008    4.999917119977e+005   -9.387373888027e+005    6.785857057404e+006   -7.558193696317e+003    7.016557177911e+002    6.413185803774e+002
2.826411580000000e+008    4.573157725852e+004   -8.945994720066e+005    6.809326711000e+006   -7.578269166060e+003    7.689772725768e+002    1.406940447049e+002
2.826412180000002e+008   -4.087305244032e+005   -8.465222037878e+005    6.802727851084e+006   -7.564933260100e+003    8.329332659737e+002   -3.606352661233e+002
2.826412779999998e+008   -8.613934578246e+005   -7.947158800502e+005    6.766079696567e+006   -7.518276907732e+003    8.932414097490e+002   -8.605392148938e+002
2.826413379999999e+008   -1.310260552152e+006   -7.394067069591e+005    6.699531973019e+006   -7.438473233309e+003    9.496201546512e+002   -1.356857529961e+003
2.826413980000002e+008   -1.753352638900e+006   -6.808386662096e+005    6.603371433892e+006   -7.325850924725e+003    1.001857680420e+003   -1.847249681761e+003
2.826414579999997e+008   -2.188714627470e+006   -6.192680241485e+005    6.478014871534e+006   -7.180890811896e+003    1.049684352194e+003   -2.329684895276e+003
2.826415179999999e+008   -2.614421765533e+006   -5.549659400216e+005    6.324006627287e+006   -7.004161509129e+003    1.092871811939e+003   -2.802062249882e+003
2.826415780000001e+008   -3.028593029900e+006   -4.882143803215e+005    6.142011113567e+006   -6.796474697275e+003    1.131286454980e+003   -3.262190422902e+003
2.826416380000003e+008   -3.429395838148e+006   -4.193074862395e+005    5.932828821523e+006   -6.558713077165e+003    1.164697862586e+003   -3.708037980492e+003
2.826416979999999e+008   -3.815057067928e+006   -3.485502128016e+005    5.697377839089e+006   -6.291829669960e+003    1.192975672616e+003   -4.137573368962e+003
2.826417580000001e+008   -4.183862529048e+006   -2.762515637274e+005    5.436683350439e+006   -5.997088804295e+003    1.216009911423e+003   -4.549054525160e+003
2.826418180000003e+008   -4.534180157751e+006   -2.027324238473e+005    5.151898673551e+006   -5.675796357632e+003    1.233654947199e+003   -4.940349319204e+003
2.826418779999998e+008   -4.864454073896e+006   -1.283168536279e+005    4.844275250874e+006   -5.329299040971e+003    1.245877582200e+003   -5.309915549748e+003
2.826419369999998e+008   -5.168253874354e+006   -5.458641142977e+004    4.520823003304e+006   -4.965387158238e+003    1.252530113240e+003   -5.650570481587e+003
