2.810147969999998e+008    4.128577228151e+006   -2.569051249190e+006    4.877484862668e+006   -5.231119022604e+003    1.628816886453e+003    5.270392012404e+003
2.810148570000000e+008    3.805896225729e+006   -2.465764652997e+006    5.182762095298e+006   -5.520979856201e+003    1.812757279137e+003    4.901832123714e+003
2.810149170000002e+008    3.466544328870e+006   -2.351677341418e+006    5.465272448450e+006   -5.786572205339e+003    1.988701922851e+003    4.511822309514e+003
2.810149769999998e+008    3.112052192624e+006   -2.227274570235e+006    5.724083405326e+006   -6.026436961923e+003    2.156061914891e+003    4.104390171616e+003
2.810150369999999e+008    2.743924072619e+006   -2.093126257189e+006    5.957621987347e+006   -6.239979574360e+003    2.313869322093e+003    3.677734694522e+003
2.810150970000001e+008    2.363622550786e+006   -1.949828255586e+006    6.164317282615e+006   -6.427406913867e+003    2.461399683154e+003    3.230246179509e+003
2.810151569999997e+008    1.973083431222e+006   -1.797979625813e+006    6.344452610868e+006   -6.585777255753e+003    2.598233885323e+003    2.772419830343e+003
2.810152169999999e+008    1.573905030509e+006   -1.638258550106e+006    6.496731335717e+006   -6.715326555139e+003    2.723756333637e+003    2.301975999870e+003
2.810152770000001e+008    1.167800869014e+006   -1.471340864513e+006    6.620425634030e+006   -6.815275783478e+003    2.837155908385e+003    1.822023386037e+003
2.810153370000003e+008    7.566201111132e+005   -1.298021428116e+006    6.715038456565e+006   -6.885577264302e+003    2.938401887089e+003    1.334041911944e+003
2.810153969999999e+008    3.421365633280e+005   -1.118996275648e+006    6.780349881777e+006   -6.925796003209e+003    3.026586786032e+003    8.391808287959e+002
2.810154570000001e+008   -7.385416498049e+004   -9.350794390720e+005    6.815773946671e+006   -6.935631579258e+003    3.101633133109e+003    3.410796487978e+002
2.810155170000002e+008   -4.895264642778e+005   -7.470655422981e+005    6.821248141008e+006   -6.915084141515e+003    3.163127542209e+003   -1.586416445919e+002
2.810155769999998e+008   -9.030546923484e+005   -5.557786189407e+005    6.796749453202e+006   -6.864182341702e+003    3.210698439981e+003   -6.575830185063e+002
2.810156370000000e+008   -1.312624144243e+006   -3.620533899571e+005    6.742364389154e+006   -6.783173908117e+003    3.244227055791e+003   -1.154054072497e+003
2.810156970000002e+008   -1.716447815111e+006   -1.667238826615e+005    6.658318500112e+006   -6.672459779881e+003    3.263663312097e+003   -1.645634152435e+003
2.810157569999998e+008   -2.112737138089e+006    2.932213940298e+004    6.545007332537e+006   -6.532380704936e+003    3.268702458759e+003   -2.130022714179e+003
2.810158169999999e+008   -2.499756182483e+006    2.252381554725e+005    6.402900020648e+006   -6.363564941436e+003    3.259386535986e+003   -2.605108729515e+003
2.810158770000002e+008   -2.875802205882e+006    4.201648968007e+005    6.232609252335e+006   -6.166742388675e+003    3.235724727382e+003   -3.069141006693e+003
2.810159369999998e+008   -3.239219350476e+006    6.132455692163e+005    6.034872792151e+006   -5.942722334253e+003    3.197856326144e+003   -3.519748217816e+003
2.810159969999999e+008   -3.588412303977e+006    8.036282748019e+005    5.810627503767e+006   -5.692430986068e+003    3.145930452548e+003   -3.955748845696e+003
2.810160570000001e+008   -3.921818903358e+006    9.904766264921e+005    5.560645805365e+006   -5.417107591506e+003    3.080195344315e+003   -4.373520855501e+003
2.810161170000003e+008   -4.237980627646e+006    1.172975325088e+006    5.286167785541e+006   -5.117765467558e+003    3.000797364355e+003   -4.772402588996e+003
2.810161769999999e+008   -4.535494890680e+006    1.350311865246e+006    4.988372124059e+006   -4.795723226297e+003    2.908124425977e+003   -5.150551877993e+003
2.810162370000001e+008   -4.813043490091e+006    1.521702146988e+006    4.668555139605e+006   -4.452414819661e+003    2.802678397874e+003   -5.506056361102e+003
2.810162970000003e+008   -5.069391693789e+006    1.686390175278e+006    4.328121788273e+006   -4.089341863934e+003    2.684811497028e+003   -5.837523574362e+003
2.810163569999998e+008   -5.303398515683e+006    1.843645307049e+006    3.968563180143e+006   -3.708054095358e+003    2.555043369166e+003   -6.143360967437e+003
2.810164170000001e+008   -5.514022207137e+006    1.992770979148e+006    3.591460288634e+006   -3.310210201360e+003    2.413952720807e+003   -6.422155810072e+003
2.810164770000002e+008   -5.700326351050e+006    2.133108617986e+006    3.198471960590e+006   -2.897646688968e+003    2.262169767456e+003   -6.672645080243e+003
2.810165369999998e+008   -5.861477952177e+006    2.264033479316e+006    2.791330612971e+006   -2.472152804068e+003    2.100345328928e+003   -6.893705832146e+003
2.810165970000000e+008   -5.996755981856e+006    2.384964595865e+006    2.371833747218e+006   -2.035500087766e+003    1.929162569733e+003   -7.084355147517e+003
2.810166570000002e+008   -6.105555506628e+006    2.495364681087e+006    1.941834255958e+006   -1.589820762866e+003    1.749443801395e+003   -7.243659514336e+003
2.810167169999998e+008   -6.187388950980e+006    2.594743207178e+006    1.503234025192e+006   -1.136939775223e+003    1.561911847036e+003   -7.370945925982e+003
2.810167769999999e+008   -6.241889095319e+006    2.682659442293e+006    1.057974739305e+006   -6.790152246869e+002    1.367477020109e+003   -7.465560824639e+003
2.810168370000002e+008   -6.268812003010e+006    2.758723103154e+006    6.080281858469e+005   -2.180531417118e+002    1.167000048545e+003   -7.527110902814e+003
2.810168969999997e+008   -6.268036425628e+006    2.822597339694e+006    1.553876546907e+005    2.438449717516e+002    9.613463086624e+002   -7.555282697445e+003
2.810169569999999e+008   -6.239565782394e+006    2.873999440830e+006   -2.979409587261e+005    7.047665646718e+002    7.514058332634e+002   -7.550053052467e+003
2.810170170000001e+008   -6.183527313679e+006    2.912703536500e+006   -7.499494546709e+005    1.162472443301e+003    5.382331157980e+002   -7.511318272166e+003
2.810170769999997e+008   -6.100171030037e+006    2.938539821630e+006   -1.198635830877e+006    1.614968430472e+003    3.226937291271e+002   -7.439345069115e+003
2.810171369999999e+008   -5.989889381787e+006    2.951401208159e+006   -1.642009950212e+006    2.060170422356e+003    1.057697027557e+002   -7.334420004107e+003
2.810171970000001e+008   -5.853150637821e+006    2.951230293195e+006   -2.078116549811e+006    2.496172133351e+003   -1.115429224457e+002   -7.197039927187e+003
2.810172570000002e+008   -5.690574372088e+006    2.938029136461e+006   -2.505021017673e+006    2.921015351540e+003   -3.282833050976e+002   -7.027861605706e+003
2.810173169999998e+008   -5.502891576763e+006    2.911863983342e+006   -2.920839157444e+006    3.332772054652e+003   -5.435306721026e+002   -6.827621858170e+003
2.810173770000000e+008   -5.290942290187e+006    2.872855581304e+006   -3.323735492725e+006    3.729621540713e+003   -7.562705994641e+002   -6.597267673849e+003
2.810174370000002e+008   -5.055551024544e+006    2.821149929172e+006   -3.711949771340e+006    4.110482744572e+003   -9.656987656020e+002   -6.337987256626e+003
2.810174969999998e+008   -4.797965153133e+006    2.757034262269e+006   -4.083748245965e+006    4.472512358253e+003   -1.170640066091e+003   -6.050755923057e+003
2.810175570000000e+008   -4.519234296910e+006    2.680756312458e+006   -4.437500693302e+006    4.814516919172e+003   -1.370178031456e+003   -5.737131689353e+003
2.810176170000002e+008   -4.220626723082e+006    2.592710581490e+006   -4.771677027334e+006    5.135514857193e+003   -1.563928750425e+003   -5.397972940498e+003
2.810176769999998e+008   -3.903438671184e+006    2.493239705872e+006   -5.084791118952e+006    5.433515928928e+003   -1.750501643444e+003   -5.035376373967e+003
2.810177369999999e+008   -3.569084659926e+006    2.382804480686e+006   -5.375482141147e+006    5.707509729561e+003   -1.929259163406e+003   -4.650810316942e+003
2.810177970000001e+008   -3.219044104193e+006    2.261896695786e+006   -5.642481659925e+006    5.956203591657e+003   -2.099421383399e+003   -4.245972630676e+003
2.810261989999997e+008    3.957054576875e+006   -2.504275612210e+006    5.049657734975e+006   -5.399205773298e+003    1.719635966764e+003    5.068345654343e+003
2.810262589999999e+008    3.624672125932e+006   -2.395684529677e+006    5.342444756986e+006   -5.676214343262e+003    1.898656874128e+003    4.687654261389e+003
2.810263190000001e+008    3.276411692526e+006   -2.276599304300e+006    5.611764072303e+006   -5.928265755128e+003    2.069308437139e+003    4.286401822768e+003
2.810263790000003e+008    2.913799640942e+006   -2.147543273989e+006    5.856435170078e+006   -6.154371586314e+003    2.230849626522e+003    3.866366698335e+003
2.810264389999998e+008    2.538425980888e+006   -2.009082765865e+006    6.075384934064e+006   -6.353514679872e+003    2.382689701417e+003    3.429347208037e+003
2.810264990000001e+008    2.151936325803e+006   -1.861824097941e+006    6.267658155864e+006   -6.524813110515e+003    2.524033926843e+003    2.977371883082e+003
2.810265590000002e+008    1.756021979185e+006   -1.706413251164e+006    6.432408051076e+006   -6.667529643162e+003    2.654331707931e+003    2.512289501123e+003
2.810266189999998e+008    1.352417222670e+006   -1.543531192987e+006    6.568914263944e+006   -6.781072129669e+003    2.772997836237e+003    2.036209074836e+003
2.810266790000000e+008    9.428893934297e+005   -1.373892103988e+006    6.676576883588e+006   -6.864903760790e+003    2.879483985104e+003    1.551229708679e+003
2.810267390000002e+008    5.292312761306e+005   -1.198238123518e+006    6.754920456642e+006   -6.918681160421e+003    2.973385722894e+003    1.059300828394e+003
2.810267989999998e+008    1.132544548515e+005   -1.017339992720e+006    6.803600998050e+006   -6.942159767688e+003    3.054238922287e+003    5.628020184865e+002
2.810268589999999e+008   -3.032223995289e+005   -8.319886596023e+005    6.822515010671e+006   -6.935244510504e+003    3.121678814249e+003    6.463311205746e+001
2.810269190000002e+008   -7.183522006854e+005   -6.429468144438e+005    6.811139951871e+006   -6.897853762089e+003    3.175882699807e+003   -4.363660167001e+002
2.810269789999997e+008   -1.130345980676e+006   -4.511219488954e+005    6.770011868526e+006   -6.830275118313e+003    3.215867271558e+003   -9.342349356246e+002
2.810270389999999e+008   -1.537383959514e+006   -2.573185666046e+005    6.699115761334e+006   -6.732715467987e+003    3.241782191345e+003   -1.428103299336e+003
2.810270990000001e+008   -1.937679216634e+006   -6.238694986807e+004    6.598759682895e+006   -6.605591328837e+003    3.253507556633e+003   -1.915870431747e+003
2.810271590000003e+008   -2.329473503353e+006    1.328178918205e+005    6.469372732481e+006   -6.449437203060e+003    3.250902861162e+003   -2.395445465629e+003
2.810272189999999e+008   -2.711043654034e+006    3.274402349892e+005    6.311514066674e+006   -6.264910322397e+003    3.234050717967e+003   -2.864647323715e+003
2.810272790000001e+008   -3.080709533792e+006    5.206254437449e+005    6.125864912370e+006   -6.052794010470e+003    3.203015940457e+003   -3.321404724410e+003
2.810273390000003e+008   -3.436841956620e+006    7.115233748891e+005    5.913230079831e+006   -5.813951884592e+003    3.157861645085e+003   -3.763826255726e+003
2.810273989999998e+008   -3.777868711721e+006    8.992952939811e+005    5.674533472800e+006   -5.549456864089e+003    3.098820235198e+003   -4.189860157045e+003
2.810274590000001e+008   -4.102282842428e+006    1.083112315953e+006    5.410814101902e+006   -5.260394921249e+003    3.026102819978e+003   -4.597584647661e+003
2.810275190000002e+008   -4.408648073175e+006    1.262163820355e+006    5.123224093855e+006   -4.948056007695e+003    2.940033251270e+003   -4.985227609886e+003
2.810275789999998e+008   -4.695603809695e+006    1.435655686229e+006    4.813015699518e+006   -4.613694975738e+003    2.840943052439e+003   -5.351176983071e+003
2.810276390000000e+008   -4.961886545903e+006    1.602832118218e+006    4.481560329746e+006   -4.258969432732e+003    2.729335847198e+003   -5.693490042649e+003
2.810276990000002e+008   -5.206297242643e+006    1.762936586210e+006    4.130296500446e+006   -3.885192520970e+003    2.605585669068e+003   -6.010904631678e+003
2.810277589999998e+008   -5.427759348349e+006    1.915271094539e+006    3.760776629779e+006   -3.494153831426e+003    2.470310683404e+003   -6.301857806104e+003
2.810278189999999e+008   -5.625281321903e+006    2.059156721638e+006    3.374622675296e+006   -3.087492087689e+003    2.324053232575e+003   -6.565126871422e+003
2.810278790000001e+008   -5.797983726326e+006    2.193956283819e+006    2.973540179093e+006   -2.667053330079e+003    2.167454943728e+003   -6.799398791032e+003
2.810279389999997e+008   -5.945088128198e+006    2.319062432074e+006    2.559295749160e+006   -2.234670185687e+003    2.001226687081e+003   -7.003650547466e+003
2.810279989999999e+008   -6.065939662445e+006    2.433924946762e+006    2.133718797361e+006   -1.792220658264e+003    1.826054214676e+003   -7.177009050764e+003
2.810280590000001e+008   -6.160067903798e+006    2.538129776122e+006    1.698699642099e+006   -1.342234052901e+003    1.643390321825e+003   -7.318500115820e+003
2.810281189999996e+008   -6.226935987522e+006    2.631054539372e+006    1.256150684227e+006   -8.858538447866e+002    1.452926206316e+003   -7.427681894208e+003
2.810281789999999e+008   -6.266293048766e+006    2.712356083602e+006    8.080362029425e+005   -4.255499746572e+002    1.256068874128e+003   -7.503930300110e+003
2.810282390000001e+008   -6.277962106025e+006    2.781673768420e+006    3.563414969725e+005    3.671888232707e+001    1.053604374725e+003   -7.546972108692e+003
2.810282990000002e+008   -6.261890118022e+006    2.838699034304e+006   -9.693233079188e+004    4.987780532801e+002    8.465540069951e+002   -7.556553732908e+003
2.810283589999998e+008   -6.218148741603e+006    2.883181842871e+006   -5.497766717851e+005    9.586970083277e+002    6.356790396645e+002   -7.532661995320e+003
2.810284190000000e+008   -6.146934208056e+006    2.914925766873e+006   -1.000185112208e+006    1.414226022011e+003    4.220807291318e+002   -7.475383183641e+003
2.810284790000002e+008   -6.048571871442e+006    2.933797556486e+006   -1.446160325206e+006    1.863465509093e+003    2.066349063318e+002   -7.385014166151e+003
2.810285389999998e+008   -5.923492354265e+006    2.939707133498e+006   -1.885731710631e+006    2.304271722325e+003   -9.615372712071e+000   -7.261941406241e+003
2.810285990000000e+008   -5.772260408270e+006    2.932639084173e+006   -2.316953246639e+006    2.734860063501e+003   -2.258202317568e+002   -7.106791961111e+003
2.810286590000002e+008   -5.595560608540e+006    2.912639625066e+006   -2.737917613589e+006    3.153145126952e+003   -4.408442043770e+002   -6.920202385394e+003
2.810287189999998e+008   -5.394151959518e+006    2.879758698349e+006   -3.146772370589e+006    3.557489306708e+003   -6.540771908853e+002   -6.703129986980e+003
2.810287789999999e+008   -5.168948104397e+006    2.834190914017e+006   -3.541701818524e+006    3.945965706644e+003   -8.641817182057e+002   -6.456451569841e+003
2.810288390000001e+008   -4.920971248976e+006    2.776129058385e+006   -3.920974481753e+006    4.316775200961e+003   -1.070382842087e+003   -6.181374171892e+003
2.810288989999997e+008   -4.651299029184e+006    2.705849990427e+006   -4.282952190747e+006    4.668490785561e+003   -1.271705529451e+003   -5.879275428076e+003
2.810289589999999e+008   -4.361155595897e+006    2.623645646187e+006   -4.625994736797e+006    4.999390118834e+003   -1.467355162650e+003   -5.551282500408e+003
2.810290190000001e+008   -4.051817685350e+006    2.529894295195e+006   -4.948620521924e+006    5.308110128588e+003   -1.656475562239e+003   -5.198953133611e+003
2.810290790000003e+008   -3.724656938075e+006    2.425015026921e+006   -5.249417291928e+006    5.593271242175e+003   -1.838190799206e+003   -4.823925044802e+003
2.810291389999998e+008   -3.381122582816e+006    2.309475484879e+006   -5.527073664274e+006    5.853679491957e+003   -2.011693050489e+003   -4.427856256398e+003
2.810375980000002e+008    3.795476075828e+006   -2.441942378181e+006    5.201321863191e+006   -5.547536650877e+003    1.798992393979e+003    4.877273844083e+003
2.810376579999997e+008    3.454551890287e+006   -2.328731095650e+006    5.482318069886e+006   -5.812439636091e+003    1.973277225206e+003    4.485842158229e+003
2.810377179999999e+008    3.098494658928e+006   -2.205318496547e+006    5.739230822419e+006   -6.051794371656e+003    2.138906526304e+003    4.074808484474e+003
2.810377780000001e+008    2.728865876107e+006   -2.072246706119e+006    5.970936053963e+006   -6.264668429846e+003    2.295142575988e+003    3.645871275206e+003
2.810378380000003e+008    2.347286054609e+006   -1.930098945627e+006    6.176418099999e+006   -6.450052959534e+003    2.441319309834e+003    3.200968862031e+003
2.810378979999999e+008    1.955424987600e+006   -1.779498539131e+006    6.354774214209e+006   -6.607229263956e+003    2.576801675688e+003    2.742030050062e+003
2.810379580000001e+008    1.555000174501e+006   -1.621105249301e+006    6.505220071212e+006   -6.735429430246e+003    2.700988863129e+003    2.271003565914e+003
2.810380180000003e+008    1.147764993915e+006   -1.455612468683e+006    6.627096785948e+006   -6.834135364110e+003    2.813350709799e+003    1.790068546174e+003
2.810380779999998e+008    7.355038037998e+005   -1.283744774603e+006    6.719869921752e+006   -6.902913916768e+003    2.913407720602e+003    1.301234267704e+003
2.810381380000001e+008    3.200203167568e+005   -1.106254780856e+006    6.783125509413e+006   -6.941494036172e+003    3.000672549427e+003    8.065002707451e+002
2.810381980000002e+008   -9.686559384728e+004   -9.239187212733e+005    6.816580552578e+006   -6.949659089758e+003    3.074861750023e+003    3.082761938055e+002
2.810382579999998e+008   -5.133282049047e+005   -7.375362658468e+005    6.820083044540e+006   -6.927400538258e+003    3.135543450783e+003   -1.915079933457e+002
2.810383180000000e+008   -9.275427262445e+005   -5.479297389579e+005    6.793595979286e+006   -6.874759478221e+003    3.182447828790e+003   -6.907222326257e+002
2.810383780000002e+008   -1.337670967812e+006   -3.558916947674e+005    6.737297330669e+006   -6.791828764639e+003    3.215647051976e+003   -1.186566365464e+003
2.810384379999998e+008   -1.741947366190e+006   -1.623109988131e+005    6.651338186380e+006   -6.679164280007e+003    3.234601597184e+003   -1.677679509380e+003
2.810384979999999e+008   -2.138581792473e+006    3.198187488226e+004    6.536119597141e+006   -6.537186998127e+003    3.239377128774e+003   -2.161560972658e+003
2.810385580000001e+008   -2.525830840764e+006    2.261340762186e+005    6.392136688854e+006   -6.366432116151e+003    3.229931186329e+003   -2.636099883139e+003
2.810386179999997e+008   -2.901990516015e+006    4.192931308551e+005    6.220011151764e+006   -6.167657777496e+003    3.206278367520e+003   -3.099305003537e+003
2.810386779999999e+008   -3.265402862088e+006    6.106108249939e+005    6.020487751417e+006   -5.941686988141e+003    3.168544862244e+003   -3.549054985859e+003
2.810387380000001e+008   -3.614463807623e+006    7.992413648791e+005    5.794430341331e+006   -5.689450951443e+003    3.116821599430e+003   -3.983388307901e+003
2.810387979999996e+008   -3.947635331795e+006    9.843651866248e+005    5.542828883872e+006   -5.412141498818e+003    3.051456894151e+003   -4.400363011885e+003
2.810388579999999e+008   -4.263415529158e+006    1.165125314265e+006    5.266756398623e+006   -5.110576573908e+003    2.972286004086e+003   -4.798277771786e+003
2.810389180000001e+008   -4.560477224745e+006    1.340814094434e+006    4.967473696454e+006   -4.786887202038e+003    2.880610967719e+003   -5.174899058525e+003
2.810389780000002e+008   -4.837435457162e+006    1.510572734513e+006    4.646237987434e+006   -4.441648958400e+003    2.775840353393e+003   -5.529005960312e+003
2.810390379999998e+008   -5.093078794624e+006    1.673673852230e+006    4.304474770129e+006   -4.076688836611e+003    2.658820685822e+003   -5.858895464001e+003
2.810390980000000e+008   -5.326273048473e+006    1.829397742698e+006    3.943685369245e+006   -3.693585899944e+003    2.530022318068e+003   -6.163004976981e+003
2.810391580000002e+008   -5.535978888743e+006    1.977054110668e+006    3.565455965277e+006   -3.294026009125e+003    2.389993928321e+003   -6.440011729718e+003
2.810392179999998e+008   -5.721261565448e+006    2.115988670962e+006    3.171453110615e+006   -2.879785613804e+003    2.239385272673e+003   -6.688622800824e+003
2.810392780000000e+008   -5.881293143068e+006    2.245583912341e+006    2.763413433193e+006   -2.452656085597e+003    2.078826777760e+003   -6.907695245749e+003
2.810393380000002e+008   -6.015359498739e+006    2.365264915640e+006    2.343139648131e+006   -2.014696758273e+003    1.909026325117e+003   -7.096185680673e+003
2.810393979999998e+008   -6.122859072975e+006    2.474500077360e+006    1.912487855714e+006   -1.567793344314e+003    1.730923329539e+003   -7.253350994267e+003
2.810394579999999e+008   -6.203252477100e+006    2.572770751136e+006    1.473337057997e+006   -1.114902564439e+003    1.545758950046e+003   -7.377816318382e+003
2.810395180000001e+008   -6.256366944651e+006    2.659748051305e+006    1.027714962245e+006   -6.548736632917e+002    1.352361909100e+003   -7.470883579598e+003
2.810395779999997e+008   -6.281794814862e+006    2.734947870270e+006    5.775147864035e+005   -1.924254639934e+002    1.153354149496e+003   -7.530234979644e+003
2.810396379999999e+008   -6.279494873602e+006    2.798107999839e+006    1.247762547819e+005    2.705905389791e+002    9.494406939380e+002   -7.556177474990e+003
2.810396980000001e+008   -6.249400350150e+006    2.848889100115e+006   -3.285373534679e+005    7.327007466417e+002    7.406914064501e+002   -7.548748665193e+003
2.810397580000003e+008   -6.191616637536e+006    2.886964575857e+006   -7.804264784845e+005    1.191066687155e+003    5.296070844971e+002   -7.507743819560e+003
2.810398179999999e+008   -6.106506223936e+006    2.912325436444e+006   -1.228838127777e+006    1.644159009743e+003    3.160496132361e+002   -7.433540456847e+003
2.810398780000001e+008   -5.994440980691e+006    2.924842923566e+006   -1.671799999103e+006    2.089893802695e+003    1.010953918097e+002   -7.326395138794e+003
2.810399380000002e+008   -5.855901450213e+006    2.924444750157e+006   -2.107356010918e+006    2.526273818203e+003   -1.142735593160e+002   -7.186864572821e+003
2.810399979999998e+008   -5.691511795283e+006    2.911138956598e+006   -2.533583944467e+006    2.951340308785e+003   -3.290752951761e+002   -7.015505529030e+003
2.810400580000000e+008   -5.502004764489e+006    2.884987005035e+006   -2.948598002006e+006    3.363205340687e+003   -5.423216802743e+002   -6.813214892940e+003
2.810401180000002e+008   -5.288225957023e+006    2.846108369598e+006   -3.350568099679e+006    3.760066384338e+003   -7.530822360511e+002   -6.580879691631e+003
2.810401779999998e+008   -5.051129428047e+006    2.794680890744e+006   -3.737720874659e+006    4.140148348160e+003   -9.604677840675e+002   -6.319546998929e+003
2.810402379999999e+008   -4.791773690120e+006    2.730937643876e+006   -4.108355991817e+006    4.501845347561e+003   -1.163508092881e+003   -6.030414160518e+003
2.810402980000002e+008   -4.511310339009e+006    2.655164421393e+006   -4.460842162339e+006    4.843491068611e+003   -1.361290040082e+003   -5.714848426600e+003
2.810403579999997e+008   -4.210986100876e+006    2.567701659420e+006   -4.793634140328e+006    5.163580998106e+003   -1.552977501763e+003   -5.374187314061e+003
2.810404179999999e+008   -3.892132730447e+006    2.468941288828e+006   -5.105273739391e+006    5.460866501257e+003   -1.737755481644e+003   -5.010038757394e+003
2.810404780000001e+008   -3.556166311514e+006    2.359323607377e+006   -5.394400633928e+006    5.733938532772e+003   -1.914765547384e+003   -4.624020428212e+003
2.810405380000003e+008   -3.204570050681e+006    2.239337247448e+006   -5.659752887129e+006    5.981634724865e+003   -2.083254730795e+003   -4.217850404334e+003
2.810405979999999e+008   -2.838898180389e+006    2.109515191255e+006   -5.900175444819e+006    6.202967519764e+003   -2.242483525728e+003   -3.793337048706e+003
