2.824862969999998e+008    6.829853066593e+006   -9.353628179618e+005    9.586204671884e+004   -2.497253514763e+002   -9.522526624270e+002    7.535783245616e+003
2.824863570000000e+008    6.799913424755e+006   -9.904060077157e+005    5.474661945259e+005   -7.479859434361e+002   -8.818528933235e+002    7.512170628847e+003
2.824864170000002e+008    6.740157665945e+006   -1.041106253221e+006    9.966628599647e+005   -1.243171549776e+003   -8.075594602585e+002    7.455543124374e+003
2.824864769999998e+008    6.650839181794e+006   -1.087240040569e+006    1.441475936651e+006   -1.733010646047e+003   -7.296800141614e+002    7.366127006558e+003
2.824865369999999e+008    6.532343873449e+006   -1.128603854211e+006    1.879947600775e+006   -2.215404792263e+003   -6.485905105607e+002    7.244248829505e+003
2.824865970000001e+008    6.385181644800e+006   -1.165015374575e+006    2.310146924955e+006   -2.688206041715e+003   -5.646701391628e+002    7.090465066612e+003
2.824866569999997e+008    6.209996445945e+006   -1.196312953292e+006    2.730179261866e+006   -3.149236637414e+003   -4.782296463101e+002    6.905472146008e+003
2.824867169999999e+008    6.007548894545e+006   -1.222358931144e+006    3.138192872495e+006   -3.596518640993e+003   -3.896736952416e+002    6.690026817985e+003
2.824867770000001e+008    5.778727941376e+006   -1.243037484033e+006    3.532394607197e+006   -4.028132141996e+003   -2.994229063463e+002    6.445065927164e+003
2.824868370000003e+008    5.524527578067e+006   -1.258258720405e+006    3.911035743549e+006   -4.442065842219e+003   -2.077946394098e+002    6.171746174028e+003
2.824868969999999e+008    5.246066076368e+006   -1.267952670556e+006    4.272455755256e+006   -4.836583864365e+003   -1.152970814533e+002    5.871124699979e+003
2.824869570000001e+008    4.944562354178e+006   -1.272078422513e+006    4.615056650302e+006   -5.209868830325e+003   -2.224845953419e+001    5.544678522781e+003
2.824870170000002e+008    4.621337724136e+006   -1.270616959898e+006    4.937327268468e+006   -5.560277316660e+003    7.088735628465e+001    5.193774937446e+003
2.824870769999998e+008    4.277811811922e+006   -1.263574957350e+006    5.237847787828e+006   -5.886342747234e+003    1.637164998774e+002    4.819921531435e+003
2.824871370000000e+008    3.915493790117e+006   -1.250980366063e+006    5.515295239291e+006   -6.186554163557e+003    2.558487216377e+002    4.424845820182e+003
2.824871970000002e+008    3.535971210126e+006   -1.232890145992e+006    5.768442024482e+006   -6.459594291281e+003    3.468573806376e+002    4.010225633822e+003
2.824872569999998e+008    3.140910153278e+006   -1.209382170891e+006    5.996168915896e+006   -6.704292319231e+003    4.363572755203e+002    3.577899043975e+003
2.824873169999999e+008    2.732045031277e+006   -1.180560163472e+006    6.197471573341e+006   -6.919541308379e+003    5.239446402887e+002    3.129754225834e+003
2.824873770000002e+008    2.311171804337e+006   -1.146549759209e+006    6.371458555202e+006   -7.104410331619e+003    6.092390716315e+002    2.667719643343e+003
2.824874369999998e+008    1.880138447960e+006   -1.107499208950e+006    6.517358333999e+006   -7.258094549205e+003    6.918815770642e+002    2.193863967666e+003
2.824874969999999e+008    1.440837832914e+006   -1.063579643774e+006    6.634522308005e+006   -7.379891930902e+003    7.714727441145e+002    1.710196035983e+003
2.824875570000001e+008    9.952005290521e+005   -1.014983220812e+006    6.722428813106e+006   -7.469242598842e+003    8.477272828500e+002    1.218974923439e+003
2.824876170000003e+008    5.451855204886e+005   -9.619225659089e+005    6.780684637995e+006   -7.525784560771e+003    9.202256699774e+002    7.221200217504e+002
2.824876769999999e+008    9.277139025874e+004   -9.046301235640e+005    6.809023038606e+006   -7.549182828981e+003    9.887227205510e+002    2.220907756782e+002
2.824877370000001e+008   -3.600510385646e+005   -8.433570281109e+005    6.807313250203e+006   -7.539363786344e+003    1.052876846591e+003   -2.791429481504e+002
2.824877970000003e+008   -8.112887585135e+005   -7.783718012133e+005    6.775551003859e+006   -7.496386005398e+003    1.112414848184e+003   -7.793210635228e+002
2.824878569999998e+008   -1.258953616347e+006   -7.099593517658e+005    6.713869038021e+006   -7.420347229418e+003    1.167076690186e+003   -1.276173419588e+003
2.824879170000001e+008   -1.701071661283e+006   -6.384196790815e+005    6.622530613830e+006   -7.311565051606e+003    1.216606824382e+003   -1.767499506173e+003
2.824879770000002e+008   -2.135693500708e+006   -5.640671333269e+005    6.501924032073e+006   -7.170502561034e+003    1.260806124606e+003   -2.251248572939e+003
2.824880369999998e+008   -2.560899449297e+006   -4.872287835010e+005    6.352574641689e+006   -6.997822795860e+003    1.299462414682e+003   -2.725219543276e+003
2.824880970000000e+008   -2.974811484636e+006   -4.082421026987e+005    6.175131859389e+006   -6.794173781771e+003    1.332398424421e+003   -3.187371363675e+003
2.824881570000002e+008   -3.375598399315e+006   -3.274540593437e+005    5.970369178124e+006   -6.560470708759e+003    1.359470258136e+003   -3.635552542419e+003
2.824882169999998e+008   -3.761486322237e+006   -2.452212011772e+005    5.739182684261e+006   -6.297715195229e+003    1.380551752450e+003   -4.067871446103e+003
2.824882769999999e+008   -4.130765908008e+006   -1.619052780152e+005    5.482584069529e+006   -6.007048845513e+003    1.395555720655e+003   -4.482286210587e+003
2.824883370000002e+008   -4.481799285798e+006   -7.787435540181e+004    5.201699142318e+006   -5.689750101533e+003    1.404390627070e+003   -4.877074748806e+003
2.824883969999997e+008   -4.813028218600e+006    6.501373637869e+003    4.897764841199e+006   -5.347152484027e+003    1.407028021880e+003   -5.250344880530e+003
2.824884569999999e+008   -5.122982282619e+006    9.084893237983e+004    4.572121748248e+006   -4.980766577443e+003    1.403413973203e+003   -5.600504137852e+003
2.824885170000001e+008   -5.410280761174e+006    1.747935721161e+005    4.226201092168e+006   -4.592323984712e+003    1.393640529001e+003   -5.925919684879e+003
2.824885769999997e+008   -5.673651495424e+006    2.579672996904e+005    3.861537779504e+006   -4.183360307364e+003    1.377676665234e+003   -6.225119011947e+003
2.824886369999999e+008   -5.911914745907e+006    3.399968434992e+005    3.479737567666e+006   -3.755865332651e+003    1.355620803490e+003   -6.496808861538e+003
2.824886970000001e+008   -6.124022746806e+006    4.205248528722e+005    3.082500130579e+006   -3.311661131701e+003    1.327560892943e+003   -6.739636250578e+003
2.824887570000002e+008   -6.309021180412e+006    4.991891027009e+005    2.671577694701e+006   -2.852740087784e+003    1.293608731409e+003   -6.952627917151e+003
2.824888169999998e+008   -6.466096373872e+006    5.756451651491e+005    2.248799117236e+006   -2.381154773402e+003    1.253951421403e+003   -7.134770497449e+003
2.824888770000000e+008   -6.594548402899e+006    6.495523196068e+005    1.816037541475e+006   -1.899011493383e+003    1.208681051765e+003   -7.285250544621e+003
2.824889370000002e+008   -6.693810434236e+006    7.205837929443e+005    1.375215228891e+006   -1.408496972731e+003    1.158132344736e+003   -7.403394469274e+003
2.824889969999998e+008   -6.763446185119e+006    7.884255554475e+005    9.282887549022e+005   -9.118442914078e+002    1.102421079129e+003   -7.488628616706e+003
2.824890570000000e+008   -6.803151964012e+006    8.527781419116e+005    4.772429122875e+005   -4.112306761490e+002    1.041856907216e+003   -7.540649414771e+003
2.824891170000002e+008   -6.812759201081e+006    9.133576417369e+005    2.407921534467e+004    9.106901117845e+001    9.767035033917e+002   -7.559193134052e+003
2.824891769999998e+008   -6.792236122659e+006    9.698975023057e+005   -4.291904972983e+005    5.927657299321e+002    9.072735365318e+002   -7.544196019973e+003
2.824892369999999e+008   -6.741682198082e+006    1.022148964857e+006   -8.805576717566e+005    1.091677279758e+003    8.338201371333e+002   -7.495804495611e+003
2.824892970000001e+008   -6.661335166906e+006    1.069883329838e+006   -1.328023027312e+006    1.585486475372e+003    7.567865014503e+002   -7.414194754687e+003
2.824970379999998e+008    5.403551155673e+006   -1.568848334491e+005   -4.285345514075e+006    4.613811733771e+003   -1.381089255560e+003    5.868028605833e+003
2.824970980000000e+008    5.668383270534e+006   -2.393500165492e+005   -3.924141543657e+006    4.210718638830e+003   -1.366687042634e+003    6.167728026193e+003
2.824971580000002e+008    5.908465835589e+006   -3.207704509528e+005   -3.545757178213e+006    3.789112157061e+003   -1.346315267424e+003    6.440507918548e+003
2.824972179999998e+008    6.122740632859e+006   -4.007892071150e+005   -3.151842775555e+006    3.350773469148e+003   -1.319999750058e+003    6.685195370810e+003
2.824972780000000e+008    6.310258434435e+006   -4.790570556050e+005   -2.744117571974e+006    2.897529158523e+003   -1.287931139100e+003    6.900707389264e+003
2.824973380000002e+008    6.470187314633e+006   -5.552302406792e+005   -2.324361895690e+006    2.431461174296e+003   -1.250230811060e+003    7.086060566524e+003
2.824973979999998e+008    6.601815853520e+006   -6.289747842776e+005   -1.894411972280e+006    1.954538559680e+003   -1.207015859613e+003    7.240391680000e+003
2.824974579999999e+008    6.704552372643e+006   -6.999682207825e+005   -1.456149423490e+006    1.468767379812e+003   -1.158549469980e+003    7.363027440172e+003
2.824975180000001e+008    6.777940956220e+006   -7.678956656057e+005   -1.011495593209e+006    9.764598923450e+002   -1.104925385117e+003    7.453374065462e+003
2.824975779999997e+008    6.821641574084e+006   -8.324622319007e+005   -5.623988155569e+005    4.796933097213e+002   -1.046458927063e+003    7.511008148167e+003
2.824976379999999e+008    6.835454651594e+006   -8.933804495626e+005   -1.108315544251e+005   -1.945078455264e+001   -9.833750082823e+002    7.535686277926e+003
2.824976980000001e+008    6.819307069853e+006   -9.503839657860e+005    3.412219187751e+005   -5.186280157868e+002   -9.160014081268e+002    7.527254610606e+003
2.824977580000003e+008    6.773259544960e+006   -1.003220389195e+006    7.917758134094e+005   -1.015736157756e+003   -8.445709242893e+002    7.485699702171e+003
2.824978179999999e+008    6.697505096646e+006   -1.051657458760e+006    1.238847321846e+006   -1.508534601309e+003   -7.694343612072e+002    7.411197877430e+003
2.824978780000001e+008    6.592370770455e+006   -1.095479485447e+006    1.680470716830e+006   -1.994699117705e+003   -6.908260074429e+002    7.304125330344e+003
2.824979380000002e+008    6.458304694711e+006   -1.134495830454e+006    2.114696872232e+006   -2.472410318096e+003   -6.092329363119e+002    7.164829067643e+003
2.824979979999998e+008    6.295891330517e+006   -1.168532666961e+006    2.539616138560e+006   -2.939292460237e+003   -5.249337676865e+002    6.993965197582e+003
2.824980580000000e+008    6.105838255199e+006   -1.197439688238e+006    2.953354564228e+006   -3.393393042615e+003   -4.383040001349e+002    6.792300515327e+003
2.824981180000002e+008    5.888974928031e+006   -1.221089516054e+006    3.354089197628e+006   -3.832695603330e+003   -3.497502316335e+002    6.560621710225e+003
2.824981779999998e+008    5.646251434689e+006   -1.239376346712e+006    3.740053989250e+006   -4.255122795491e+003   -2.596242874244e+002    6.300115375311e+003
2.824982379999999e+008    5.378729638783e+006   -1.252220226548e+006    4.109546305952e+006   -4.658980654715e+003   -1.683916703294e+002    6.011768724235e+003
2.824982980000002e+008    5.087581076829e+006   -1.259564045502e+006    4.460937234548e+006   -5.042400426308e+003   -7.634142940092e+001    5.697008693997e+003
2.824983579999997e+008    4.774081699939e+006   -1.261374924859e+006    4.792676090345e+006   -5.403652745832e+003    1.598416906078e+001    5.356982437181e+003
2.824984179999999e+008    4.439607965201e+006   -1.257643812692e+006    5.103299923560e+006   -5.741303159352e+003    1.082561559083e+002    4.993327598553e+003
2.824984780000001e+008    4.085627466842e+006   -1.248387752612e+006    5.391437834520e+006   -6.053684740486e+003    2.000816190835e+002    4.607721440362e+003
2.824985380000003e+008    3.713693776643e+006   -1.233646457647e+006    5.655818782266e+006   -6.339540404419e+003    2.910679580185e+002    4.201721894049e+003
2.824985979999999e+008    3.325439794014e+006   -1.213483830053e+006    5.895274095341e+006   -6.597508503029e+003    3.807093782718e+002    3.777186715490e+003
2.824986580000001e+008    2.922570128894e+006   -1.187988602543e+006    6.108746984222e+006   -6.826551194206e+003    4.687463800829e+002    3.335974200784e+003
2.824987180000003e+008    2.506853694322e+006   -1.157272230413e+006    6.295293053511e+006   -7.025588114425e+003    5.546965340363e+002    2.879932566287e+003
2.824987779999998e+008    2.080116336636e+006   -1.121468077974e+006    6.454084814020e+006   -7.193794569263e+003    6.382575777389e+002    2.411190454612e+003
2.824988380000001e+008    1.644232190784e+006   -1.080733308982e+006    6.584419196811e+006   -7.330352859453e+003    7.189935543624e+002    1.931686513375e+003
2.824988980000002e+008    1.201117195845e+006   -1.035246309456e+006    6.685715563903e+006   -7.434742076760e+003    7.966076130570e+002    1.443529881543e+003
2.824989579999998e+008    7.527185282756e+005   -9.852056792511e+005    6.757520725584e+006   -7.506402866967e+003    8.707170842194e+002    9.490196316006e+002
2.824990180000000e+008    3.010081715126e+005   -9.308303678730e+005    6.799507450901e+006   -7.545090399630e+003    9.410180670580e+002    4.501853529505e+002
2.824990780000002e+008   -1.520262447495e+005   -8.723594759699e+005    6.811489982656e+006   -7.550532364720e+003    1.007213165215e+003   -5.075340931471e+001
2.824991379999998e+008   -6.043912060031e+005   -8.100485970768e+005    6.793404553486e+006   -7.522760569970e+003    1.068976089035e+003   -5.518166151270e+002
2.824991979999999e+008   -1.054093869456e+006   -7.441704192410e+005    6.745324896565e+006   -7.461839545967e+003    1.126065590462e+003   -1.050414166231e+003
2.824992580000001e+008   -1.499153407125e+006   -6.750141622631e+005    6.667444764129e+006   -7.368039383029e+003    1.178200786267e+003   -1.544685631503e+003
2.824993179999997e+008   -1.937606261096e+006   -6.028830907180e+005    6.560102936206e+006   -7.241714632600e+003    1.225180016630e+003   -2.032130437379e+003
2.824993779999999e+008   -2.367517958652e+006   -5.280941423284e+005    6.423761739899e+006   -7.083391923775e+003    1.266765689452e+003   -2.510877731807e+003
2.824994380000001e+008   -2.786989360439e+006   -4.509762516900e+005    6.259014059674e+006   -6.893814728557e+003    1.302801592229e+003   -2.978726304439e+003
2.824994979999996e+008   -3.194165797622e+006   -3.718682295824e+005    6.066575852370e+006   -6.673734677731e+003    1.333089911477e+003   -3.433524933613e+003
2.824995579999999e+008   -3.587245011235e+006   -2.911188287567e+005    5.847289660160e+006   -6.424076737556e+003    1.357485671801e+003   -3.873362112508e+003
2.824996180000001e+008   -3.964485430066e+006   -2.090834591699e+005    5.602112124208e+006   -6.145991168305e+003    1.375941216274e+003   -4.296155961700e+003
2.824996780000002e+008   -4.324213742713e+006   -1.261248748649e+005    5.332121497006e+006   -5.840599450726e+003    1.388292938375e+003   -4.700134654561e+003
2.824997379999998e+008   -4.664837057605e+006   -4.260803405094e+004    5.038506162452e+006   -5.509276866144e+003    1.394498763938e+003   -5.083445944321e+003
2.824997980000000e+008   -4.984837708643e+006    4.109711791732e+004    4.722556127226e+006   -5.153545743247e+003    1.394580538814e+003   -5.444317341269e+003
2.824998580000002e+008   -5.282800307366e+006    1.246207812709e+005    4.385668065206e+006   -4.774833706093e+003    1.388461903777e+003   -5.781176515184e+003
2.824999179999998e+008   -5.557394834789e+006    2.075931399606e+005    4.029327789827e+006   -4.374920559036e+003    1.376218844239e+003   -6.092490553802e+003
2.824999780000000e+008   -5.807403114110e+006    2.896475066734e+005    3.655109997447e+006   -3.955622077811e+003    1.357900713405e+003   -6.376796487485e+003
2.825000380000002e+008   -6.031712069174e+006    3.704204297734e+005    3.264671956334e+006   -3.518521654120e+003    1.333481614833e+003   -6.633021730103e+003
2.825000979999998e+008   -6.229325776065e+006    4.495539744666e+005    2.859745526438e+006   -3.066027427187e+003    1.303258496644e+003   -6.859642333290e+003
2.825001579999999e+008   -6.399365518207e+006    5.266983757525e+005    2.442124159582e+006   -2.599859562998e+003    1.267234943324e+003   -7.055905486727e+003
2.825002180000001e+008   -6.541078667298e+006    6.015122018075e+005    2.013664413970e+006   -2.122131180576e+003    1.225572800008e+003   -7.220847730883e+003
2.825002779999997e+008   -6.653835279530e+006    6.736629894561e+005    1.576263448623e+006   -1.635046965207e+003    1.178504577354e+003   -7.353735453798e+003
2.825003379999999e+008   -6.737137542820e+006    7.428311031239e+005    1.131864038989e+006   -1.140706614442e+003    1.126214956430e+003   -7.454045217490e+003
2.825003980000001e+008   -6.790625198014e+006    8.087134104434e+005    6.824443859464e+005   -6.415237388334e+002    1.069002838530e+003   -7.521113065971e+003
2.825004580000003e+008   -6.814065780277e+006    8.710164542396e+005    2.299949995197e+005   -1.395543170772e+002    1.007015445687e+003   -7.554905635138e+003
2.825005179999999e+008   -6.807361810319e+006    9.294668155705e+005   -2.234745888949e+005    3.628966945445e+002    9.406005788598e+002   -7.555169144817e+003
2.825005780000001e+008   -6.770555236865e+006    9.838072725215e+005   -6.759533194802e+005    8.635243798544e+002    8.700849869795e+002   -7.521909816274e+003
2.825006380000002e+008   -6.703820789759e+006    1.033799339221e+006   -1.125435614747e+006    1.360102276329e+003    7.957502820577e+002   -7.455314001263e+003
2.825006979999998e+008   -6.607467827081e+006    1.079223800900e+006   -1.569931676512e+006    1.850414469916e+003    7.179343477483e+002   -7.355748066452e+003
2.825007580000000e+008   -6.481938693344e+006    1.119883067477e+006   -2.007475988484e+006    2.332193655128e+003    6.369511709038e+002   -7.223678295885e+003
2.825008180000002e+008   -6.327805062869e+006    1.155600440402e+006   -2.436136722286e+006    2.803597109405e+003    5.532261228191e+002   -7.059731662001e+003
2.825008779999998e+008   -6.145764237888e+006    1.186222470761e+006   -2.854023443405e+006    3.262122492136e+003    4.671636890232e+002   -6.864704061426e+003
2.825009379999999e+008   -5.936637931478e+006    1.211616349504e+006   -3.259297013316e+006    3.706065102971e+003    3.790723403370e+002   -6.639462697792e+003
2.825009980000002e+008   -5.701367155406e+006    1.231675039518e+006   -3.650176797604e+006    4.133328503271e+003    2.893601760339e+002   -6.385094130818e+003
2.825010579999997e+008   -5.441008436507e+006    1.246314476696e+006   -4.024949772293e+006    4.542103326379e+003    1.984492660869e+002   -6.102745388441e+003
2.825011179999999e+008   -5.156725757763e+006    1.255474257327e+006   -4.381975836976e+006    4.930530004462e+003    1.067771941473e+002   -5.793743416200e+003
2.825011780000001e+008   -4.849786358501e+006    1.259117988866e+006   -4.719695321673e+006    5.296983345290e+003    1.467135164209e+001   -5.459485547552e+003
2.825012380000003e+008   -4.521558022194e+006    1.257234145749e+006   -5.036638791239e+006    5.639920278359e+003   -7.736611208708e+001   -5.101449242112e+003
2.825096380000001e+008    5.229964547511e+006   -1.245001193870e+006    4.298147019063e+006   -4.864922921644e+003   -1.308993978801e+002    5.847981373673e+003
2.825096989999998e+008    4.921553264539e+006   -1.250152144220e+006    4.644816096575e+006   -5.243083777849e+003   -3.798421584719e+001    5.513922381648e+003
2.825097590000001e+008    4.596386787476e+006   -1.249679732111e+006    4.965178241208e+006   -5.591818418878e+003    5.363307978754e+001    5.160855277430e+003
2.825098190000002e+008    4.251023473104e+006   -1.243716447547e+006    5.263661069680e+006   -5.916051115642e+003    1.450019825717e+002    4.784948141120e+003
2.825098789999998e+008    3.886979683385e+006   -1.232288007387e+006    5.538948604106e+006   -6.214307588443e+003    2.357288213287e+002    4.387918551083e+003
2.825099390000000e+008    3.505853344295e+006   -1.215443382772e+006    5.789824732573e+006   -6.485251401156e+003    3.254523150865e+002    3.971554312263e+003
2.825099990000002e+008    3.109318143922e+006   -1.193256458387e+006    6.015182718547e+006   -6.727744293065e+003    4.137613420277e+002    3.537633550717e+003
2.825100589999998e+008    2.699114462843e+006   -1.165823971206e+006    6.214023715771e+006   -6.940701759838e+003    5.002499626046e+002    3.087944480501e+003
2.825101189999999e+008    2.277045499269e+006   -1.133265784233e+006    6.385471774593e+006   -7.123165689134e+003    5.845356018509e+002    2.624705523611e+003
2.825101790000001e+008    1.844961652985e+006   -1.095724523895e+006    6.528753867445e+006   -7.274322990380e+003    6.663029815550e+002    2.149835341455e+003
2.825102389999997e+008    1.404767391125e+006   -1.053363658044e+006    6.643253877802e+006   -7.393508860925e+003    7.451188077404e+002    1.665322832059e+003
2.825102989999999e+008    9.583929694158e+005   -1.006369361432e+006    6.728444646149e+006   -7.480186174696e+003    8.207023624669e+002    1.173377109201e+003
2.825103590000001e+008    5.078042712758e+005   -9.549459129948e+005    6.783954454232e+006   -7.533971947616e+003    8.926866211786e+002    6.761875341811e+002
2.825104189999996e+008    5.497977666789e+004   -8.993204044518e+005    6.809522062365e+006   -7.554633467398e+003    9.607248722074e+002    1.757737142504e+002
2.825104789999999e+008   -3.980862409096e+005   -8.397355227250e+005    6.805032204592e+006   -7.542036020909e+003    1.024597815380e+003   -3.254345769446e+002
2.825105390000001e+008   -8.493997771299e+005   -7.764532941851e+005    6.770495114700e+006   -7.496223651013e+003    1.083953033598e+003   -8.254972808802e+002
2.825105990000002e+008   -1.296971654421e+006   -7.097501111258e+005    6.706049033893e+006   -7.417352676251e+003    1.138575921044e+003   -1.322004148783e+003
2.825106589999998e+008   -1.738828404685e+006   -6.399196196935e+005    6.611972728429e+006   -7.305789261088e+003    1.188175999065e+003   -1.812864593386e+003
2.825107190000000e+008   -2.173020686263e+006   -5.672687618524e+005    6.488671003524e+006   -7.161969967020e+003    1.232570174463e+003   -2.295857907390e+003
2.825107790000002e+008   -2.597630627049e+006   -4.921159269440e+005    6.336673215416e+006   -6.986495934920e+003    1.271520410579e+003   -2.768823117560e+003
2.825108389999998e+008   -3.010782020770e+006   -4.147920174184e+005    6.156644787971e+006   -6.780127852320e+003    1.304913608439e+003   -3.229938984957e+003
2.825108990000000e+008   -3.410645573422e+006   -3.356386374951e+005    5.949373221304e+006   -6.543753597497e+003    1.332539955783e+003   -3.676734066728e+003
2.825109590000002e+008   -3.795452677211e+006   -2.550024603713e+005    5.715760614512e+006   -6.278378638821e+003    1.354285285686e+003   -4.107546724776e+003
2.825110189999998e+008   -4.163496153800e+006   -1.732395495906e+005    5.456832166695e+006   -5.985186263257e+003    1.370074708484e+003   -4.520275028432e+003
2.825110789999999e+008   -4.513142880404e+006   -9.071174554331e+004    5.173726197711e+006   -5.665423495356e+003    1.379800856921e+003   -4.913136944977e+003
2.825111390000001e+008   -4.842842170366e+006   -7.782225142722e+003    4.867688162050e+006   -5.320477451313e+003    1.383437998293e+003   -5.284410209388e+003
2.825111989999997e+008   -5.151127655039e+006    7.518200663504e+004    4.540066151779e+006   -4.951946357121e+003    1.380982167611e+003   -5.632292211040e+003
2.825112589999999e+008   -5.436630828129e+006    1.578129896019e+005    4.192309918779e+006   -4.561334854578e+003    1.372361989694e+003   -5.955320495653e+003
2.825113190000001e+008   -5.698082962634e+006    2.397467503341e+005    3.825954878076e+006   -4.150507135319e+003    1.357714114513e+003   -6.252002012513e+003
2.825113790000003e+008   -5.934319214034e+006    3.206196779920e+005    3.442620614364e+006   -3.721164545926e+003    1.337017820760e+003   -6.521013984235e+003
2.825114389999998e+008   -6.144289160338e+006    4.000742819230e+005    3.044005899464e+006   -3.275304300565e+003    1.310427950423e+003   -6.761153142638e+003
2.825114990000001e+008   -6.327061614930e+006    4.777578158651e+005    2.631879700101e+006   -2.814852987005e+003    1.278020132179e+003   -6.971306338638e+003
2.825115590000002e+008   -6.481824273219e+006    5.533265775531e+005    2.208069177504e+006   -2.341984065311e+003    1.239990356005e+003   -7.150490014897e+003
2.825116189999998e+008   -6.607891225568e+006    6.264462614994e+005    1.774455399679e+006   -1.858712153349e+003    1.196423907788e+003   -7.297920878740e+003
2.825116790000000e+008   -6.704704771727e+006    6.967918491310e+005    1.332963644348e+006   -1.367262984076e+003    1.147573461028e+003   -7.412985285457e+003
2.825117390000002e+008   -6.771841975877e+006    7.640554076226e+005    8.855556099923e+005   -8.698299946276e+002    1.093661407435e+003   -7.495109644538e+003
2.825117989999998e+008   -6.809009254844e+006    8.279373467627e+005    4.342172065984e+005   -3.686642963257e+002    1.034908322082e+003   -7.543950271789e+003
2.825118589999999e+008   -6.816049375242e+006    8.881552969338e+005   -1.904863252394e+004    1.339870385944e+002    9.716419486693e+002   -7.559293484827e+003
2.825119190000002e+008   -6.792941559077e+006    9.444457611790e+005   -4.722301505059e+005    6.359299479144e+002    9.040004107066e+002   -7.541145696930e+003
2.825119789999997e+008   -6.739800854396e+006    9.965612124717e+005   -9.233180681000e+005    1.134800756714e+003    8.324719790978e+002   -7.489573028410e+003
2.825120389999999e+008   -6.656873775349e+006    1.044272152456e+006   -1.370313790712e+006    1.628432405809e+003    7.572820752603e+002   -7.404801932909e+003
2.825120990000001e+008   -6.544542708604e+006    1.087370678194e+006   -1.811240201062e+006    2.114556275249e+003    6.787876354433e+002   -7.287318692599e+003
2.825121590000003e+008   -6.403321260973e+006    1.125669287520e+006   -2.244148166843e+006    2.591076900560e+003    5.973497956450e+002   -7.137629872073e+003
2.825122189999999e+008   -6.233851277616e+006    1.159001838038e+006   -2.667128045558e+006    3.055827444664e+003    5.133475180565e+002   -6.956491918991e+003
2.825122790000001e+008   -6.036898423857e+006    1.187224843312e+006   -3.078316391685e+006    3.506792442597e+003    4.271305057003e+002   -6.744751529537e+003
2.825123390000003e+008   -5.813351658705e+006    1.210217693101e+006   -3.475905157533e+006    3.941972846845e+003    3.390851072557e+002   -6.503365425156e+003
2.825123989999998e+008   -5.564214367164e+006    1.227882945125e+006   -3.858149907719e+006    4.359475912749e+003    2.496121337811e+002   -6.233470500349e+003
2.825124590000001e+008   -5.290603118028e+006    1.240147554815e+006   -4.223376621146e+006    4.757463665605e+003    1.591235193085e+002   -5.936323738656e+003
2.825125190000002e+008   -4.993740272342e+006    1.246961242459e+006   -4.569990203151e+006    5.134259649530e+003    6.800580828427e+001   -5.613262388499e+003
2.825125769999999e+008   -4.685915457390e+006    1.248343743009e+006   -4.885936381912e+006    5.476734446923e+003   -2.028017377253e+001   -5.277724883059e+003
