2.810600979999999e+008    4.978479765849e+006   -2.757551309160e+006    3.881826602876e+006   -4.281188268168e+003    1.022405594155e+003    6.198636267786e+003
2.810601580000001e+008    4.710871618387e+006   -2.690202273792e+006    4.244925081541e+006   -4.635496943510e+003    1.221593778480e+003    5.900661219033e+003
2.810602179999997e+008    4.422622744556e+006   -2.611061278645e+006    4.589384845160e+006   -4.969400991728e+003    1.415390766494e+003    5.576852713955e+003
2.810602779999999e+008    4.114979369306e+006   -2.520474966321e+006    4.913666649709e+006   -5.281530790849e+003    1.602966311398e+003    5.228648488808e+003
2.810603380000001e+008    3.789430899617e+006   -2.418911501574e+006    5.216392550326e+006   -5.569898339959e+003    1.783220426261e+003    4.857545261930e+003
2.810603979999996e+008    3.447186570204e+006   -2.306699336794e+006    5.496175564153e+006   -5.834317819497e+003    1.955782353419e+003    4.465232715934e+003
2.810604579999999e+008    3.089838261732e+006   -2.184381282876e+006    5.751814076444e+006   -6.073032351623e+003    2.119885831314e+003    4.053107960320e+003
2.810605180000001e+008    2.718959366130e+006   -2.052497404743e+006    5.982191502732e+006   -6.285179482387e+003    2.274642951745e+003    3.623319554024e+003
2.810605780000002e+008    2.336169452098e+006   -1.911623462267e+006    6.186295181926e+006   -6.469812016332e+003    2.419404571530e+003    3.177685928900e+003
2.810606379999998e+008    1.943147573568e+006   -1.762377853557e+006    6.363230854369e+006   -6.626140208780e+003    2.553545342084e+003    2.718025773873e+003
2.810606980000000e+008    1.541615726700e+006   -1.605414281975e+006    6.512222189068e+006   -6.753397270617e+003    2.676552510323e+003    2.246527820919e+003
2.810607580000002e+008    1.133332168895e+006   -1.441420050579e+006    6.632616294645e+006   -6.851114292768e+003    2.787826712799e+003    1.765101281870e+003
2.810608179999998e+008    7.200847831538e+005   -1.271113223402e+006    6.723882230255e+006   -6.918803626504e+003    2.886912896375e+003    1.275825345039e+003
2.810608780000000e+008    3.036825922049e+005   -1.095239642558e+006    6.785606519511e+006   -6.956633456572e+003    2.972071061501e+003    7.759401984834e+002
2.810609380000002e+008   -1.140485476513e+005   -9.145652718211e+005    6.817532657899e+006   -6.963152812722e+003    3.046781696849e+003    2.826436683732e+002
2.810609979999998e+008   -5.312805689543e+005   -7.298848112858e+005    6.819498136056e+006   -6.939565158544e+003    3.106887800950e+003   -2.171925008599e+002
2.810610579999999e+008   -9.461848007892e+005   -5.420055111803e+005    6.791491943224e+006   -6.885547122252e+003    3.153389932702e+003   -7.161387787218e+002
2.810611180000001e+008   -1.356941211226e+006   -3.517497160976e+005    6.733629582120e+006   -6.801338035698e+003    3.186073181019e+003   -1.212024783683e+003
2.810611779999997e+008   -1.761746281506e+006   -1.599516760903e+005    6.646156081888e+006   -6.687271660002e+003    3.204785374173e+003   -1.702769977882e+003
2.810612379999999e+008   -2.158822442560e+006    3.254800290994e+004    6.529445013703e+006   -6.543806699100e+003    3.209442134824e+003   -2.186203617034e+003
2.810612980000001e+008   -2.546424514280e+006    2.249047632674e+005    6.383998501349e+006   -6.371550848259e+003    3.200019228999e+003   -2.660304712009e+003
2.810613580000003e+008   -2.922845517430e+006    4.162737362985e+005    6.210445230840e+006   -6.171242592379e+003    3.176543546346e+003   -3.122792058300e+003
2.810614179999999e+008   -3.286427705664e+006    6.058143042696e+005    6.009536468557e+006   -5.943746701705e+003    3.139077277913e+003   -3.571764244930e+003
2.810614780000001e+008   -3.635566798099e+006    7.926923629070e+005    5.782144068241e+006   -5.689990949417e+003    3.087842965768e+003   -4.005279750923e+003
2.810615380000002e+008   -3.968721063358e+006    9.760852230323e+005    5.529257485982e+006   -5.411098955895e+003    3.022954798453e+003   -4.421246741760e+003
2.810615979999998e+008   -4.284416586023e+006    1.155183544176e+006    5.251981288872e+006   -5.108208255450e+003    2.944729842174e+003   -4.817993351343e+003
2.810616580000000e+008   -4.581254591505e+006    1.329197724395e+006    4.951524167199e+006   -4.782727939295e+003    2.853532479031e+003   -5.193577269485e+003
2.810617180000002e+008   -4.857919408886e+006    1.497359071916e+006    4.629202947454e+006   -4.436025365828e+003    2.749713488435e+003   -5.546526255091e+003
2.810617779999998e+008   -5.113181891713e+006    1.658922980937e+006    4.286430598028e+006   -4.069611642956e+003    2.633736291975e+003   -5.875057827648e+003
2.810618379999999e+008   -5.345906872512e+006    1.813175894266e+006    3.924711441649e+006   -3.685025337899e+003    2.506073956455e+003   -6.177839462125e+003
2.810618980000002e+008   -5.555057147442e+006    1.959433343759e+006    3.545634661767e+006   -3.284052114159e+003    2.367278095274e+003   -6.453378227834e+003
2.810619579999997e+008   -5.739699750766e+006    2.097043607345e+006    3.150872812923e+006   -2.868455787280e+003    2.218046655593e+003   -6.700431223058e+003
2.810620179999999e+008   -5.899011543530e+006    2.225402312062e+006    2.742170030507e+006   -2.439997140594e+003    2.058920243223e+003   -6.917975558647e+003
2.810620780000001e+008   -6.032280282933e+006    2.343934357185e+006    2.321326531631e+006   -2.000625685593e+003    1.890660760859e+003   -7.104938028142e+003
2.810621380000003e+008   -6.138909414402e+006    2.452115085310e+006    1.890203623921e+006   -1.552313767314e+003    1.713997088917e+003   -7.260475389779e+003
2.810621979999999e+008   -6.218422754142e+006    2.549464481463e+006    1.450708812840e+006   -1.097132321778e+003    1.529751990147e+003   -7.383934237315e+003
2.810622580000001e+008   -6.270457620859e+006    2.635550129989e+006    1.004788090655e+006   -6.369762648340e+002    1.338694558084e+003   -7.474601453094e+003
2.810623180000003e+008   -6.294898982583e+006    2.709988450333e+006    5.544045545692e+005   -1.699992986227e+002    1.141859235868e+003   -7.531799989671e+003
2.810623779999998e+008   -6.291326543513e+006    2.772460251731e+006    1.015873085675e+005    2.920591354236e+002    9.394121888776e+002   -7.556420754020e+003
2.810624380000001e+008   -6.259961407007e+006    2.822680087191e+006   -3.516841990417e+005    7.532684402705e+002    7.336139746761e+002   -7.547170254688e+003
2.810624980000002e+008   -6.200986164226e+006    2.860401426768e+006   -8.034043807130e+005    1.211750719032e+003    5.241209117678e+002   -7.504565455394e+003
2.810625579999998e+008   -6.114651665527e+006    2.885509456235e+006   -1.251567431746e+006    1.665049697187e+003    3.125583369509e+002   -7.428692286474e+003
2.810626180000000e+008   -6.001386161043e+006    2.897883279919e+006   -1.694191759334e+006    2.111202191627e+003    9.956455702042e+001   -7.319907526605e+003
2.810626780000002e+008   -5.861558803627e+006    2.897455346239e+006   -2.129312164275e+006    2.548015495267e+003   -1.138226533133e+002   -7.178727562708e+003
2.810627379999998e+008   -5.695857892111e+006    2.884239927468e+006   -2.555006724695e+006    2.973344962527e+003   -3.266092367135e+002   -7.005838862078e+003
2.810627979999999e+008   -5.505022111008e+006    2.858296022439e+006   -2.969399934758e+006    3.385614447727e+003   -5.379449210845e+002   -6.801998823117e+003
2.810628580000001e+008   -5.289899035118e+006    2.819741406562e+006   -3.370654308870e+006    3.782578896054e+003   -7.467454647695e+002   -6.568203745957e+003
2.810629179999997e+008   -5.051458748025e+006    2.768760725394e+006   -3.757022059223e+006    4.162755177513e+003   -9.521814887138e+002   -6.305391181369e+003
2.810629779999999e+008   -4.790746295990e+006    2.705571292325e+006   -4.126767874602e+006    4.524412994562e+003   -1.153271141936e+003   -6.014958271667e+003
2.810630380000001e+008   -4.508936536854e+006    2.630467329736e+006   -4.478289329283e+006    4.865890111773e+003   -1.349195967200e+003   -5.698132277238e+003
2.810630979999996e+008   -4.207274298040e+006    2.543783614650e+006   -4.810043281935e+006    5.185804992772e+003   -1.539100409788e+003   -5.356300913283e+003
2.810711989999999e+008    5.898303208504e+006   -2.894343715024e+006    2.078371847191e+006   -2.495906101312e+003    8.594850907226e+001    7.180542961408e+003
2.810712590000001e+008    5.735725864587e+006   -2.882842991878e+006    2.504321834789e+006   -2.921535541988e+003    2.972859912319e+002    7.012425083224e+003
2.810713189999996e+008    5.547983873823e+006   -2.858695535683e+006    2.919252141176e+006   -3.334227770506e+003    5.072999662932e+002    6.813516066038e+003
2.810713789999999e+008    5.335909178187e+006   -2.822010407013e+006    3.321343506207e+006   -3.732247088770e+003    7.150438762662e+002    6.584643042587e+003
2.810714390000001e+008    5.100435922223e+006   -2.772950601904e+006    3.708829300990e+006   -4.113950646400e+003    9.196165977358e+002    6.326853299024e+003
2.810714990000002e+008    4.842599674100e+006   -2.711733623437e+006    4.080008329137e+006   -4.477431030779e+003    1.120143591954e+003    6.041273692532e+003
2.810715589999998e+008    4.563533933368e+006   -2.638629016934e+006    4.433251632567e+006   -4.821266735881e+003    1.315726248828e+003    5.729201869613e+003
2.810716190000000e+008    4.264465689598e+006   -2.553958766391e+006    4.767009998720e+006   -5.144004720278e+003    1.505524207640e+003    5.391965428255e+003
2.810716790000002e+008    3.946706161265e+006   -2.458097028503e+006    5.079819775631e+006   -5.444050633269e+003    1.688655432250e+003    5.031121734881e+003
2.810717389999998e+008    3.611654243069e+006   -2.351464370758e+006    5.370306666603e+006   -5.720243372339e+003    1.864399002516e+003    4.648228868215e+003
2.810717990000000e+008    3.260780379273e+006   -2.234528860211e+006    5.637204756406e+006   -5.971324907066e+003    2.031940559924e+003    4.244964744994e+003
2.810718590000002e+008    2.895620604694e+006   -2.107805714417e+006    5.879336520956e+006   -6.196219503165e+003    2.190572075777e+003    3.823107583621e+003
2.810719189999998e+008    2.517777077219e+006   -1.971849211074e+006    6.095642826871e+006   -6.393965071463e+003    2.339601507163e+003    3.384525788187e+003
2.810719789999999e+008    2.128906440475e+006   -1.827256232634e+006    6.285176950224e+006   -6.563689863416e+003    2.478327937867e+003    2.930957909092e+003
2.810720390000001e+008    1.730709718442e+006   -1.674661316033e+006    6.447104593204e+006   -6.704679481467e+003    2.606218491656e+003    2.464722761428e+003
2.810720989999997e+008    1.324934850181e+006   -1.514730722963e+006    6.580720880305e+006   -6.816292819954e+003    2.722748986622e+003    1.987429278943e+003
2.810721589999999e+008    9.133564303027e+005   -1.348166173090e+006    6.685431891072e+006   -6.898042518124e+003    2.827305571411e+003    1.501666642447e+003
2.810722190000001e+008    4.977773403804e+005   -1.175696325894e+006    6.760779157882e+006   -6.949548205570e+003    2.919453647805e+003    1.009054214022e+003
2.810722790000003e+008    8.001745246295e+004   -9.980766955950e+005    6.806427684306e+006   -6.970676392843e+003    2.998933202042e+003    5.119817666526e+002
2.810723389999998e+008   -3.380930789791e+005   -8.160838668686e+005    6.822170456304e+006   -6.961310807139e+003    3.065222507990e+003    1.265908857332e+001
2.810723990000001e+008   -7.547226257286e+005   -6.305140071202e+005    6.807931456622e+006   -6.921352014555e+003    3.118142373927e+003   -4.870839887389e+002
2.810724590000002e+008   -1.168134109019e+006   -4.420207757341e+005    6.763673328600e+006   -6.850461869701e+003    3.156314476851e+003   -9.841280776697e+002
2.810725189999998e+008   -1.576305161434e+006   -2.517985110957e+005    6.689795226245e+006   -6.750289588736e+003    3.182041781860e+003   -1.477580385179e+003
2.810725790000000e+008   -1.977570109597e+006   -6.045520330169e+004    6.586482911409e+006   -6.620352524958e+003    3.193664563007e+003   -1.964821772780e+003
2.810726390000002e+008   -2.370163276752e+006    1.311651114304e+005    6.454182472305e+006   -6.461319476489e+003    3.191272599626e+003   -2.443571145992e+003
2.810726989999998e+008   -2.752343728555e+006    3.221966856304e+005    6.293473036474e+006   -6.273890713784e+003    3.174903942429e+003   -2.911797361927e+003
2.810727589999999e+008   -3.122456159763e+006    5.118475010998e+005    6.105035374347e+006   -6.058647659608e+003    3.144390286897e+003   -3.367359480714e+003
2.810728190000002e+008   -3.478851094848e+006    6.992515082330e+005    5.889703762450e+006   -5.816740361150e+003    3.100042084997e+003   -3.808165614751e+003
2.810728789999997e+008   -3.819950469178e+006    8.835819918259e+005    5.648396095404e+006   -5.549101332943e+003    3.042023412143e+003   -4.232454237669e+003
2.810729389999999e+008   -4.144252750684e+006    1.064031007380e+006    5.382178893365e+006   -5.256903023186e+003    2.970529705262e+003   -4.638253431032e+003
2.810729990000001e+008   -4.450315451004e+006    1.239794580905e+006    5.092210772789e+006   -4.941458988827e+003    2.886030814536e+003   -5.023831034049e+003
2.810730590000003e+008   -4.736785730429e+006    1.410099050502e+006    4.779761997510e+006   -4.604045220959e+003    2.788703723348e+003   -5.387334960839e+003
2.810731189999999e+008   -5.002391642733e+006    1.574195254953e+006    4.446200464197e+006   -4.246209166626e+003    2.679091046871e+003   -5.727302666976e+003
2.810731790000001e+008   -5.245952348440e+006    1.731354605650e+006    4.092989918786e+006   -3.869461509449e+003    2.557583023096e+003   -6.042071674813e+003
2.810732390000003e+008   -5.466383423470e+006    1.880880486974e+006    3.721682965650e+006   -3.475508728780e+003    2.424754858314e+003   -6.330249179693e+003
2.810732989999998e+008   -5.662702123565e+006    2.022112331614e+006    3.333916576355e+006   -3.066024932730e+003    2.281134479273e+003   -6.590582432015e+003
2.810733590000001e+008   -5.834003073773e+006    2.154429292112e+006    2.931386250264e+006   -2.643141080099e+003    2.127360852767e+003   -6.821737933596e+003
2.810734190000002e+008   -5.979593610954e+006    2.277222824953e+006    2.515894733438e+006   -2.208079732140e+003    1.964194305043e+003   -7.022883658665e+003
2.810734789999998e+008   -6.098791138226e+006    2.389986339496e+006    2.089269593201e+006   -1.763111817911e+003    1.792158224922e+003   -7.193035887253e+003
2.810735390000000e+008   -6.191043153006e+006    2.492175244752e+006    1.653382506705e+006   -1.310327296744e+003    1.612353998718e+003   -7.331271166129e+003
2.810735990000002e+008   -6.255928580951e+006    2.583341835583e+006    1.210168869591e+006   -8.517217377213e+002    1.425401466954e+003   -7.437046219078e+003
2.810736589999998e+008   -6.293166829579e+006    2.663091646537e+006    7.615916085776e+005   -3.893783329740e+002    1.232191866854e+003   -7.509897614421e+003
2.810737189999999e+008   -6.302609360376e+006    2.731086752476e+006    3.096437679238e+005    7.474463983982e+001    1.033476380206e+003   -7.549472130456e+003
2.810737790000001e+008   -6.284203168870e+006    2.787013006864e+006   -1.436758515748e+005    5.386237056297e+002    8.301632383701e+002   -7.555586432082e+003
2.810738389999997e+008   -6.238028738330e+006    2.830627892250e+006   -5.963586285485e+005    9.999918012256e+002    6.231584613985e+002   -7.528256788277e+003
2.810738989999999e+008   -6.164294453437e+006    2.861737157277e+006   -1.046399431271e+006    1.456902457735e+003    4.134657759350e+002   -7.467569984868e+003
2.810739590000001e+008   -6.063330970127e+006    2.880205428358e+006   -1.491805126319e+006    1.907271362524e+003    2.019809777078e+002   -7.373822588841e+003
2.810740189999996e+008   -5.935589397770e+006    2.885954608048e+006   -1.930604281608e+006    2.349158829729e+003   -1.043089761532e+001   -7.247431404014e+003
2.810740789999999e+008   -5.781646015819e+006    2.878965579759e+006   -2.360859158659e+006    2.780542055322e+003   -2.226280281428e+002   -7.088993085932e+003
2.810741390000001e+008   -5.602182123540e+006    2.859267634782e+006   -2.780663045864e+006    3.199308177336e+003   -4.336401015941e+002   -6.899364152134e+003
2.810825979999998e+008    5.825249131742e+006   -2.877101775864e+006    2.296548917104e+006   -2.714321308770e+003    1.877042456557e+002    7.098586196934e+003
2.810826590000002e+008    5.646798778943e+006   -2.859132805183e+006    2.724255255468e+006   -3.140035120809e+003    4.011869225365e+002    6.912149097813e+003
2.810827219999998e+008    5.435095959708e+006   -2.827091826853e+006    3.152511892666e+006   -3.566640539339e+003    6.189617253745e+002    6.685353608052e+003
2.810829619999999e+008    4.399424828943e+006   -2.581624182183e+006    4.627929680534e+006   -5.012910510604e+003    1.414245396710e+003    5.538104309829e+003
2.810830369999999e+008    4.008289010652e+006   -2.466643544905e+006    5.028502320942e+006   -5.395287592612e+003    1.644370052553e+003    5.091407163546e+003
2.810830970000001e+008    3.676145097979e+006   -2.362656333292e+006    5.322433786215e+006   -5.673878753942e+003    1.820280750381e+003    4.704818567111e+003
2.810831570000003e+008    3.327898858349e+006   -2.248394376002e+006    5.592723425900e+006   -5.933207509442e+003    1.987408176639e+003    4.299468175125e+003
2.810832169999999e+008    2.964882571639e+006   -2.124168355693e+006    5.838952056304e+006   -6.163362863333e+003    2.149345820205e+003    3.893220051708e+003
2.810832770000001e+008    2.588860475993e+006   -1.990620084434e+006    6.059737273457e+006   -6.366408722334e+003    2.300046160401e+003    3.460857232093e+003
2.810833370000002e+008    2.201466099375e+006   -1.848358967204e+006    6.253977388028e+006   -6.541628559931e+003    2.440239938741e+003    3.010688595604e+003
2.810833969999998e+008    1.804431197219e+006   -1.698003180799e+006    6.420765050599e+006   -6.687998341003e+003    2.569741424823e+003    2.546752471400e+003
2.810834570000000e+008    1.399486958920e+006   -1.540208122407e+006    6.559372911086e+006   -6.805047117903e+003    2.687973086621e+003    2.071428067870e+003
2.810835170000002e+008    9.884170370233e+005   -1.375670686181e+006    6.669173032110e+006   -6.892287046147e+003    2.794500904864e+003    1.586964572606e+003
2.810835769999998e+008    5.730183787948e+005   -1.205108055313e+006    6.749679953826e+006   -6.949325349277e+003    2.888768227329e+003    1.095371321736e+003
2.810836369999999e+008    1.551332745337e+005   -1.029266898755e+006    6.800618141409e+006   -6.975761264591e+003    2.970422560315e+003    5.989276485331e+002
2.810836970000002e+008   -2.634761497294e+005   -8.489181568735e+005    6.821533689072e+006   -6.971963313927e+003    3.039075971472e+003    9.961413633508e+001
2.810837569999997e+008   -6.809088169360e+005   -6.648453403979e+005    6.812517964934e+006   -6.937430592443e+003    3.094385405693e+003   -4.001100438886e+002
2.810838169999999e+008   -1.095356763954e+006   -4.778571071735e+005    6.773559487296e+006   -6.872483491300e+003    3.136169805176e+003   -8.982543771954e+002
2.810838770000001e+008   -1.505001218019e+006   -2.887735541236e+005    6.704807756484e+006   -6.777399836699e+003    3.164193886973e+003   -1.392328419851e+003
2.810839369999997e+008   -1.908044288686e+006   -9.842309107356e+004    6.606567806584e+006   -6.652511710387e+003    3.178367422230e+003   -1.881041634432e+003
2.810839969999999e+008   -2.302715191990e+006    9.236038982881e+004    6.479259215653e+006   -6.498443824197e+003    3.178593861882e+003   -2.360843004484e+003
2.810840570000001e+008   -2.687277980413e+006    2.827385126748e+005    6.323429118368e+006   -6.315792532807e+003    3.164847373010e+003   -2.831201560305e+003
2.810841170000003e+008   -3.060039181362e+006    4.718753730720e+005    6.139751718796e+006   -6.105141546818e+003    3.137278003965e+003   -3.289086341007e+003
2.810841789999997e+008   -3.431081977318e+006    6.651291518788e+005    5.921539678285e+006   -5.859333680815e+003    3.094217873660e+003   -3.747189092897e+003
2.810842389999999e+008   -3.774876974427e+006    8.491441007672e+005    5.683785319439e+006   -5.597338017935e+003    3.036187233275e+003   -4.175988877559e+003
2.810843009999999e+008   -4.112597807546e+006    1.035445577826e+006    5.411855141931e+006   -5.296199132801e+003    2.967238521492e+003   -4.595552891462e+003
2.810843610000001e+008   -4.421076613490e+006    1.211073718589e+006    5.124372835601e+006   -4.982937181171e+003    2.884727472316e+003   -4.983527251768e+003
2.810844209999996e+008   -4.710124224056e+006    1.381396496886e+006    4.814326618517e+006   -4.647100946979e+003    2.789273720998e+003   -5.350278953887e+003
2.810844809999999e+008   -4.978403934089e+006    1.545616809006e+006    4.482978277931e+006   -4.291248834650e+003    2.681824495543e+003   -5.692603783972e+003
2.810845410000001e+008   -5.224727394801e+006    1.703016122991e+006    4.131774346569e+006   -3.916244452695e+003    2.562481964311e+003   -6.010030331015e+003
2.810846010000002e+008   -5.448003625472e+006    1.852892034741e+006    3.762301716594e+006   -3.523699402167e+003    2.431667773649e+003   -6.301095949778e+003
2.810846609999998e+008   -5.647256373768e+006    1.994602409628e+006    3.376196169855e+006   -3.115607600315e+003    2.290217080284e+003   -6.564337352832e+003
2.810846970000001e+008   -5.754900759595e+006    2.075444642791e+006    3.137252669808e+006   -2.863881154169e+003    2.200373236013e+003   -6.708511602172e+003
