2.817533970000003e+008    5.979837107946e+006   -2.084505896233e+006    2.716321650675e+006   -3.163623900006e+003   -2.209843193312e+001    6.912561454400e+003
2.817534569999998e+008    5.777050677902e+006   -2.081259209339e+006    3.124803846679e+006   -3.593570107572e+003    1.302470811167e+002    6.698338783365e+003
2.817535170000001e+008    5.548927262959e+006   -2.068884592414e+006    3.519540832241e+006   -4.007781423770e+003    2.820446124933e+002    6.454710420020e+003
2.817535770000002e+008    5.296468079743e+006   -2.047436794771e+006    3.898799571894e+006   -4.404420311511e+003    4.325829107877e+002    6.182643338448e+003
2.817536369999998e+008    5.020781568700e+006   -2.017009743628e+006    4.260912553725e+006   -4.781748898149e+003    5.812260553135e+002    5.883394679013e+003
2.817536970000000e+008    4.723075333488e+006   -1.977737236827e+006    4.604285302477e+006   -5.138113981887e+003    7.273197546605e+002    5.558241719124e+003
2.817537570000002e+008    4.404656228306e+006   -1.929791349824e+006    4.927411679500e+006   -5.472055008082e+003    8.702230549606e+002    5.208572050744e+003
2.817538169999998e+008    4.066921562002e+006   -1.873382823136e+006    5.228868897052e+006   -5.781712902975e+003    1.009305496578e+003    4.836262617789e+003
2.817538769999999e+008    3.711353192062e+006   -1.808759000461e+006    5.507333028036e+006   -6.066212552702e+003    1.143950629106e+003    4.442491966699e+003
2.817539370000002e+008    3.339508593135e+006   -1.736203225660e+006    5.761578020573e+006   -6.324118687397e+003    1.273590813057e+003    4.029197734753e+003
2.817539969999997e+008    2.953017894319e+006   -1.656034807445e+006    5.990484202840e+006   -6.554239653274e+003    1.397632622462e+003    3.598217954677e+003
2.817540569999999e+008    2.553576557224e+006   -1.568603802593e+006    6.193046795254e+006   -6.755635189654e+003    1.515570775751e+003    3.151391072879e+003
2.817541170000001e+008    2.142936310466e+006   -1.474293297239e+006    6.368372925123e+006   -6.927408626282e+003    1.626870140817e+003    2.690625605418e+003
2.817541769999997e+008    1.722895821176e+006   -1.373516482541e+006    6.515686641990e+006   -7.068825705541e+003    1.731044324078e+003    2.218010335453e+003
2.817542369999999e+008    1.295296906728e+006   -1.266714195346e+006    6.634337423926e+006   -7.179255951323e+003    1.827641683694e+003    1.735584216769e+003
2.817542970000001e+008    8.620145890236e+005   -1.154354300688e+006    6.723799693760e+006   -7.258203105486e+003    1.916231992489e+003    1.245406422815e+003
2.817543570000002e+008    4.249495202923e+005   -1.036928723845e+006    6.783672331559e+006   -7.305335957920e+003    1.996432484019e+003    7.495363981436e+002
2.817544169999998e+008   -1.398114097820e+004   -9.149514131180e+005    6.813683689587e+006   -7.320388694909e+003    2.067904759075e+003    2.504736965186e+002
2.817544770000000e+008   -4.528498803568e+005   -7.889574979197e+005    6.813698102379e+006   -7.303252753079e+003    2.130301152858e+003   -2.499618734962e+002
2.817545370000002e+008   -8.897308320531e+005   -6.594981468319e+005    6.783701406515e+006   -7.254097362107e+003    2.183357510601e+003   -7.495300462883e+002
2.817545969999998e+008   -1.322702323246e+006   -5.271406005125e+005    6.723821444792e+006   -7.173011106842e+003    2.226866449335e+003   -1.245830684702e+003
2.817546570000000e+008   -1.749860360608e+006   -3.924663988299e+005    6.634305588250e+006   -7.060380809947e+003    2.260556283309e+003   -1.736983169520e+003
2.817547170000002e+008   -2.169324289497e+006   -2.560669248547e+005    6.515536745616e+006   -6.916648434674e+003    2.284362550280e+003   -2.220466780971e+003
2.817547769999998e+008   -2.579245464251e+006   -1.185404888047e+005    6.368034377579e+006   -6.742414961206e+003    2.298092033163e+003   -2.694550547435e+003
2.817548369999999e+008   -2.977815797095e+006    1.950714878087e+004    6.192427010645e+006   -6.538429057776e+003    2.301729108789e+003   -3.156813247320e+003
2.817548970000001e+008   -3.363275556452e+006    1.574690658133e+005    5.989480750185e+006   -6.305554615322e+003    2.295243565084e+003   -3.605513472927e+003
2.817549569999997e+008   -3.733921025797e+006    2.947376714162e+005    5.760078292904e+006   -6.044781418023e+003    2.278636834262e+003   -4.038409609298e+003
2.817550169999999e+008   -4.088111080212e+006    4.307072593168e+005    5.505221437680e+006   -5.757238954456e+003    2.251958118736e+003   -4.453699812187e+003
2.817550770000001e+008   -4.424275733092e+006    5.647774718843e+005    5.226024099646e+006   -5.444160242354e+003    2.215353031836e+003   -4.849442063898e+003
2.817551370000003e+008   -4.740924810734e+006    6.963569363882e+005    4.923710324491e+006   -5.106939104010e+003    2.168966903363e+003   -5.223954085123e+003
2.817551969999999e+008   -5.036651319065e+006    8.248635483215e+005    4.599606293949e+006   -4.746980457473e+003    2.112951601342e+003   -5.575523578109e+003
2.817552570000001e+008   -5.310142851379e+006    9.497286601674e+005    4.255142344585e+006   -4.365944266417e+003    2.047626697423e+003   -5.902547821747e+003
2.817553170000002e+008   -5.560177747813e+006    1.070398965442e+006    3.891827661601e+006   -3.965446031829e+003    1.973187419770e+003   -6.203534173416e+003
2.817553769999998e+008   -5.785645278550e+006    1.186340831039e+006    3.511269511945e+006   -3.547311743616e+003    1.890013720197e+003   -6.477109638915e+003
2.817554370000000e+008   -5.985537849879e+006    1.297037910560e+006    3.115146731469e+006   -3.113292307932e+003    1.798451036948e+003   -6.722131348281e+003
2.817554970000002e+008   -6.158964243572e+006    1.401999787430e+006    2.705211246913e+006   -2.665455614219e+003    1.698925256918e+003   -6.937325911128e+003
2.817555569999998e+008   -6.305153249445e+006    1.500761703745e+006    2.283280081802e+006   -2.205732081157e+003    1.591879627893e+003   -7.121810160667e+003
2.817556169999999e+008   -6.423453485506e+006    1.592885897844e+006    1.851222156201e+006   -1.736123200317e+003    1.477746689973e+003   -7.274810814954e+003
2.817556770000002e+008   -6.513337381040e+006    1.677963723878e+006    1.410952393302e+006   -1.258844707267e+003    1.357062093013e+003   -7.395474237960e+003
2.817557369999998e+008   -6.574405828416e+006    1.755618314262e+006    9.644233271179e+005   -7.759803918500e+002    1.230387702837e+003   -7.483357007854e+003
2.817557969999999e+008   -6.606389915766e+006    1.825507072525e+006    5.136162054181e+005   -2.897544785555e+002    1.098313467900e+003   -7.538005472631e+003
2.817558570000001e+008   -6.609148815963e+006    1.887320572125e+006    6.053048622438e+004    1.977613558097e+002    9.613488364098e+002   -7.559256232988e+003
2.817559170000003e+008   -6.582676460531e+006    1.940787266347e+006   -3.928235510978e+005    6.842786998446e+002    8.202325695871e+002   -7.546955525556e+003
2.817559769999999e+008   -6.527094402375e+006    1.985671550131e+006   -8.444359175702e+005    1.167696255943e+003    6.754065476842e+002   -7.501219906296e+003
2.817560370000001e+008   -6.442657758039e+006    2.021778871870e+006   -1.292305604686e+006    1.645770329028e+003    5.277216510067e+002   -7.422245679696e+003
2.817560970000003e+008   -6.329748874476e+006    2.048951490857e+006   -1.734448694936e+006    2.116415385919e+003    3.777207324406e+002   -7.310409422826e+003
2.817561569999998e+008   -6.188878268631e+006    2.067073177959e+006   -2.168909060065e+006    2.577508187466e+003    2.261388933831e+002   -7.166257642316e+003
2.817562170000001e+008   -6.020680326202e+006    2.076068140835e+006   -2.593766668138e+006    3.026978878498e+003    7.359373385694e+001   -6.990446937484e+003
2.817562770000002e+008   -5.825910493635e+006    2.075899851631e+006   -3.007146288178e+006    3.462863223116e+003   -7.914254302210e+001   -6.783804072494e+003
2.817563369999998e+008   -5.605446710591e+006    2.066577703608e+006   -3.407225587522e+006    3.883230190677e+003   -2.314852194824e+002   -6.547275874689e+003
2.817563970000000e+008   -5.360273616586e+006    2.048146373643e+006   -3.792244658067e+006    4.286241244416e+003   -3.826818455146e+002   -6.281979314249e+003
2.817644989999998e+008    6.558196876889e+006   -1.974339022033e+006    7.836015808190e+005   -1.112438001693e+003   -6.911518041430e+002    7.486809516501e+003
2.817645590000001e+008    6.477119167917e+006   -2.011450053394e+006    1.230756473447e+006   -1.589102404645e+003   -5.454232182090e+002    7.412923322268e+003
2.817646190000002e+008    6.367640760838e+006   -2.039740739520e+006    1.672499572909e+006   -2.058764790749e+003   -3.972772240589e+002    7.306465796422e+003
2.817646789999998e+008    6.230246080203e+006   -2.059087041190e+006    2.106889793698e+006   -2.519523536971e+003   -2.473861350432e+002    7.167843807655e+003
2.817647390000000e+008    6.065521351426e+006   -2.069403434064e+006    2.532011982557e+006   -2.969291198538e+003   -9.639806922307e+001    6.997683923223e+003
2.817647990000002e+008    5.874189972448e+006   -2.070643467508e+006    2.945998260825e+006   -3.405979237763e+003    5.501559506583e+001    6.796762707616e+003
2.817648589999998e+008    5.657101250748e+006   -2.062803104605e+006    3.347025742626e+006   -3.827743860542e+003    2.061970882997e+002    6.565947124927e+003
2.817649189999999e+008    5.415199691272e+006   -2.045915630246e+006    3.733332785185e+006   -4.232710359485e+003    3.564716257654e+002    6.306234088164e+003
2.817649790000001e+008    5.149545630666e+006   -2.020054664063e+006    4.103219655053e+006   -4.619155721522e+003    5.051920605955e+002    6.018800759095e+003
2.817650389999997e+008    4.861306147322e+006   -1.985334045636e+006    4.455060342937e+006   -4.985303653883e+003    6.516999317294e+002    5.704924212187e+003
2.817650989999999e+008    4.551745910331e+006   -1.941906628613e+006    4.787307378676e+006   -5.329599703425e+003    7.953166495057e+002    5.365941882520e+003
2.817651590000001e+008    4.222221626515e+006   -1.889961789280e+006    5.098499340419e+006   -5.650506890894e+003    9.354747389065e+002    5.003331239177e+003
2.817652189999996e+008    3.874180050511e+006   -1.829728756731e+006    5.387269357715e+006   -5.946645568410e+003    1.071516903361e+003    4.618770003537e+003
2.817652789999999e+008    3.509147415874e+006   -1.761471217477e+006    5.652345928995e+006   -6.216653870454e+003    1.202864076338e+003    4.213905929670e+003
2.817653390000001e+008    3.128724087221e+006   -1.685488008971e+006    5.892563430271e+006   -6.459448452010e+003    1.328930223241e+003    3.790447225292e+003
2.817653990000002e+008    2.734579013530e+006   -1.602112280214e+006    6.106868124216e+006   -6.673907134825e+003    1.449174380680e+003    3.350322037273e+003
2.817654589999998e+008    2.328438324131e+006   -1.511710170212e+006    6.294307178804e+006   -6.859109435692e+003    1.563064124704e+003    2.895418841540e+003
2.817655190000000e+008    1.912085382960e+006   -1.414676324171e+006    6.454061167473e+006   -7.014239686369e+003    1.670131233791e+003    2.427776288137e+003
2.817655790000002e+008    1.487343967890e+006   -1.311436496166e+006    6.585423096390e+006   -7.138625893671e+003    1.769853145948e+003    1.949393258571e+003
2.817656389999998e+008    1.056076731661e+006   -1.202442889116e+006    6.687810907198e+006   -7.231698047664e+003    1.861842536501e+003    1.462288807120e+003
2.817656990000000e+008    6.201748358937e+005   -1.088172611503e+006    6.760766493984e+006   -7.293046622385e+003    1.945692571798e+003    9.687222489915e+002
2.817657590000002e+008    1.815511641747e+005   -9.691260057568e+005    6.803966714432e+006   -7.322411183856e+003    2.021015898695e+003    4.706831429637e+002
2.817658189999998e+008   -2.578694015528e+005   -8.458246286479e+005    6.817211405757e+006   -7.319617562055e+003    2.087465444930e+003   -2.946880914970e+001
2.817658789999999e+008   -6.961577865641e+005   -7.188088033560e+005    6.800434897559e+006   -7.284674683582e+003    2.144775395947e+003   -5.295836034585e+002
2.817659390000001e+008   -1.131388442878e+006   -5.886344564322e+005    6.753700524548e+006   -7.217715249543e+003    2.192689681038e+003   -1.027691034101e+003
2.817659989999997e+008   -1.561647106927e+006   -4.558728569121e+005    6.677205139211e+006   -7.118990378820e+003    2.230994406193e+003   -1.521320699497e+003
2.817660589999999e+008   -1.985040218933e+006   -3.211066503994e+005    6.571273627346e+006   -6.988941883246e+003    2.259494891740e+003   -2.008481886955e+003
2.817661190000001e+008   -2.399702883538e+006   -1.849278658561e+005    6.436359421138e+006   -6.828086063028e+003    2.278069935250e+003   -2.486993758553e+003
2.817661790000003e+008   -2.803806623318e+006   -4.793505104534e+004    6.273048011938e+006   -6.637111136031e+003    2.286618732639e+003   -2.954785195302e+003
2.817662389999998e+008   -3.195568369947e+006    8.926928082831e+004    6.082043965029e+006   -6.416818786848e+003    2.285111413855e+003   -3.409684889684e+003
2.817662990000001e+008   -3.573256269590e+006    2.260806305377e+005    5.864179929195e+006   -6.168178962921e+003    2.273538475831e+003   -3.849781259263e+003
2.817663590000002e+008   -3.935200326382e+006    3.618962800526e+005    5.620406654240e+006   -5.892220490916e+003    2.251945610146e+003   -4.273072622814e+003
2.817664189999998e+008   -4.279797386060e+006    4.961173148100e+005    5.351786499204e+006   -5.590106782676e+003    2.220388798522e+003   -4.677677079380e+003
2.817664790000000e+008   -4.605519018421e+006    6.281504751982e+005    5.059497445308e+006   -5.263225146700e+003    2.179027811057e+003   -5.061752358057e+003
2.817665390000002e+008   -4.910918194522e+006    7.574122895545e+005    4.744820607022e+006   -4.912989823211e+003    2.128050919211e+003   -5.423596142814e+003
2.817929989999997e+008    6.456906946376e+006   -1.985358847619e+006    1.372109965039e+006   -1.736630009935e+003   -5.078831571225e+002    7.382119882922e+003
2.817930589999999e+008    6.338629875482e+006   -2.011457974107e+006    1.811696249031e+006   -2.204493085062e+003   -3.617584539415e+002    7.265370038362e+003
2.817931190000001e+008    6.192560311288e+006   -2.028737287215e+006    2.243316387929e+006   -2.662723722663e+003   -2.140219357955e+002    7.116694506115e+003
2.817931790000003e+008    6.019338173044e+006   -2.037120348239e+006    2.665072938338e+006   -3.109226960221e+003   -6.533600086811e+001    6.936699837339e+003
2.817932389999998e+008    5.819718952867e+006   -2.036570322898e+006    3.075109766467e+006   -3.542203453437e+003    8.365279494456e+001    6.726203066629e+003
2.817932990000001e+008    5.594577369219e+006   -2.027089045676e+006    3.471624442227e+006   -3.959680185237e+003    2.322704508660e+002    6.486110944038e+003
2.817933590000002e+008    5.344903231720e+006   -2.008717639607e+006    3.852873245961e+006   -4.359744966181e+003    3.798678116371e+002    6.217490320278e+003
2.817934189999998e+008    5.071788977464e+006   -1.981537400956e+006    4.217177188749e+006   -4.740712826328e+003    5.257833494442e+002    5.921518416430e+003
2.817934790000000e+008    4.776432804878e+006   -1.945667707174e+006    4.562935807412e+006   -5.100851825666e+003    6.693845376256e+002    5.599562378565e+003
2.817935390000002e+008    4.460131341530e+006   -1.901265769497e+006    4.888629476494e+006   -5.438643225472e+003    8.100686905253e+002    5.252939702009e+003
2.817935989999998e+008    4.124270845493e+006   -1.848526397205e+006    5.192825922644e+006   -5.752600741028e+003    9.471969922953e+002    4.883227933728e+003
2.817936589999999e+008    3.770323992198e+006   -1.787681364545e+006    5.474186229892e+006   -6.041321504199e+003    1.080169648103e+003    4.492024758680e+003
2.817937190000002e+008    3.399843123175e+006   -1.718996680796e+006    5.731474350815e+006   -6.303549612835e+003    1.208419552416e+003    4.081078103399e+003
2.817937789999997e+008    3.014452732891e+006   -1.642773898492e+006    5.963559118736e+006   -6.538126116300e+003    1.331364024230e+003    3.652196051995e+003
2.817938389999999e+008    2.615841422196e+006   -1.559346726957e+006    6.169416261018e+006   -6.744053612131e+003    1.448470332982e+003    3.207176954540e+003
2.817938990000001e+008    2.205756312204e+006   -1.469080159816e+006    6.348139408238e+006   -6.920448240602e+003    1.559239227229e+003    2.748039348265e+003
2.817939590000003e+008    1.785995713807e+006   -1.372370053200e+006    6.498940106168e+006   -7.066462934307e+003    1.663182365511e+003    2.276781830941e+003
2.817940189999999e+008    1.358399856430e+006   -1.269639955206e+006    6.621150831061e+006   -7.181530262215e+003    1.759838809391e+003    1.795393457936e+003
2.817940790000001e+008    9.248434532575e+005   -1.161338776118e+006    6.714229501895e+006   -7.265079072428e+003    1.848792739583e+003    1.306053280930e+003
2.817941390000003e+008    4.872277116422e+005   -1.047941780599e+006    6.777760993373e+006   -7.316772865140e+003    1.929625731621e+003    8.108107342271e+002
2.817941989999998e+008    4.747300751985e+004   -9.299445098393e+005    6.811458148158e+006   -7.336359541794e+003    2.002071380337e+003    3.119253972583e+002
2.817942590000001e+008   -3.924907725079e+005   -8.078647915367e+005    6.815162792544e+006   -7.323750026589e+003    2.065680941432e+003   -1.884428931669e+002
2.817943190000002e+008   -8.307310986549e+005   -6.822373261503e+005    6.788851247926e+006   -7.278942224916e+003    2.120284493275e+003   -6.882441454065e+002
2.817943789999998e+008   -1.265321936647e+006   -5.536130183349e+005    6.732629345734e+006   -7.202119799039e+003    2.165558182989e+003   -1.185118071472e+003
2.817944390000000e+008   -1.694350816106e+006   -4.225555217259e+005    6.646734439134e+006   -7.093616965136e+003    2.201319240906e+003   -1.676944131418e+003
2.817944990000002e+008   -2.115928966084e+006   -2.896409295871e+005    6.531531919577e+006   -6.953863041809e+003    2.227458625107e+003   -2.161681626771e+003
2.817945589999998e+008   -2.528200333375e+006   -1.554527907914e+005    6.387518231755e+006   -6.783470835740e+003    2.243761846536e+003   -2.637009564186e+003
2.817946189999999e+008   -2.929344362718e+006   -2.058154064932e+004    6.215316878156e+006   -6.583131968951e+003    2.250220685008e+003   -3.100976812567e+003
2.817946790000001e+008   -3.317590992477e+006    1.143797213149e+005    6.015673443725e+006   -6.353674312569e+003    2.246755276584e+003   -3.551392021509e+003
2.817947389999997e+008   -3.691223575225e+006    2.488363072886e+005    5.789459100689e+006   -6.096188879672e+003    2.233397992908e+003   -3.986323406323e+003
2.817947989999999e+008   -4.048589313375e+006    3.821965569974e+005    5.537659125778e+006   -5.811660722719e+003    2.210207714244e+003   -4.403879354043e+003
2.817948590000001e+008   -4.388106861659e+006    5.138717709417e+005    5.261375412641e+006   -5.501379393684e+003    2.177254172099e+003   -4.802177754335e+003
2.817949189999996e+008   -4.708262232001e+006    6.432791112403e+005    4.961815965276e+006   -5.166651396348e+003    2.134692734620e+003   -5.179436465347e+003
2.817949789999999e+008   -5.007640235847e+006    7.698478615096e+005    4.640298449637e+006   -4.808941326702e+003    2.082663742552e+003   -5.533893087989e+003
2.817950390000001e+008   -5.284908435075e+006    8.930179017106e+005    4.298234667353e+006   -4.429903394384e+003    2.021406976850e+003   -5.864024909455e+003
2.817950990000002e+008   -5.538832425150e+006    1.012243200156e+006    3.937131780831e+006   -4.031132244018e+003    1.951245869224e+003   -6.168269310190e+003
2.817951589999998e+008   -5.768280552277e+006    1.126995339227e+006    3.558582821103e+006   -3.614369882034e+003    1.872387878028e+003   -6.445333435962e+003
2.817952190000000e+008   -5.972231385733e+006    1.236766211498e+006    3.164259900134e+006   -3.181505664027e+003    1.785234772782e+003   -6.693894183011e+003
2.817952790000002e+008   -6.149773559040e+006    1.341068155511e+006    2.755905410559e+006   -2.734468116318e+003    1.690190666644e+003   -6.912858383874e+003
2.817953389999998e+008   -6.300117057524e+006    1.439438985386e+006    2.335328044329e+006   -2.275203099769e+003    1.587606634381e+003   -7.101192845375e+003
2.817953990000000e+008   -6.422590702860e+006    1.531442021772e+006    1.904390888588e+006   -1.805796977146e+003    1.477979702812e+003   -7.258044138526e+003
2.817954590000002e+008   -6.516648816402e+006    1.616669350828e+006    1.465004236687e+006   -1.328336865070e+003    1.361818867637e+003   -7.382748832829e+003
2.817955189999998e+008   -6.581874171080e+006    1.694743511591e+006    1.019117693073e+006   -8.450402189860e+002    1.239661873472e+003   -7.474623283760e+003
2.817955789999999e+008   -6.617978050155e+006    1.765318625252e+006    5.687094734117e+005   -3.579866002206e+002    1.111977759637e+003   -7.533384075568e+003
2.817956390000001e+008   -6.624802106526e+006    1.828083864304e+006    1.157782077787e+005    1.306212777397e+002    9.794135628923e+002   -7.558727583253e+003
2.817956989999997e+008   -6.602322342731e+006    1.882762805360e+006   -3.376665528958e+005    6.185204466737e+002    8.425116100194e+002   -7.550520088625e+003
2.817957589999999e+008   -6.550641031593e+006    1.929112724267e+006   -7.896144500572e+005    1.103508114000e+003    7.019571562813e+002   -7.508817965314e+003
2.817958190000001e+008   -6.469996143088e+006    1.966934371416e+006   -1.238061201701e+006    1.583542552697e+003    5.583463625338e+002   -7.433857854188e+003
2.817958790000003e+008   -6.360755934774e+006    1.996062830929e+006   -1.681020111642e+006    2.056422177876e+003    4.122745213639e+002   -7.325986135485e+003
2.817959389999998e+008   -6.223414469611e+006    2.016372316914e+006   -2.116531876623e+006    2.519898988774e+003    2.644723391849e+002   -7.185719107657e+003
2.818043989999998e+008    6.402781912890e+006   -1.985742800614e+006    1.603260530620e+006   -1.982129549191e+003   -4.362654426181e+002    7.325093132090e+003
2.818044589999999e+008    6.269911197032e+006   -2.007546770579e+006    2.038918996326e+006   -2.445409825954e+003   -2.902193494190e+002    7.191555374321e+003
2.818045190000002e+008    6.109539469427e+006   -2.020546286366e+006    2.465610613907e+006   -2.898227246237e+003   -1.429228451182e+002    7.026350558487e+003
2.818045789999997e+008    5.922376028823e+006   -2.024685493252e+006    2.881460625877e+006   -3.338303297559e+003    4.983751029047e+000    6.830224939525e+003
2.818046389999999e+008    5.709237829741e+006   -2.019945128706e+006    3.284637097526e+006   -3.763698162257e+003    1.529191658392e+002    6.604065327817e+003
2.818046990000001e+008    5.471061095990e+006   -2.006347108406e+006    3.673369497795e+006   -4.172590114056e+003    3.001602233010e+002    6.348898720110e+003
2.818047590000003e+008    5.208887960666e+006   -1.983948915176e+006    4.045945221326e+006   -4.563262955755e+003    4.461125167097e+002    6.065752291244e+003
2.818048189999999e+008    4.923869722488e+006   -1.952849885638e+006    4.400726882893e+006   -4.933833121471e+003    5.900888740104e+002    5.755942939221e+003
2.818048790000001e+008    4.617255825340e+006   -1.913187057252e+006    4.736156335568e+006   -5.282867010022e+003    7.314591538970e+002    5.420818298740e+003
2.818049390000003e+008    4.290392487328e+006   -1.865133396567e+006    5.050754173052e+006   -5.608640734967e+003    8.696416185282e+002    5.061845533397e+003
2.818049989999998e+008    3.944711956574e+006   -1.808900373435e+006    5.343138547104e+006   -5.909842005571e+003    1.004021990872e+003    4.680682476998e+003
2.818050590000001e+008    3.581729204615e+006   -1.744734744998e+006    5.612023473086e+006   -6.185121665560e+003    1.134003091866e+003    4.278866903872e+003
2.818051190000002e+008    3.203039659331e+006   -1.672916764156e+006    5.856225833756e+006   -6.433284784473e+003    1.258989389850e+003    3.858266840476e+003
2.818051789999998e+008    2.810301219339e+006   -1.593762176681e+006    6.074673408525e+006   -6.653223179409e+003    1.378461593326e+003    3.420640458149e+003
2.818052390000000e+008    2.405235724737e+006   -1.507617653229e+006    6.266399871266e+006   -6.844025435366e+003    1.491903585168e+003    2.967956249654e+003
2.818052990000002e+008    1.989618497817e+006   -1.414859821030e+006    6.430561307443e+006   -7.004810730835e+003    1.598799033753e+003    2.502132757610e+003
2.818053589999998e+008    1.565272614390e+006   -1.315895612873e+006    6.566433223436e+006   -7.134883434508e+003    1.698719019701e+003    2.025248830959e+003
2.818054189999999e+008    1.134058673631e+006   -1.211157991589e+006    6.673412063430e+006   -7.233657273818e+003    1.791200788914e+003    1.539403495526e+003
2.818054790000001e+008    6.978674835737e+005   -1.101105361462e+006    6.751023221385e+006   -7.300721712073e+003    1.875808021017e+003    1.046576064862e+003
2.818055389999997e+008    2.586130495553e+005   -9.862199750963e+005    6.798917052541e+006   -7.335737336438e+003    1.952221706048e+003    5.491959745210e+002
2.818055989999999e+008   -1.817765382960e+005   -8.670048350190e+005    6.816878888439e+006   -7.338562360576e+003    2.020080509227e+003    4.916297978906e+001
2.818056590000001e+008   -6.213676109526e+005   -7.439825274397e+005    6.804815550833e+006   -7.309141714286e+003    2.079099953229e+003   -4.511630184601e+002
2.818057189999996e+008   -1.058228782447e+006   -6.176915316937e+005    6.762772864704e+006   -7.247574772889e+003    2.128987724009e+003   -9.497518682190e+002
2.818057789999999e+008   -1.490438748819e+006   -4.886857909619e+005    6.690927170994e+006   -7.154133644969e+003    2.169536110083e+003   -1.444243131411e+003
2.818058390000001e+008   -1.916095400783e+006   -3.575319866326e+005    6.589579841584e+006   -7.029223272507e+003    2.200574501272e+003   -1.932616152043e+003
2.818058990000002e+008   -2.333324413451e+006   -2.248057899943e+005    6.459173793500e+006   -6.873312105158e+003    2.221954530473e+003   -2.412770169414e+003
2.818059589999998e+008   -2.740286064819e+006   -9.108915020472e+004    6.300264500121e+006   -6.687092934346e+003    2.233530128388e+003   -2.882384056499e+003
2.818060190000000e+008   -3.135184325002e+006    4.302857075665e+004    6.113540005975e+006   -6.471356397521e+003    2.235332808818e+003   -3.339476519009e+003
2.818060790000002e+008   -3.516275662216e+006    1.769570383948e+005    5.899823941407e+006   -6.226956500480e+003    2.227248627993e+003   -3.782196166141e+003
2.818061480000000e+008   -3.935268725262e+006    3.299760988702e+005    5.621855478999e+006   -5.911954205519e+003    2.205830225778e+003   -4.270501648209e+003
2.818062080000002e+008   -4.281048608823e+006    4.615016523645e+005    5.353394624231e+006   -5.609770884973e+003    2.176730780323e+003   -4.675326452009e+003
2.818062679999998e+008   -4.607942732471e+006    5.909925347504e+005    5.061241835616e+006   -5.282694412854e+003    2.138002366486e+003   -5.059562269036e+003
2.818063279999999e+008   -4.914501294469e+006    7.178751929790e+005    4.746691224173e+006   -4.932181240105e+003    2.089840005829e+003   -5.421586712096e+003
2.818063880000002e+008   -5.199362330378e+006    8.415886654899e+005    4.411126044930e+006   -4.559683010607e+003    2.032382753838e+003   -5.759787404439e+003
2.818064479999997e+008   -5.461256405309e+006    9.615860855028e+005    4.056021704641e+006   -4.166907812364e+003    1.965965563932e+003   -6.072621542197e+003
2.818065079999999e+008   -5.699022063140e+006    1.077334730555e+006    3.682946486990e+006   -3.755574752809e+003    1.890813259545e+003   -6.358676308778e+003
2.818065680000001e+008   -5.911594828560e+006    1.188320488815e+006    3.293546534830e+006   -3.327573208446e+003    1.807322204546e+003   -6.616578602114e+003
2.818066280000003e+008   -6.098028863339e+006    1.294053068255e+006    2.889541585739e+006   -2.884636902694e+003    1.715756747743e+003   -6.845235580473e+003
2.818066879999999e+008   -6.257492525073e+006    1.394061801195e+006    2.472721964574e+006   -2.428905112677e+003    1.616644623459e+003   -7.043583728675e+003
2.818067480000001e+008   -6.389274858754e+006    1.487904396998e+006    2.044933194438e+006   -1.962245482804e+003    1.510281726582e+003   -7.210759985506e+003
2.818068080000002e+008   -6.492789824968e+006    1.575165673946e+006    1.608071503505e+006   -1.486952225227e+003    1.397272042477e+003   -7.345910579966e+003
2.818068679999998e+008   -6.567575302741e+006    1.655455279022e+006    1.164074423279e+006   -1.005080613515e+003    1.278103850600e+003   -7.448492136538e+003
2.818069280000000e+008   -6.613301557832e+006    1.728421656439e+006    7.149121030222e+005   -5.186688105756e+002    1.153201652707e+003   -7.518011310645e+003
2.818069880000002e+008   -6.629765644652e+006    1.793740029663e+006    2.625775000643e+005   -3.002187625454e+001    1.023262007405e+003   -7.554194310294e+003
2.818070479999998e+008   -6.616900325308e+006    1.851123427525e+006   -1.909217051653e+005    4.586527232887e+002    8.888149186832e+002   -7.556837510435e+003
2.818071080000000e+008   -6.574767293511e+006    1.900319584779e+006   -6.435742203481e+005    9.452292822539e+002    7.504619340718e+002   -7.525987416491e+003
2.818071680000002e+008   -6.503561507975e+006    1.941112885122e+006   -1.093372334134e+006    1.427403118858e+003    6.088241371390e+002   -7.461750241210e+003
2.818072279999998e+008   -6.403605741735e+006    1.973325585686e+006   -1.538323924997e+006    1.903083059818e+003    4.646064003563e+002   -7.364442542085e+003
2.818072879999999e+008   -6.275353149206e+006    1.996818805545e+006   -1.976458957012e+006    2.370292793867e+003    3.182888814162e+002   -7.234621074596e+003
2.818073480000001e+008   -6.119385671329e+006    2.011493213894e+006   -2.405839482447e+006    2.826751632903e+003    1.706765423135e+002   -7.072782082905e+003
2.818163979999996e+008    3.765067600724e+006   -1.768703854699e+006    5.483493080847e+006   -6.056645249315e+003    1.057155214594e+003    4.477577271519e+003
2.818164579999999e+008    3.393679199499e+006   -1.701439861030e+006    5.739892917156e+006   -6.318466616253e+003    1.184080497552e+003    4.065899280321e+003
2.818165180000001e+008    3.007405598132e+006   -1.626713241750e+006    5.971045820697e+006   -6.552651002045e+003    1.305823035683e+003    3.636325974871e+003
2.818165780000002e+008    2.607938960876e+006   -1.544850694218e+006    6.175934516590e+006   -6.758093235762e+003    1.421829898738e+003    3.190695531315e+003
2.818166379999998e+008    2.197031240449e+006   -1.456211653043e+006    6.353652631187e+006   -6.933851447043e+003    1.531641028420e+003    2.731046396520e+003
2.818166980000000e+008    1.776484778993e+006   -1.361183453167e+006    6.503420207636e+006   -7.079245383426e+003    1.634727812298e+003    2.259297440544e+003
2.818167580000002e+008    1.348143282776e+006   -1.260182499218e+006    6.624569220520e+006   -7.193576621810e+003    1.730646187433e+003    1.777517507894e+003
2.818168179999998e+008    9.138861322876e+005   -1.153651009011e+006    6.716568585318e+006   -7.276385243168e+003    1.819023889912e+003    1.287845835240e+003
2.818168780000000e+008    4.756180583996e+005   -1.042055491698e+006    6.778995175261e+006   -7.327242533210e+003    1.899392677777e+003    7.923717056750e+002
2.818169380000002e+008    3.526276920727e+004   -9.258846375754e+005    6.811577831880e+006   -7.345933140494e+003    1.971455250336e+003    2.933047580566e+002
2.818169979999998e+008   -4.052472232658e+005   -8.056480041575e+005    6.814166881604e+006   -7.332385496932e+003    2.034878005970e+003   -2.071551360518e+002
2.818170579999999e+008   -8.439770706506e+005   -6.818717216840e+005    6.786735146504e+006   -7.286597687782e+003    2.089388396416e+003   -7.069379889377e+002
2.818171180000001e+008   -1.278997642061e+006   -5.550988374869e+005    6.729394957426e+006   -7.208783316658e+003    2.134740784010e+003   -1.203733460038e+003
2.818171779999997e+008   -1.708395887246e+006   -4.258847563621e+005    6.642391171080e+006   -7.099251653360e+003    2.170716076499e+003   -1.695451051941e+003
2.818172379999999e+008   -2.130280790959e+006   -2.947980298058e+005    6.526092179699e+006   -6.958432616204e+003    2.197162310203e+003   -2.179780067225e+003
2.818172980000001e+008   -2.542792322820e+006   -1.624144210422e+005    6.380999425912e+006   -6.786926475613e+003    2.213936165728e+003   -2.654909531075e+003
2.818173580000003e+008   -2.944111148180e+006   -2.931547556928e+004    6.207737418617e+006   -6.585465066573e+003    2.220964733315e+003   -3.118428250226e+003
2.818174179999999e+008   -3.332464520308e+006    1.039118430342e+005    6.007061242620e+006   -6.354894177724e+003    2.218249992885e+003   -3.568284842745e+003
2.818174780000001e+008   -3.706134945581e+006    2.366822649818e+005    5.779847073061e+006   -6.096210728701e+003    2.205718372236e+003   -4.002727684222e+003
2.818175380000002e+008   -4.063467934077e+006    3.684077350999e+005    5.527080187829e+006   -5.810506214764e+003    2.183462800814e+003   -4.419644988038e+003
2.818175979999998e+008   -4.402880387629e+006    4.985093681154e+005    5.249871481804e+006   -5.499048855768e+003    2.151566195579e+003   -4.817274680454e+003
2.818176580000000e+008   -4.722864957420e+006    6.264109125890e+005    4.949433473619e+006   -5.163183996359e+003    2.110189040257e+003   -5.193654558247e+003
2.818177180000002e+008   -5.022001926298e+006    7.515478603610e+005    4.627085825456e+006   -4.804340288499e+003    2.059416571429e+003   -5.547272286465e+003
2.818177779999998e+008   -5.298958539269e+006    8.733647673437e+005    4.284245841814e+006   -4.424151872627e+003    1.999587655431e+003   -5.876475183482e+003
2.818178379999999e+008   -5.552504956367e+006    9.913242897866e+005    3.922426195919e+006   -4.024265596004e+003    1.930873296495e+003   -6.179760554857e+003
2.818178980000002e+008   -5.781510090929e+006    1.104902086669e+006    3.543221422689e+006   -3.606444856962e+003    1.853604966960e+003   -6.455725509022e+003
2.818179579999997e+008   -5.984954970895e+006    1.213595524694e+006    3.148306940902e+006   -3.172457784640e+003    1.768063068737e+003   -6.703227149411e+003
2.818180179999999e+008   -6.161929516474e+006    1.316920890411e+006    2.739429547803e+006   -2.724497992427e+003    1.674783314977e+003   -6.920981874128e+003
2.818180780000001e+008   -6.311645249198e+006    1.414420425657e+006    2.318399640128e+006   -2.264300560680e+003    1.574015500287e+003   -7.108106842303e+003
2.818181380000003e+008   -6.433437536907e+006    1.505662876320e+006    1.887084017774e+006   -1.793960323390e+003    1.466247002321e+003   -7.263748615913e+003
2.818181979999999e+008   -6.526759940860e+006    1.590242293686e+006    1.447392574508e+006   -1.315686429789e+003    1.352003256157e+003   -7.387143569031e+003
2.818182580000001e+008   -6.591204161754e+006    1.667787022009e+006    1.001280830893e+006   -8.315662381249e+002    1.231803544859e+003   -7.477778274904e+003
2.818183180000003e+008   -6.626477506717e+006    1.737948964423e+006    5.507233970238e+005   -3.437777490499e+002    1.106093675599e+003   -7.535229162555e+003
2.818183779999998e+008   -6.632432060465e+006    1.800422739490e+006    9.772322096736e+004    1.454013385792e+002    9.755724978629e+002   -7.559212487179e+003
2.818184380000001e+008   -6.609044426417e+006    1.854932061433e+006   -3.557106449199e+005    6.339042550425e+002    8.407216077062e+002   -7.549674858045e+003
2.818184980000002e+008   -6.556424075773e+006    1.901236712329e+006   -8.075668300706e+005    1.119429232184e+003    7.022112524384e+002   -7.506622492898e+003
2.818185579999998e+008   -6.474813034851e+006    1.939135114463e+006   -1.255842346117e+006    1.599858779857e+003    5.606362348489e+002   -7.430341913705e+003
2.818186180000000e+008   -6.364580753882e+006    1.968462056566e+006   -1.698551595372e+006    2.073102774162e+003    4.166132171254e+002   -7.321159686134e+003
2.818186780000002e+008   -6.226227389914e+006    1.989091773185e+006   -2.133735265356e+006    2.536917536214e+003    2.708335302589e+002   -7.179592122452e+003
2.818187379999998e+008   -6.060377238471e+006    2.000937066582e+006   -2.559468839553e+006    2.989332402583e+003    1.238969498550e+002   -7.006295984329e+003
2.818187979999999e+008   -5.867778675845e+006    2.003950938496e+006   -2.973873697451e+006    3.428261787390e+003   -2.345060623741e+001   -6.802107839721e+003
2.818188580000001e+008   -5.649295670365e+006    1.998125139765e+006   -3.375123128452e+006    3.851811832733e+003   -1.706486222686e+002   -6.567954577711e+003
2.818189179999997e+008   -5.405907801705e+006    1.983490014140e+006   -3.761451031865e+006    4.258142249786e+003   -3.170082407099e+002   -6.304923169075e+003
2.818189779999999e+008   -5.138704834876e+006    1.960116390111e+006   -4.131161125677e+006    4.645373985897e+003   -4.618313191383e+002   -6.014230521189e+003
2.818190380000001e+008   -4.848879301203e+006    1.928114431691e+006   -4.482634258707e+006    5.011919500618e+003   -6.044760568924e+002   -5.697224019342e+003
2.818190979999996e+008   -4.537722582790e+006    1.887629880165e+006   -4.814331217170e+006    5.356134969242e+003   -7.444163175356e+002   -5.355320962489e+003
2.818191579999999e+008   -4.206617746837e+006    1.838847840813e+006   -5.124803036196e+006    5.676606856730e+003   -8.810057339312e+002   -4.990009019555e+003
2.818192180000001e+008   -3.857033228402e+006    1.781985268306e+006   -5.412700310485e+006    5.971901805273e+003   -1.013578647278e+003   -4.603045826654e+003
2.818192789999999e+008   -3.484274555399e+006    1.716159192183e+006   -5.680963235641e+006    6.245016500137e+003   -1.143717430466e+003   -4.189196333217e+003
2.818193390000001e+008   -3.102207161082e+006    1.643820087543e+006   -5.919638087026e+006    6.485884853106e+003   -1.266589218304e+003   -3.763743933763e+003
2.818193969999998e+008   -2.719931057171e+006    1.567039834284e+006   -6.125632934038e+006    6.691518234913e+003   -1.380005936802e+003   -3.337143672209e+003
