2.822705970000001e+008    6.336815672284e+006   -1.436326429417e+006    2.292761616640e+006   -2.689176866410e+003   -4.532811197305e+002    7.097271746893e+003
2.822706569999997e+008    6.161678229887e+006   -1.460351924306e+006    2.713239516807e+006   -3.146570056669e+003   -3.472993294211e+002    6.913532194393e+003
2.822707169999999e+008    5.959500211761e+006   -1.477968598743e+006    3.121777088298e+006   -3.590190634523e+003   -2.397419891660e+002    6.699390227941e+003
2.822707770000001e+008    5.731168450252e+006   -1.489098175255e+006    3.516577487065e+006   -4.018140797045e+003   -1.311529789410e+002    6.455702728922e+003
2.822708370000003e+008    5.477678137482e+006   -1.493691633008e+006    3.895896491083e+006   -4.428455688197e+003   -2.195581554307e+001    6.183626475512e+003
2.822708969999999e+008    5.200141640267e+006   -1.491728284064e+006    4.258064786052e+006   -4.819381136621e+003    8.733454992205e+001    5.884258584877e+003
2.822709660000003e+008    4.852831265493e+006   -1.481375844908e+006    4.651288966331e+006   -5.242700603286e+003    2.125467596720e+002    5.508024165289e+003
2.822710259999998e+008    4.527844167834e+006   -1.465379642059e+006    4.971287931539e+006   -5.586202319225e+003    3.204280311184e+002    5.154698832171e+003
2.822710860000001e+008    4.182975546171e+006   -1.442949336277e+006    5.269397087244e+006   -5.905188675687e+003    4.269049473745e+002    4.778633439716e+003
2.822711460000002e+008    3.819738776272e+006   -1.414184321796e+006    5.544300960119e+006   -6.198234904005e+003    5.315272861176e+002    4.381535645853e+003
2.822712059999998e+008    3.439729681019e+006   -1.379206310527e+006    5.794794441496e+006   -6.464111987510e+003    6.338258876278e+002    3.965093426673e+003
2.822712660000000e+008    3.044611355809e+006   -1.338173241481e+006    6.019762811415e+006   -6.701634810423e+003    7.333676176196e+002    3.531124831696e+003
2.822713260000002e+008    2.636121198161e+006   -1.291262583110e+006    6.218217728000e+006   -6.909723107554e+003    8.296742389703e+002    3.081608079408e+003
2.822713859999998e+008    2.216050259384e+006   -1.238680096806e+006    6.389281260687e+006   -7.087501441813e+003    9.223371888245e+002    2.618411725364e+003
2.822714459999999e+008    1.786242860829e+006   -1.180655608661e+006    6.532194391054e+006   -7.234159896213e+003    1.010995257023e+003    2.143614434444e+003
2.822715060000001e+008    1.348585900920e+006   -1.117443222265e+006    6.646322030252e+006   -7.349072803430e+003    1.095219663266e+003    1.659295168654e+003
2.822715659999997e+008    9.050014212444e+005   -1.049319338040e+006    6.731158531222e+006   -7.431660808981e+003    1.174652889728e+003    1.167552968908e+003
2.822716259999999e+008    4.574382646705e+005   -9.765826025114e+005    6.786319202284e+006   -7.481630347031e+003    1.248939654897e+003    6.705073421380e+002
2.822716860000001e+008    7.863367002442e+003   -8.995512069291e+005    6.811555821483e+006   -7.498724308039e+003    1.317748567624e+003    1.704478560583e+002
2.822717459999996e+008   -4.417455967347e+005   -8.185635522364e+005    6.806750648535e+006   -7.482783886736e+003    1.380788171627e+003   -3.305957598104e+002
2.822718059999999e+008   -8.894117049421e+005   -7.339738111211e+005    6.771911943768e+006   -7.433936834104e+003    1.437755690692e+003   -8.302633089028e+002
2.822718660000001e+008   -1.333162769721e+006   -6.461536346931e+005    6.707183974543e+006   -7.352342433353e+003    1.488422631569e+003   -1.326644540311e+003
2.822719260000002e+008   -1.771043816116e+006   -5.554881088768e+005    6.612842535783e+006   -7.238358640368e+003    1.532574223187e+003   -1.817058877567e+003
2.822719859999998e+008   -2.201123630678e+006   -4.623760131115e+005    6.489293460634e+006   -7.092421522487e+003    1.569941404430e+003   -2.299805620762e+003
2.822720460000000e+008   -2.621504336561e+006   -3.672266351293e+005    6.337069636224e+006   -6.915147370702e+003    1.600452310916e+003   -2.772523765886e+003
2.822721060000002e+008   -3.030328459498e+006   -2.704581786574e+005    6.156832515259e+006   -6.707317396764e+003    1.623898408305e+003   -3.233182047027e+003
2.822721659999998e+008   -3.425787902841e+006   -1.724971930938e+005    5.949367130675e+006   -6.469822716564e+003    1.640194387571e+003   -3.679779013253e+003
2.822722260000000e+008   -3.806133095047e+006   -7.377484648411e+004    5.715580610728e+006   -6.203679229521e+003    1.649263801645e+003   -4.110253009693e+003
2.822722860000002e+008   -4.169678171298e+006    2.527305240313e+004    5.456496187434e+006   -5.910030059746e+003    1.651055813578e+003   -4.522732173088e+003
2.822723459999998e+008   -4.514810908618e+006    1.242086698237e+005    5.173249712885e+006   -5.590177762062e+003    1.645559136306e+003   -4.915304378306e+003
2.822724059999999e+008   -4.839999929275e+006    2.225966322892e+005    4.867087671204e+006   -5.245485003033e+003    1.632786629807e+003   -5.286307401386e+003
2.822724660000001e+008   -5.143798869408e+006    3.200009961604e+005    4.539355685184e+006   -4.877454347812e+003    1.612766399354e+003   -5.633988789425e+003
2.822725259999997e+008   -5.424860855916e+006    4.159908949976e+005    4.191504040168e+006   -4.487729611750e+003    1.585638128402e+003   -5.956865854255e+003
2.822725859999999e+008   -5.681930568250e+006    5.101405536267e+005    3.825061671075e+006   -4.078102102574e+003    1.551489331464e+003   -6.253385669627e+003
2.822726460000001e+008   -5.913869603857e+006    6.020358637464e+005    3.441654204091e+006   -3.650247624057e+003    1.510428186034e+003   -6.522235496909e+003
2.822727060000003e+008   -6.119639739494e+006    6.912653116310e+005    3.042974628909e+006   -3.206203394190e+003    1.462716214062e+003   -6.762182001008e+003
2.822727659999999e+008   -6.298329637019e+006    7.774372711331e+005    2.630793043112e+006   -2.747904437256e+003    1.408529951804e+003   -6.972152017681e+003
2.822728260000001e+008   -6.449143390719e+006    8.601674347298e+005    2.206935632873e+006   -2.277336902629e+003    1.348086680576e+003   -7.151242297589e+003
2.822728860000002e+008   -6.571412397215e+006    9.390909525942e+005    1.773283292888e+006   -1.796778092756e+003    1.281693860231e+003   -7.298509112323e+003
2.822729459999998e+008   -6.664595952480e+006    1.013857978931e+006    1.331760827123e+006   -1.308231128588e+003    1.209633556144e+003   -7.413419182203e+003
2.822730060000000e+008   -6.728283355980e+006    1.084137667249e+006    8.843282524282e+005   -8.139420767329e+002    1.132191078247e+003   -7.495458831307e+003
2.822730660000002e+008   -6.762197536158e+006    1.149620725536e+006    4.329717045608e+005   -3.161315825209e+002    1.049746630784e+003   -7.544204420701e+003
2.822731259999998e+008   -6.766193975554e+006    1.210016789303e+006   -2.030676370365e+004    1.829017953503e+002    9.627013306888e+002   -7.559462183697e+003
2.822731859999999e+008   -6.740263110148e+006    1.265061935083e+006   -4.734947783046e+005    6.810488128341e+002    8.714335361849e+002   -7.541208663522e+003
2.822732460000002e+008   -6.684530663910e+006    1.314514064188e+006   -9.245834435876e+005    1.175958171381e+003    7.763498204802e+002   -7.489520007521e+003
2.822733059999997e+008   -6.599253641425e+006    1.358156831126e+006   -1.371574848656e+006    1.665470410753e+003    6.778762882835e+002   -7.404712675143e+003
2.822733659999999e+008   -6.484824054719e+006    1.395800456951e+006   -1.812491161265e+006    2.147362408447e+003    5.764729028242e+002   -7.287093020368e+003
2.822734260000001e+008   -6.341760811275e+006    1.427280944972e+006   -2.245382941095e+006    2.619563750865e+003    4.725366629319e+002   -7.137327649596e+003
2.822734860000003e+008   -6.170711968234e+006    1.452463769138e+006   -2.668339635904e+006    3.079846978009e+003    3.666266543073e+002   -6.956052905348e+003
2.822735459999999e+008   -5.972451018424e+006    1.471241557648e+006   -3.079496687708e+006    3.526334385782e+003    2.591430082825e+002   -6.744155708266e+003
2.822813979999998e+008    6.563946546534e+006   -9.080149627915e+005   -1.911977296665e+006    1.922070268372e+003   -1.292205405485e+003    7.234622204061e+003
2.822814579999999e+008    6.664823150631e+006   -9.835036504386e+005   -1.474022638225e+006    1.439215854426e+003   -1.223134418547e+003    7.358543229199e+003
2.822815180000001e+008    6.736519748064e+006   -1.054687063807e+006   -1.029596971867e+006    9.497498481006e+002   -1.148737696705e+003    7.450245258847e+003
2.822815779999997e+008    6.778712825746e+006   -1.121250925653e+006   -5.806494567656e+005    4.561009759681e+002   -1.069243167974e+003    7.509204320182e+003
2.822816379999999e+008    6.791206220099e+006   -1.182902147963e+006   -1.291508608460e+005   -3.979044562425e+001   -9.850324028858e+002    7.535217229908e+003
2.822816980000001e+008    6.773934432054e+006   -1.239369395361e+006    3.229147337892e+005   -5.357301168243e+002   -8.964967260431e+002    7.528110389995e+003
2.822817580000003e+008    6.726964205868e+006   -1.290403991402e+006    7.735599282493e+005   -1.029417007555e+003   -8.040221424056e+002    7.487900028786e+003
2.822818179999999e+008    6.650496783466e+006   -1.335779324097e+006    1.220803403216e+006   -1.518598488827e+003   -7.079850856551e+002    7.414742454162e+003
2.822818780000001e+008    6.544857160732e+006   -1.375296168444e+006    1.662676836213e+006   -2.001373896558e+003   -6.088015420887e+002    7.308954546306e+003
2.822819380000002e+008    6.410506768749e+006   -1.408779222618e+006    2.097236281103e+006   -2.475387226051e+003   -5.069507335100e+002    7.171002439811e+003
2.822819979999998e+008    6.248025333165e+006   -1.436081505111e+006    2.522565497460e+006   -2.938645322385e+003   -4.028260832141e+002    7.001462865334e+003
2.822820580000000e+008    6.058122568308e+006   -1.457081295369e+006    2.936793431666e+006   -3.389051451168e+003   -2.969378938470e+002    6.801082379101e+003
2.822821180000002e+008    5.841629144748e+006   -1.471685556127e+006    3.338094831473e+006   -3.824700746963e+003   -1.897309540768e+002    6.570737853578e+003
2.822821779999998e+008    5.599492919062e+006   -1.479830487599e+006    3.724700652135e+006   -4.243589418805e+003   -8.170525284097e+001    6.311425997310e+003
2.822822379999999e+008    5.332775356825e+006   -1.481478439440e+006    4.094909062401e+006   -4.643813686924e+003    2.672347959709e+001    6.024333686252e+003
2.822822980000002e+008    5.042642195555e+006   -1.476622342632e+006    4.447088459536e+006   -5.023707809150e+003    1.350195510448e+002    5.710688178804e+003
2.822823579999997e+008    4.730367711366e+006   -1.465282742024e+006    4.779687262507e+006   -5.381592285807e+003    2.427412667990e+002    5.371866715634e+003
2.822824179999999e+008    4.397320609285e+006   -1.447509187275e+006    5.091237734935e+006   -5.715870277425e+003    3.494096431542e+002    5.009366670544e+003
2.822824780000001e+008    4.044963028787e+006   -1.423379051446e+006    5.380369486792e+006   -6.025056211207e+003    4.545478038321e+002    4.624795599028e+003
2.822825380000003e+008    3.674840922470e+006   -1.392997946932e+006    5.645805490058e+006   -6.307804805038e+003    5.577046868168e+002    4.219831286708e+003
2.822825979999999e+008    3.288577337349e+006   -1.356498429182e+006    5.886374589765e+006   -6.562889876690e+003    6.584452595954e+002    3.796171714241e+003
2.822826580000001e+008    2.887868250770e+006   -1.314040462516e+006    6.101015010760e+006   -6.789149775880e+003    7.562580278495e+002    3.355864964262e+003
2.822827180000003e+008    2.474472861472e+006   -1.265809698833e+006    6.288778873635e+006   -6.985619098595e+003    8.507793371308e+002    2.900649446233e+003
2.822827779999998e+008    2.050206077863e+006   -1.212017734388e+006    6.448834706966e+006   -7.151432658500e+003    9.415673406414e+002    2.432623729738e+003
2.822828380000001e+008    1.616929948667e+006   -1.152899879155e+006    6.580473961404e+006   -7.285825729278e+003    1.028233564844e+003    1.953786550659e+003
2.822828980000002e+008    1.176547516709e+006   -1.088715193215e+006    6.683112019698e+006   -7.388224102093e+003    1.110398679379e+003    1.466176956107e+003
2.822829579999998e+008    7.309931518245e+005   -1.019744819552e+006    6.756289712547e+006   -7.458160052701e+003    1.187707577991e+003    9.721841685090e+002
2.822830180000000e+008    2.822243120676e+005   -9.462901154925e+005    6.799676832131e+006   -7.495314575502e+003    1.259794894397e+003    4.735976515622e+002
2.822830780000002e+008   -1.677851553068e+005   -8.686740802738e+005    6.813076142975e+006   -7.499515127050e+003    1.326373349984e+003   -2.712288746751e+001
2.822831379999998e+008   -6.170571803957e+005   -7.872363241035e+005    6.796419402028e+006   -7.470718117316e+003    1.387146031512e+003   -5.278975319507e+002
2.822831979999999e+008   -1.063613509367e+006   -7.023336110088e+005    6.749769865234e+006   -7.409038503043e+003    1.441828888530e+003   -1.026546105889e+003
2.822832580000001e+008   -1.505487772164e+006   -6.143386300301e+005    6.673324307271e+006   -7.314704121363e+003    1.490186015720e+003   -1.520768246662e+003
2.822833189999999e+008   -1.947918641975e+006   -5.221052466838e+005    6.565397826787e+006   -7.185730453508e+003    1.532627652154e+003   -2.016507179254e+003
2.822833790000001e+008   -2.374454180790e+006   -4.290620501076e+005    6.429989426458e+006   -7.026893017079e+003    1.567603286775e+003   -2.495405166921e+003
2.822834389999997e+008   -2.790525008680e+006   -3.341271993175e+005    6.266163015712e+006   -6.837040531331e+003    1.595653719573e+003   -2.963444069164e+003
2.822834989999999e+008   -3.194291435843e+006   -2.377188892114e+005    6.074630074139e+006   -6.616913514884e+003    1.616701652254e+003   -3.418622679756e+003
2.822835590000001e+008   -3.583968370998e+006   -1.402615304922e+005    5.856227670212e+006   -6.367531679300e+003    1.630611047286e+003   -3.858809339703e+003
2.822836189999996e+008   -3.957829400722e+006   -4.218524351500e+004    5.611910967947e+006   -6.089934015020e+003    1.637332820433e+003   -4.282112354644e+003
2.822836789999999e+008   -4.314217646145e+006    5.607845676733e+004    5.342748244825e+006   -5.785323859546e+003    1.636850201734e+003   -4.686619760513e+003
2.822837390000001e+008   -4.651552560418e+006    1.540941951988e+005    5.049924402764e+006   -5.455031177833e+003    1.629093932812e+003   -5.070579389415e+003
2.822837990000002e+008   -4.968334703209e+006    2.514302411855e+005    4.734724976254e+006   -5.100485761978e+003    1.614170927716e+003   -5.432188901970e+003
2.822838589999998e+008   -5.263158233249e+006    3.476552278474e+005    4.398540152580e+006   -4.723292943057e+003    1.592101466038e+003   -5.769825676858e+003
2.822839190000000e+008   -5.534709898680e+006    4.423433231654e+005    4.042852770419e+006   -4.325074349826e+003    1.562959300487e+003   -6.082017063740e+003
2.822839790000002e+008   -5.781782740725e+006    5.350749316195e+005    3.669234842221e+006   -3.907641582264e+003    1.526923639683e+003   -6.367310097255e+003
2.822840389999998e+008   -6.003277595092e+006    6.254401740831e+005    3.279339256823e+006   -3.472775838583e+003    1.484072660631e+003   -6.624401866692e+003
2.822927979999998e+008    6.623106145807e+006   -9.336474452698e+005   -1.680981063160e+006    1.670057738950e+003   -1.252835091082e+003    7.304193241676e+003
2.822928580000000e+008    6.708739697327e+006   -1.006719305886e+006   -1.239359818938e+006    1.183283043282e+003   -1.181993509340e+003    7.411131307944e+003
2.822929180000002e+008    6.764995284216e+006   -1.075383508502e+006   -7.922958045172e+005    6.911677196520e+002   -1.105967696746e+003    7.485518304162e+003
2.822929779999998e+008    6.791616123929e+006   -1.139336842452e+006   -3.417521882224e+005    1.958680716580e+002   -1.025020383174e+003    7.527080697793e+003
2.822930379999999e+008    6.788474113539e+006   -1.198298135720e+006    1.102923505044e+005   -3.004997612740e+002   -9.395867576433e+002    7.535555013470e+003
2.822930980000002e+008    6.755574339256e+006   -1.252007954738e+006    5.618512137650e+005   -7.957111390150e+002   -8.500314048551e+002    7.510907602411e+003
2.822931579999997e+008    6.693054572278e+006   -1.300226520655e+006    1.010939886138e+006   -1.287572355258e+003   -7.567101943690e+002    7.453214866845e+003
2.822932179999999e+008    6.601183598456e+006   -1.342742788137e+006    1.455582636972e+006   -1.773787460187e+003   -6.600267339965e+002    7.362733039997e+003
2.822932780000001e+008    6.480352337189e+006   -1.379369753517e+006    1.893821035114e+006   -2.252417410843e+003   -5.604285237778e+002    7.239848935640e+003
2.822933380000003e+008    6.331086063264e+006   -1.409944803677e+006    2.323726328959e+006   -2.721239891498e+003   -4.583667309939e+002    7.085068905126e+003
2.822933979999999e+008    6.154036812806e+006   -1.434332989141e+006    2.743404958692e+006   -3.178199208182e+003   -3.542818664512e+002    6.899089572492e+003
2.822934580000001e+008    5.949977186269e+006   -1.452425953143e+006    3.151008866462e+006   -3.621234771358e+003   -2.486292589397e+002    6.682717553173e+003
2.822935180000003e+008    5.719800289528e+006   -1.464143294023e+006    3.544741796417e+006   -4.048491343635e+003   -1.418608496030e+002    6.436919798123e+003
2.822935779999998e+008    5.464513734070e+006   -1.469433799622e+006    3.922870204454e+006   -4.457966147939e+003   -3.445915516058e+001    6.162763016089e+003
2.822936380000001e+008    5.185234950043e+006   -1.468273059418e+006    4.283726065981e+006   -4.847879000832e+003    7.307154819915e+001    5.861414278190e+003
2.822936980000002e+008    4.883189335042e+006   -1.460666126164e+006    4.625721878829e+006   -5.216589394408e+003    1.803259601140e+002    5.534230888539e+003
2.822937579999998e+008    4.559702113719e+006   -1.446645488180e+006    4.947349476631e+006   -5.562382787439e+003    2.867891518895e+002    5.182720025269e+003
2.822938180000000e+008    4.216190662177e+006   -1.426272628120e+006    5.247190541292e+006   -5.883771874280e+003    3.920044037295e+002    4.808299240089e+003
2.822938780000002e+008    3.854164410687e+006   -1.399636227531e+006    5.523927603243e+006   -6.179378978218e+003    4.954774405957e+002    4.412726262259e+003
2.822939379999998e+008    3.475208062861e+006   -1.366852601618e+006    5.776328068786e+006   -6.447827922415e+003    5.968223794032e+002    3.997708828645e+003
2.822939979999999e+008    3.080988689157e+006   -1.328065356988e+006    6.003290208599e+006   -6.688017598192e+003    6.955465913741e+002    3.564925119870e+003
2.822940580000001e+008    2.673235045149e+006   -1.283444331377e+006    6.203805191484e+006   -6.898791501409e+003    7.911947407016e+002    3.116473228483e+003
2.822941179999997e+008    2.253735466936e+006   -1.233183960525e+006    6.376984087925e+006   -7.079319498302e+003    8.834323230064e+002    2.654231785301e+003
2.822941779999999e+008    1.824334899085e+006   -1.177505416201e+006    6.522071374846e+006   -7.228758972399e+003    9.717619353168e+002    2.180189393019e+003
2.822942380000001e+008    1.386916298935e+006   -1.116652078600e+006    6.638411966145e+006   -7.346497899475e+003    1.055847306098e+003    1.696465038686e+003
2.822942979999996e+008    9.434022063403e+005   -1.050890075405e+006    6.725495710157e+006   -7.431924987710e+003    1.135313170408e+003    1.205137708601e+003
2.822943579999999e+008    4.957401183748e+005   -9.805080611946e+005    6.782925413502e+006   -7.484708216256e+003    1.209811830354e+003    7.084168464220e+002
2.822944180000001e+008    4.589862154278e+004   -9.058138763090e+005    6.810445347595e+006   -7.504561434675e+003    1.278994818138e+003    2.084719705916e+002
2.822944780000002e+008   -4.041457642925e+005   -8.271347907610e+005    6.807924770086e+006   -7.491434058086e+003    1.342577474386e+003   -2.925370128537e+002
2.822945379999998e+008   -8.524125125128e+005   -7.448158866762e+005    6.775364931360e+006   -7.445333568196e+003    1.400276177752e+003   -7.924701030643e+002
2.822945980000000e+008   -1.296927841708e+006   -6.592182687761e+005    6.712900092173e+006   -7.366411350934e+003    1.451844830220e+003   -1.289017062242e+003
2.822946580000002e+008   -1.735732636168e+006   -5.707174571857e+005    6.620792036656e+006   -7.255056436897e+003    1.497007735960e+003   -1.780117266425e+003
2.822947179999998e+008   -2.166892042201e+006   -4.797023388940e+005    6.499439088040e+006   -7.111663878376e+003    1.535608002651e+003   -2.263470075743e+003
2.822947780000000e+008   -2.588502811624e+006   -3.865736297408e+005    6.349368120711e+006   -6.936861259882e+003    1.567472545441e+003   -2.737144472011e+003
2.822948380000002e+008   -2.998702731926e+006   -2.917398128726e+005    6.171224575784e+006   -6.731428415833e+003    1.592418299705e+003   -3.198799188437e+003
2.822948979999998e+008   -3.395677653203e+006   -1.956200191826e+005    5.965790972466e+006   -6.496184195163e+003    1.610357471017e+003   -3.646542890511e+003
2.822949579999999e+008   -3.777670707969e+006   -9.863493675495e+004    5.733957923502e+006   -6.232214203540e+003    1.621188299821e+003   -4.078343808746e+003
2.822950180000001e+008   -4.142988832378e+006   -1.215136948325e+003    5.476745645455e+006   -5.940558157673e+003    1.624861131768e+003   -4.492280246161e+003
2.822950779999997e+008   -4.490011257087e+006    9.620975652263e+004    5.195280473055e+006   -5.622577040417e+003    1.621377048285e+003   -4.886489978948e+003
2.822951379999999e+008   -4.817197874006e+006    1.932096851165e+005    4.890800872805e+006   -5.279624861243e+003    1.610695918114e+003   -5.259160796708e+003
2.823101979999999e+008    6.712995976596e+006   -1.268141349201e+006    9.185251722814e+005   -1.183709847792e+003   -7.797153874119e+002    7.467516359787e+003
2.823102580000001e+008    6.627304301794e+006   -1.312108319846e+006    1.364227449759e+006   -1.671629310003e+003   -6.853509875953e+002    7.383787490123e+003
2.823103179999997e+008    6.512546751835e+006   -1.350320220288e+006    1.803929156666e+006   -2.152230681828e+003   -5.879340349096e+002    7.267566768103e+003
2.823103779999999e+008    6.369219106882e+006   -1.382606985028e+006    2.235695188621e+006   -2.623593477494e+003   -4.879367470042e+002    7.119341035836e+003
2.823104380000001e+008    6.197947070486e+006   -1.408827458517e+006    2.657624427747e+006   -3.083411397658e+003   -3.857911236142e+002    6.939806507561e+003
2.823104979999996e+008    5.999475292429e+006   -1.428865661173e+006    3.067858660791e+006   -3.529855832624e+003   -2.819170511530e+002    6.729660178196e+003
2.823105579999999e+008    5.774672784211e+006   -1.442631639062e+006    3.464590670250e+006   -3.960861570896e+003   -1.768176353776e+002    6.489858652732e+003
2.823106180000001e+008    5.524523472826e+006   -1.450065530493e+006    3.846073849620e+006   -4.374467854902e+003   -7.092864475635e+001    6.221508710120e+003
2.823106780000002e+008    5.250121220566e+006   -1.451133513769e+006    4.210624711726e+006   -4.768906378649e+003    3.528816722165e+001    5.925737442419e+003
2.823107379999998e+008    4.952670138707e+006   -1.445831035644e+006    4.556638688078e+006   -5.142470855222e+003    1.413581951899e+002    5.603842042612e+003
2.823107980000000e+008    4.633474555803e+006   -1.434180500797e+006    4.882590445366e+006   -5.493523692376e+003    2.468039765055e+002    5.257199815856e+003
2.823108580000002e+008    4.293933627390e+006   -1.416233227445e+006    5.187044194185e+006   -5.820419514835e+003    3.511960403857e+002    4.887448057218e+003
2.823109179999998e+008    3.935536768357e+006   -1.392066503070e+006    5.468656496638e+006   -6.121773388785e+003    4.540340631877e+002    4.496184483717e+003
2.823109780000000e+008    3.559856638715e+006   -1.361786356972e+006    5.726185777675e+006   -6.396303689683e+003    5.548671045411e+002    4.085016983436e+003
2.823110380000002e+008    3.168541357746e+006   -1.325525585276e+006    5.958496337906e+006   -6.642769478315e+003    6.532959065632e+002    3.655823513702e+003
2.823110979999998e+008    2.763308170722e+006   -1.283442240412e+006    6.164560864022e+006   -6.860075093794e+003    7.488828251504e+002    3.210462267282e+003
2.823111579999999e+008    2.345934990100e+006   -1.235720782008e+006    6.343469442565e+006   -7.047295616402e+003    8.411644102116e+002    2.750901714722e+003
2.823112180000001e+008    1.918254169782e+006   -1.182570576115e+006    6.494430070169e+006   -7.203528879338e+003    9.297980610606e+002    2.279180369511e+003
2.823112779999997e+008    1.482143868827e+006   -1.124223823527e+006    6.616771667769e+006   -7.328176127699e+003    1.014325686095e+003    1.797317235193e+003
2.823113379999999e+008    1.039518525040e+006   -1.060935714088e+006    6.709950096153e+006   -7.420616501431e+003    1.094423274224e+003    1.307481285723e+003
2.823113980000001e+008    5.923231480263e+005   -9.929838635034e+005    6.773548165317e+006   -7.480454154094e+003    1.169717700197e+003    8.116718599976e+002
2.823114580000003e+008    1.425224621056e+005   -9.206655594669e+005    6.807277652324e+006   -7.507405277986e+003    1.239921091918e+003    3.121884842910e+002
2.823115179999999e+008   -3.079053845001e+005   -8.442981622937e+005    6.810980811563e+006   -7.501354347358e+003    1.304665242433e+003   -1.888190442649e+002
2.823115780000001e+008   -7.569789967415e+005   -7.642167605562e+005    6.784632891482e+006   -7.462283291726e+003    1.363687226944e+003   -6.891107643183e+002
2.823116380000002e+008   -1.202721581973e+006   -6.807723687117e+005    6.728339647490e+006   -7.390328731102e+003    1.416704753173e+003   -1.186576462972e+003
2.823116979999998e+008   -1.643167914291e+006   -5.943303124556e+005    6.642340853411e+006   -7.285819525070e+003    1.463531459069e+003   -1.679005608751e+003
2.823117580000000e+008   -2.076375857913e+006   -5.052716258490e+005    6.527001820222e+006   -7.149167163133e+003    1.503908373734e+003   -2.164217538681e+003
2.823118180000002e+008   -2.500434871186e+006   -4.139874640612e+005    6.382823410225e+006   -6.980952086169e+003    1.537690182315e+003   -2.639991308491e+003
2.823118779999998e+008   -2.913471624377e+006   -3.208787980858e+005    6.210430546213e+006   -6.781890539269e+003    1.564702419494e+003   -3.104355753832e+003
2.823119379999999e+008   -3.313658867796e+006   -2.263561497823e+005    6.010572225966e+006   -6.552799937401e+003    1.584813249774e+003   -3.555109542834e+003
2.823119980000002e+008   -3.699227530624e+006   -1.308352861306e+005    5.784124542219e+006   -6.294739332595e+003    1.597953615824e+003   -3.990410946557e+003
2.823120579999997e+008   -4.068469133050e+006   -3.473755185793e+004    5.532076686563e+006   -6.008758282973e+003    1.604039757115e+003   -4.408118251856e+003
2.823121179999999e+008   -4.419746234465e+006    6.151332993519e+004    5.255532966663e+006   -5.696148774539e+003    1.603053278556e+003   -4.806589347297e+003
2.823121780000001e+008   -4.751499744477e+006    1.574922128343e+005    4.955708818233e+006   -5.358238231345e+003    1.595002920189e+003   -5.183882061905e+003
2.823122380000003e+008   -5.062255338936e+006    2.527748717227e+005    4.633924315618e+006   -4.996499469824e+003    1.579878890335e+003   -5.538343988536e+003
2.823122979999999e+008   -5.350633424234e+006    3.469406836247e+005    4.291597188180e+006   -4.612514763150e+003    1.557754852096e+003   -5.868382537474e+003
2.823123580000001e+008   -5.615350505657e+006    4.395721937431e+005    3.930239322507e+006   -4.208092595474e+003    1.528761267432e+003   -6.172454747013e+003
2.823124180000003e+008   -5.855227265475e+006    5.302588957936e+005    3.551446775770e+006   -3.784893160966e+003    1.492957302161e+003   -6.449267901286e+003
2.823124779999998e+008   -6.069198882933e+006    6.185999723750e+005    3.156897792697e+006   -3.344865227083e+003    1.450603549449e+003   -6.697498803721e+003
2.823125380000001e+008   -6.256310778984e+006    7.042034601100e+005    2.748337998569e+006   -2.889950290369e+003    1.401754264570e+003   -6.916074279626e+003
2.823125980000002e+008   -6.415733071061e+006    7.866889444273e+005    2.327579922946e+006   -2.422231319411e+003    1.346728976446e+003   -7.103940910906e+003
2.823126579999998e+008   -6.546757424967e+006    8.656948960830e+005    1.896491494852e+006   -1.943671614888e+003    1.285745094927e+003   -7.260355480094e+003
2.823127180000000e+008   -6.648802389551e+006    9.408669239889e+005    1.456983550924e+006   -1.456560675939e+003    1.219042461430e+003   -7.384504235911e+003
2.823127780000002e+008   -6.721417319455e+006    1.011874128389e+006    1.011008342575e+006   -9.630840927514e+002    1.146968795859e+003   -7.475833592081e+003
2.823128379999998e+008   -6.764285622622e+006    1.078403210665e+006    5.605463410055e+005   -4.653838451115e+002    1.069816989821e+003   -7.533990036396e+003
2.823128979999999e+008   -6.777222552435e+006    1.140160421667e+006    1.075971336728e+005    3.424559131827e+001    9.879670325493e+002   -7.558699803677e+003
2.823129580000001e+008   -6.760181091150e+006    1.196873952761e+006   -3.458295660007e+005    5.335734732594e+002    9.017604228576e+002   -7.549919234948e+003
2.823130179999997e+008   -6.713242161941e+006    1.248292997803e+006   -7.977231346706e+005    1.030391022282e+003    8.115866791891e+002   -7.507624704909e+003
2.823130779999999e+008   -6.636628691483e+006    1.294195623613e+006   -1.246079815750e+006    1.522402709153e+003    7.179324886810e+002   -7.432072442448e+003
2.823131380000001e+008   -6.530690288979e+006    1.334378818965e+006   -1.688915444913e+006    2.007516318825e+003    6.210352303864e+002   -7.323669020350e+003
2.823209990000002e+008    6.069639674851e+006   -5.997692979955e+005   -3.221787078807e+006    3.381604322416e+003   -1.443905307238e+003    6.644041561053e+003
2.823210589999998e+008    6.259122462532e+006   -6.850308021563e+005   -2.816374482936e+006    2.932189705781e+003   -1.397067053441e+003    6.864767735667e+003
2.823211189999999e+008    6.421239556855e+006   -7.672975608683e+005   -2.398615653852e+006    2.469692767705e+003   -1.344101132016e+003    7.055465506002e+003
2.823211790000001e+008    6.555271603074e+006   -8.462087393150e+005   -1.970336803376e+006    1.996358806723e+003   -1.285286470122e+003    7.215281192212e+003
2.823212389999997e+008    6.660619030092e+006   -9.214190505540e+005   -1.533413339686e+006    1.513983424677e+003   -1.220715121265e+003    7.343511857467e+003
2.823212989999999e+008    6.736812193330e+006   -9.925913527522e+005   -1.089760183519e+006    1.024759469796e+003   -1.150879151826e+003    7.439543898125e+003
2.823213590000001e+008    6.783504004008e+006   -1.059420001743e+006   -6.413220571963e+005    5.309935616342e+002   -1.075898462360e+003    7.502933542241e+003
2.823214189999996e+008    6.800479413761e+006   -1.121608444383e+006   -1.900664990636e+005    3.465806242895e+001   -9.962410702684e+002    7.533377547741e+003
2.823214789999999e+008    6.787654518834e+006   -1.178882418658e+006    2.620234373774e+005   -4.619349868168e+002   -9.121617313403e+002    7.530752128129e+003
2.823215390000001e+008    6.745077930880e+006   -1.230988556830e+006    7.129611813142e+005   -9.567413594971e+002   -8.240696854229e+002    7.495003927146e+003
2.823215990000002e+008    6.672926012039e+006   -1.277698313647e+006    1.160764152235e+006   -1.447402239715e+003   -7.323336253136e+002    7.426299077166e+003
2.823216589999998e+008    6.571512360683e+006   -1.318804441628e+006    1.603462944622e+006   -1.931891883437e+003   -6.373800962817e+002    7.324904251826e+003
2.823217190000000e+008    6.441267833214e+006   -1.354125571516e+006    2.039107860367e+006   -2.407980215698e+003   -5.396023551788e+002    7.191265793011e+003
2.823217790000002e+008    6.282760497936e+006   -1.383506480072e+006    2.465780576202e+006   -2.873630529415e+003   -4.394321720513e+002    7.025950356715e+003
2.823218389999998e+008    6.096682674611e+006   -1.406815761906e+006    2.881602864982e+006   -3.326756333119e+003   -3.373376383661e+002    6.829684516248e+003
2.823218990000000e+008    5.883845444731e+006   -1.423952131296e+006    3.284742104367e+006   -3.765193613603e+003   -2.337124929555e+002    6.603354722049e+003
2.823219590000002e+008    5.645181256588e+006   -1.434837763583e+006    3.673422772894e+006   -4.187343764584e+003   -1.290748881372e+002    6.347908341982e+003
2.823220189999998e+008    5.381733973459e+006   -1.439425426600e+006    4.045932165907e+006   -4.591020465313e+003   -2.383997116634e+001    6.064501789536e+003
2.823220789999999e+008    5.094657869763e+006   -1.437693645315e+006    4.400628197430e+006   -4.974660618491e+003    8.146763538353e+001    5.754342490678e+003
2.823221390000001e+008    4.785211262874e+006   -1.429649520217e+006    4.735949710454e+006   -5.336426505605e+003    1.864544319573e+002    5.418777429327e+003
2.823221989999997e+008    4.454752893438e+006   -1.415327723734e+006    5.050415782892e+006   -5.674823415761e+003    2.906543282680e+002    5.059454146453e+003
2.823222589999999e+008    4.104731089037e+006   -1.394791796109e+006    5.342640545231e+006   -5.988293079585e+003    3.935589023060e+002    4.677790077051e+003
2.823223190000001e+008    3.736681477575e+006   -1.368130445832e+006    5.611335984446e+006   -6.275488803740e+003    4.947468104594e+002    4.275443005877e+003
2.823223790000003e+008    3.352221091666e+006   -1.335460139064e+006    5.855316453510e+006   -6.535165736821e+003    5.937844125542e+002    3.854260883660e+003
2.823224389999998e+008    2.953034838030e+006   -1.296924265853e+006    6.073505193533e+006   -6.766163889483e+003    6.901975324860e+002    3.416031797750e+003
2.823224990000001e+008    2.540875348430e+006   -1.252691536081e+006    6.264937334087e+006   -6.967452439183e+003    7.836076256508e+002    2.962714051016e+003
2.823225590000002e+008    2.117552070527e+006   -1.202955345895e+006    6.428767411054e+006   -7.138174007083e+003    8.735775528237e+002    2.496256226780e+003
2.823226189999998e+008    1.684922763312e+006   -1.147933121283e+006    6.564267380540e+006   -7.277540018120e+003    9.597394241936e+002    2.018727024057e+003
2.823226790000000e+008    1.244888020683e+006   -1.087866063700e+006    6.670836627841e+006   -7.384951636411e+003    1.041684170605e+003    1.532255449807e+003
2.823227390000002e+008    7.993802540844e+005   -1.023017246228e+006    6.747997985514e+006   -7.459885849927e+003    1.119073429069e+003    1.038810637824e+003
2.823227989999998e+008    3.503577640251e+005   -9.536703919573e+005    6.795404243117e+006   -7.502065790820e+003    1.191565183533e+003    5.407421240729e+002
2.823228609999998e+008   -1.152281230424e+005   -8.776101203618e+005    6.812902803280e+006   -7.510968685855e+003    1.260983983881e+003    2.346911882888e+001
2.823229210000000e+008   -5.653015453715e+005   -8.000743611551e+005    6.799278061676e+006   -7.485999802887e+003    1.322524144012e+003   -4.774795191697e+002
2.823229810000002e+008   -1.012886780975e+006   -7.190176828060e+005    6.755645875241e+006   -7.428052549255e+003    1.378299459822e+003   -9.763822540956e+002
2.823230409999998e+008   -1.456012458001e+006   -6.347953266949e+005    6.682190509791e+006   -7.337379821637e+003    1.428006036300e+003   -1.471248683883e+003
2.823231009999999e+008   -1.892725497889e+006   -5.477772468340e+005    6.579227760554e+006   -7.214377004721e+003    1.471441199921e+003   -1.959718168720e+003
2.823231610000002e+008   -2.321098849322e+006   -4.583463865767e+005    6.447189964844e+006   -7.059517177148e+003    1.508425986565e+003   -2.439689941224e+003
2.823232209999997e+008   -2.739241661138e+006   -3.668939565750e+005    6.286659018932e+006   -6.873469879780e+003    1.538775582536e+003   -2.909292913894e+003
2.823232809999999e+008   -3.145306310525e+006   -2.738237979083e+005    6.098331889275e+006   -6.657042097066e+003    1.562351153295e+003   -3.366045771949e+003
2.823233410000001e+008   -3.537492904494e+006   -1.795449977287e+005    5.883014620188e+006   -6.411118400542e+003    1.579055457672e+003   -3.808337073216e+003
2.823234010000003e+008   -3.914072008173e+006   -8.447360304351e+004    5.641678370944e+006   -6.136885665075e+003    1.588778657470e+003   -4.233394881099e+003
2.823234609999999e+008   -4.273369012892e+006    1.097107270171e+004    5.375359890294e+006   -5.835293045420e+003    1.591492519712e+003   -4.640587646173e+003
2.823235210000001e+008   -4.613793585220e+006    1.063666956780e+005    5.085248564659e+006   -5.507882427610e+003    1.587162719731e+003   -5.026892848569e+003
2.823235810000002e+008   -4.933828592506e+006    2.012927637901e+005    4.772591400153e+006   -5.156016892067e+003    1.575837039398e+003   -5.391188259083e+003
2.823236409999998e+008   -5.232055150155e+006    2.953288564229e+005    4.438779063499e+006   -4.781224724664e+003    1.557534097483e+003   -5.731781379445e+003
2.823237010000000e+008   -5.507145710656e+006    3.880591787097e+005    4.085284070869e+006   -4.385128060574e+003    1.532325370547e+003   -6.047009555834e+003
2.823237610000002e+008   -5.757880182271e+006    4.790744877952e+005    3.713669814298e+006   -3.969565460627e+003    1.500336307409e+003   -6.335539779139e+003
2.823238209999998e+008   -5.983138630328e+006    5.679691965754e+005    3.325579749618e+006   -3.536305972993e+003    1.461694764215e+003   -6.596019153620e+003
2.823238810000000e+008   -6.181922251262e+006    6.543516703981e+005    2.922732431156e+006   -3.087343012656e+003    1.416598801368e+003   -6.827254414320e+003
2.823239410000002e+008   -6.353344409185e+006    7.378378184366e+005    2.506913196799e+006   -2.624632825318e+003    1.365234119186e+003   -7.028242357820e+003
2.823240009999998e+008   -6.496644614378e+006    8.180582663960e+005    2.079966291121e+006   -2.150278420046e+003    1.307788110987e+003   -7.198049541195e+003
2.823240609999999e+008   -6.611187243060e+006    8.946587259124e+005    1.643786463303e+006   -1.666386544890e+003    1.244570947992e+003   -7.335902510034e+003
2.823241210000001e+008   -6.696466196491e+006    9.672992473922e+005    1.200309974679e+006   -1.175247969586e+003    1.175913996922e+003   -7.441157508793e+003
2.823241810000004e+008   -6.752106059345e+006    1.035658441184e+006    7.515059008157e+005   -6.788362341121e+002    1.101942007329e+003   -7.513411309612e+003
2.823242409999999e+008   -6.777864327395e+006    1.099434184756e+006    2.993659351557e+005   -1.795269358276e+002    1.023154783570e+003   -7.552310011227e+003
2.823243010000001e+008   -6.773636390628e+006    1.158346551449e+006   -1.541014027215e+005    3.204079250116e+002    9.398723535391e+002   -7.557689890046e+003
2.823243610000003e+008   -6.739448636389e+006    1.212135960737e+006   -6.068854784669e+005    8.187912237190e+002    8.524155081351e+002   -7.529567377602e+003
2.823244209999999e+008   -6.675462299132e+006    1.260565895426e+006   -1.056979236565e+006    1.313274172054e+003    7.613254708408e+002   -7.468028615235e+003
2.823244810000001e+008   -6.581975288185e+006    1.303425531518e+006   -1.502388497244e+006    1.801775487593e+003    6.668456998459e+002   -7.373470195085e+003
2.823245410000002e+008   -6.459414090334e+006    1.340527145222e+006   -1.941142569835e+006    2.282048341658e+003    5.694618782333e+002   -7.246278427979e+003
2.823246009999998e+008   -6.308337017848e+006    1.371711753366e+006   -2.371302947220e+006    2.751941306553e+003    4.696555944641e+002   -7.087119781082e+003
2.823246610000000e+008   -6.129428251415e+006    1.396844890690e+006   -2.790971915773e+006    3.209410573377e+003    3.678359171091e+002   -6.896680900629e+003
2.823247210000002e+008   -5.923495384604e+006    1.415819523678e+006   -3.198302559242e+006    3.652445468941e+003    2.644642129593e+002   -6.675968485017e+003
2.823247809999998e+008   -5.691463941201e+006    1.428556496427e+006   -3.591502467695e+006    4.079108077678e+003    1.599696859838e+002   -6.425859352754e+003
2.823248409999999e+008   -5.434373389285e+006    1.435003738887e+006   -3.968844644076e+006    4.487421561462e+003    5.488054397875e+001   -6.147600254812e+003
2.823249010000002e+008   -5.153374548246e+006    1.435138434616e+006   -4.328677808355e+006    4.875670262230e+003   -5.031449757162e+001   -5.842468370373e+003
2.823249609999997e+008   -4.849725134839e+006    1.428964159819e+006   -4.669430704941e+006    5.242194030242e+003   -1.552927875311e+002   -5.511830977012e+003
2.823250209999999e+008   -4.524769124044e+006    1.416513613299e+006   -4.989614636248e+006    5.585470331102e+003   -2.594496160380e+002   -5.157165564160e+003
2.823250810000001e+008   -4.179955831894e+006    1.397846465760e+006   -5.287839731675e+006    5.904016463778e+003   -3.624551642854e+002   -4.780079699101e+003
2.823334200000001e+008    5.231030735383e+006   -1.427535113688e+006    4.241715153838e+006   -4.803347152666e+003    2.249157865959e+001    5.898445146785e+003
2.823334800000002e+008    4.931554109590e+006   -1.423051062408e+006    4.586021915178e+006   -5.175513430952e+003    1.268729872047e+002    5.574256633424e+003
2.823335399999998e+008    4.610421244416e+006   -1.412318090509e+006    4.910134262987e+006   -5.524970377373e+003    2.307151957163e+002    5.225531010639e+003
2.823336000000000e+008    4.269040146175e+006   -1.395382753688e+006    5.212622395869e+006   -5.850192373412e+003    3.335387981136e+002    4.853735769896e+003
2.823336600000002e+008    3.908909265452e+006   -1.372318919207e+006    5.492151863786e+006   -6.149788422030e+003    4.349116636361e+002    4.460488624680e+003
2.823337199999998e+008    3.531606625957e+006   -1.343227797853e+006    5.747489585802e+006   -6.422319536979e+003    5.343861777548e+002    4.047597209758e+003
2.823337799999999e+008    3.138792324220e+006   -1.308235634671e+006    5.977509846118e+006   -6.666711360603e+003    6.315120952622e+002    3.616869754655e+003
2.823338400000002e+008    2.732187715392e+006   -1.267496323266e+006    6.181195327915e+006   -6.881820499389e+003    7.258847074686e+002    3.170134378408e+003
2.823338999999997e+008    2.313578348122e+006   -1.221188131296e+006    6.357645108726e+006   -7.066736482618e+003    8.170881504969e+002    2.709339579707e+003
2.823339599999999e+008    1.884800966738e+006   -1.169513262411e+006    6.506078181668e+006   -7.220606017374e+003    9.047156345101e+002    2.236533951087e+003
2.823340200000001e+008    1.447740555574e+006   -1.112697615544e+006    6.625837460280e+006   -7.342743413936e+003    9.883722917632e+002    1.753806359117e+003
2.823340800000003e+008    1.004315091340e+006   -1.050991046559e+006    6.716380803373e+006   -7.432649105667e+003    1.067682784106e+003    1.263305974988e+003
2.823341399999999e+008    5.564744483188e+005   -9.846627952008e+005    6.777311517070e+006   -7.489903979213e+003    1.142334178840e+003    7.670021037703e+002
2.823342000000001e+008    1.061872947215e+005   -9.140038026112e+005    6.808349876038e+006   -7.514207579500e+003    1.212007123407e+003    2.672742443614e+002
2.823342600000002e+008   -3.445667559740e+005   -8.393235291047e+005    6.809353636465e+006   -7.505452310317e+003    1.276350768766e+003   -2.338477916324e+002
2.823343199999998e+008   -7.938039240063e+005   -7.609497365308e+005    6.780304047107e+006   -7.463659944446e+003    1.335081714797e+003   -7.341239781874e+002
2.823343800000000e+008   -1.239547067288e+006   -6.792252078566e+005    6.721326367097e+006   -7.388995637267e+003    1.387961406477e+003   -1.231264053255e+003
2.823344400000002e+008   -1.679831081008e+006   -5.945093467927e+005    6.632665374640e+006   -7.281744418261e+003    1.434739689953e+003   -1.723157560015e+003
2.823344999999998e+008   -2.112714746342e+006   -5.071740620036e+005    6.514704886560e+006   -7.142392695704e+003    1.475239563615e+003   -2.207633709706e+003
2.823345600000000e+008   -2.536287205620e+006   -4.176040025990e+005    6.367947768824e+006   -6.971489902467e+003    1.509238675201e+003   -2.682481612799e+003
2.823346200000002e+008   -2.948676933306e+006   -3.261930380086e+005    6.193035951362e+006   -6.769787226179e+003    1.536599979549e+003   -3.145770047111e+003
2.823346799999998e+008   -3.348060853006e+006   -2.333430468183e+005    5.990732442974e+006   -6.538115185338e+003    1.557185919434e+003   -3.595307660749e+003
2.823347399999999e+008   -3.732669940162e+006   -1.394629134169e+005    5.761918840503e+006   -6.277480375114e+003    1.570913899404e+003   -4.029092812335e+003
2.823348000000001e+008   -4.100800126059e+006   -4.496810300440e+004    5.507595846648e+006   -5.989009973111e+003    1.577707218371e+003   -4.445223663675e+003
2.823348599999997e+008   -4.450819216042e+006    4.972646637845e+004    5.228881281570e+006   -5.673980406443e+003    1.577523886827e+003   -4.841848131609e+003
2.823349199999999e+008   -4.781173400586e+006    1.442003016777e+005    4.926999093213e+006   -5.333736878056e+003    1.570367444755e+003   -5.217184018818e+003
2.823349800000001e+008   -5.090394151967e+006    2.380364030007e+005    4.603279368972e+006   -4.969814530318e+003    1.556302351390e+003   -5.569508815452e+003
2.823350400000003e+008   -5.377107458088e+006    3.308205495217e+005    4.259148350704e+006   -4.583767514753e+003    1.535318887583e+003   -5.897239984284e+003
2.823350999999999e+008   -5.640038273685e+006    4.221415872013e+005    3.896127641999e+006   -4.177377394595e+003    1.507533919567e+003   -6.198964611566e+003
2.823351600000001e+008   -5.878015069715e+006    5.115948044392e+005    3.515820715739e+006   -3.752379553962e+003    1.473111831979e+003   -6.473219856672e+003
2.823352200000002e+008   -6.089987420481e+006    5.987867508751e+005    3.119913943000e+006   -3.310653068744e+003    1.432102498223e+003   -6.718802650225e+003
2.823352799999998e+008   -6.274995364509e+006    6.833241104401e+005    2.710156242536e+006   -2.854173976668e+003    1.384778943495e+003   -6.934659754668e+003
2.823353400000000e+008   -6.432229271935e+006    7.648382061160e+005    2.288368379572e+006   -2.385092635121e+003    1.331343116183e+003   -7.119707651357e+003
2.823354000000002e+008   -6.560988676691e+006    8.429667550999e+005    1.856421697775e+006   -1.905321263639e+003    1.271942168331e+003   -7.273183213099e+003
2.823354599999998e+008   -6.660703926625e+006    9.173639862317e+005    1.416233955030e+006   -1.417303936564e+003    1.207033329991e+003   -7.394302430887e+003
2.823355200000000e+008   -6.730934366995e+006    9.877004592566e+005    9.697593204527e+005   -9.229604538438e+002    1.136667758012e+003   -7.482622170090e+003
2.823355800000002e+008   -6.771373482733e+006    1.053665760376e+006    5.189802828828e+005   -4.246222308301e+002    1.061349514038e+003   -7.537748603937e+003
2.823356399999998e+008   -6.781847707463e+006    1.114968479840e+006    6.589804892833e+004    7.550724167871e+001    9.813287212699e+002   -7.559378126166e+003
2.823356999999999e+008   -6.762319733452e+006    1.171339067036e+006   -3.874768515223e+005    5.751703135356e+002    8.969661278789e+002   -7.547497037519e+003
2.823357600000001e+008   -6.712885451161e+006    1.222529848620e+006   -8.391333703062e+005    1.072012592226e+003    8.087524359340e+002   -7.502151475083e+003
2.823358199999997e+008   -6.633777429059e+006    1.268316740611e+006   -1.287069735248e+006    1.563908753339e+003    7.169456599440e+002   -7.423547960557e+003
2.823358799999999e+008   -6.525356474708e+006    1.308499714503e+006   -1.729304163920e+006    2.048695432190e+003    6.219960279390e+002   -7.312122945101e+003
2.823359400000001e+008   -6.388117248944e+006    1.342904066484e+006   -2.163880454439e+006    2.524187767925e+003    5.243849890903e+002   -7.168392843525e+003
2.823360000000003e+008   -6.222683938234e+006    1.371381461092e+006   -2.588879592495e+006    2.988158987939e+003    4.245349361177e+002   -6.993024005231e+003
2.823360599999998e+008   -6.029804511920e+006    1.393810131566e+006   -3.002427760723e+006    3.438710461792e+003    3.228449572013e+002   -6.786853316217e+003
2.823361200000001e+008   -5.810347985599e+006    1.410095267972e+006   -3.402705243165e+006    3.873759235775e+003    2.198077268695e+002   -6.550847357726e+003
2.823361800000002e+008   -5.565300242334e+006    1.420169327938e+006   -3.787953032081e+006    4.291448371463e+003    1.158962575533e+002   -6.286053080717e+003
2.823362399999998e+008   -5.295760946170e+006    1.423993955550e+006   -4.156484532916e+006    4.689855189881e+003    1.160067498578e+001   -5.993837328587e+003
2.823363000000000e+008   -5.002933318436e+006    1.421556130859e+006   -4.506685581156e+006    5.067437138729e+003   -9.272733145698e+001   -5.675277570796e+003
2.823363600000002e+008   -4.688122661354e+006    1.412872067839e+006   -4.837028444576e+006    5.422379900031e+003   -1.965506011799e+002   -5.332110825888e+003
2.823448180000003e+008    5.088170259116e+006   -1.414545651648e+006    4.415335370205e+006   -4.991332179388e+003    6.330504369674e+001    5.740319257447e+003
2.823448790000001e+008    4.772385630989e+006   -1.407475673889e+006    4.755185062935e+006   -5.358463953646e+003    1.683820409393e+002    5.397872316499e+003
2.823449390000003e+008    4.440636218847e+006   -1.394287220109e+006    5.068353535042e+006   -5.695876021635e+003    2.710044152849e+002    5.037136776713e+003
2.823449989999998e+008    4.089383539694e+006   -1.374975210625e+006    5.359200562343e+006   -6.008290981643e+003    3.724294070391e+002    4.654170391919e+003
2.823450590000001e+008    3.720170573918e+006   -1.349622957585e+006    5.626444123313e+006   -6.294317656264e+003    4.722622080834e+002    4.250670877785e+003
2.823451190000002e+008    3.334616702904e+006   -1.318341761967e+006    5.868904570704e+006   -6.552752049927e+003    5.699891164197e+002    3.828406249737e+003
2.823451789999998e+008    2.934414252017e+006   -1.281268288198e+006    6.085512137307e+006   -6.782467133086e+003    6.652532976115e+002    3.389174656054e+003
2.823452390000000e+008    2.521319015032e+006   -1.238564073501e+006    6.275306951429e+006   -6.982348813196e+003    7.575968027493e+002    2.934994261683e+003
2.823452990000002e+008    2.097145409186e+006   -1.190416944030e+006    6.437451544740e+006   -7.151582239962e+003    8.466365387567e+002    2.467863722960e+003
2.823453589999998e+008    1.663755256027e+006   -1.137037226849e+006    6.571225370742e+006   -7.289449932803e+003    9.319529606592e+002    1.989711853188e+003
2.823454200000002e+008    1.215655419970e+006   -1.077644330831e+006    6.677531423813e+006   -7.396764395823e+003    1.014519989604e+003    1.494450014511e+003
2.823454799999998e+008    7.695017228518e+005   -1.014445507060e+006    6.752412437934e+006   -7.469590945665e+003    1.091263957061e+003    1.000591673086e+003
2.823455399999999e+008    3.199639377349e+005   -9.467853214649e+005    6.797515137060e+006   -7.509534580709e+003    1.163183880281e+003    5.022394846475e+002
2.823456000000001e+008   -1.309812972790e+005   -8.749593227144e+005    6.812637284251e+006   -7.516463326435e+003    1.230026406981e+003    1.473225108615e+000
2.823456599999997e+008   -5.813503253164e+005   -7.992836496379e+005    6.797690130323e+006   -7.490313478185e+003    1.291495986862e+003   -4.993572199218e+002
2.823457199999999e+008   -1.029160653481e+006   -7.200896019353e+005    6.752746927509e+006   -7.431202119848e+003    1.347274214108e+003   -9.983116716791e+002
2.823457800000001e+008   -1.472439249869e+006   -6.377249557965e+005    6.677984942849e+006   -7.339332668780e+003    1.397136961633e+003   -1.492939805562e+003
2.823458400000003e+008   -1.909232116948e+006   -5.525511798048e+005    6.573725973983e+006   -7.215095480297e+003    1.440865037235e+003   -1.981130992398e+003
2.823458999999999e+008   -2.337612340415e+006   -4.649423410327e+005    6.440416362295e+006   -7.058995576829e+003    1.478263995721e+003   -2.460834414984e+003
2.823459630000001e+008   -2.776287260907e+006   -3.707549841153e+005    6.269815292689e+006   -6.861578019628e+003    1.510536583927e+003   -2.952895461498e+003
2.823460230000003e+008   -3.181554358187e+006   -2.793702877703e+005    6.078904092872e+006   -6.642376933489e+003    1.534430614260e+003   -3.408482367447e+003
2.823460829999999e+008   -3.572784607051e+006   -1.867533573730e+005    5.861097526993e+006   -6.393811101231e+003    1.551592928226e+003   -3.849097446107e+003
2.823461430000001e+008   -3.948244548728e+006   -9.331219289611e+004    5.617346750982e+006   -6.116915577002e+003    1.561900660467e+003   -4.272909013063e+003
2.823462030000003e+008   -4.306271276436e+006    5.412902531144e+002    5.348722035779e+006   -5.812911692575e+003    1.565325056246e+003   -4.677955075616e+003
2.823462629999998e+008   -4.645274597587e+006    9.439159967788e+004    5.056402270865e+006   -5.483056938903e+003    1.561824311111e+003   -5.062463582989e+003
2.823463230000001e+008   -4.963746618902e+006    1.878243400234e+005    4.741672480106e+006   -5.128820482255e+003    1.551409293892e+003   -5.424652136807e+003
2.823463830000002e+008   -5.260276416195e+006    2.804268065797e+005    4.405922345692e+006   -4.751814135888e+003    1.534150776813e+003   -5.762928103579e+003
2.823464429999998e+008   -5.533541629119e+006    3.717889127431e+005    4.050631894458e+006   -4.353688915924e+003    1.510083764407e+003   -6.075718787607e+003
2.823465030000000e+008   -5.782327877389e+006    4.615046053782e+005    3.677372229607e+006   -3.936127102784e+003    1.479339414052e+003   -6.361671438030e+003
2.823465630000002e+008   -6.005528785528e+006    5.491802823765e+005    3.287794531128e+006   -3.501135416850e+003    1.442025081000e+003   -6.619462776154e+003
2.823466229999998e+008   -6.202148986578e+006    6.344236853621e+005    2.883624560169e+006   -3.050478821095e+003    1.398330840560e+003   -6.847909913806e+003
2.823466829999999e+008   -6.371315570527e+006    7.168584915029e+005    2.466654678367e+006   -2.586319969556e+003    1.348459651308e+003   -7.045969313975e+003
2.823467430000002e+008   -6.512277739378e+006    7.961196318945e+005    2.038734347061e+006   -2.110703177380e+003    1.292588520006e+003   -7.212747634027e+003
2.823468029999997e+008   -6.624410518696e+006    8.718568366831e+005    1.601764033494e+006   -1.625712399476e+003    1.231010031271e+003   -7.347551461571e+003
2.823468629999999e+008   -6.707216744259e+006    9.437328155738e+005    1.157681013951e+006   -1.133512958890e+003    1.163946755138e+003   -7.449737254897e+003
2.823469230000001e+008   -6.760333846675e+006    1.011431533167e+006    7.084592852048e+005   -6.364144350285e+002    1.091830496926e+003   -7.518781227466e+003
2.823469829999997e+008   -6.783530652696e+006    1.074653151187e+006    2.560926590441e+005   -1.365508141018e+002    1.014799066739e+003   -7.554469893227e+003
2.823470429999999e+008   -6.776714351035e+006    1.133120759566e+006   -1.974100260649e+005    3.637072988878e+002    9.333797203478e+002   -7.556669362208e+003
2.823471030000001e+008   -6.739922412646e+006    1.186575434034e+006   -6.500366183977e+005    8.621856739228e+002    8.478142862893e+002   -7.525316078089e+003
2.823471630000002e+008   -6.673329222228e+006    1.234782827747e+006   -1.099780241863e+006    1.356672394259e+003    7.585417198238e+002   -7.460616414239e+003
2.823472229999998e+008   -6.577244192129e+006    1.277533419094e+006   -1.544649399079e+006    1.844930694407e+003    6.659647144796e+002   -7.362876705345e+003
2.823472830000001e+008   -6.452107800582e+006    1.314640853218e+006   -1.982676677925e+006    2.324761612064e+003    5.704739047415e+002   -7.232593348558e+003
2.823473430000002e+008   -6.298486749548e+006    1.345943529831e+006   -2.411925659369e+006    2.794019810353e+003    4.725421037672e+002   -7.070402824801e+003
2.823474029999998e+008   -6.117078508417e+006    1.371307929422e+006   -2.830503009922e+006    3.250636681225e+003    3.726488509459e+002   -6.877031739909e+003
2.823474630000000e+008   -5.908701087438e+006    1.390626028871e+006   -3.236566198442e+006    3.692659254793e+003    2.711012721432e+002   -6.653426896633e+003
2.823475230000002e+008   -5.674292282484e+006    1.403817319327e+006   -3.628329997279e+006    4.118023842150e+003    1.685033514017e+002   -6.400574903343e+003
2.823475829999998e+008   -5.414904072500e+006    1.410828157016e+006   -4.004077091457e+006    4.525005584856e+003    6.521243192247e+001   -6.119712932752e+003
2.823476429999999e+008   -5.131695522917e+006    1.411633014955e+006   -4.362160590186e+006    4.911759755258e+003   -3.833324041558e+001   -5.812047958296e+003
2.823477030000001e+008   -4.825930860787e+006    1.406233039928e+006   -4.701016830087e+006    5.276605280952e+003   -1.415584395531e+002   -5.479047214165e+003
2.823477629999997e+008   -4.498969712144e+006    1.394656169627e+006   -5.019168891105e+006    5.618037316583e+003   -2.440999897786e+002   -5.122188231832e+003
2.823478180000000e+008   -4.181875781968e+006    1.378667333883e+006   -5.291438009201e+006    5.909114464398e+003   -3.370857787489e+002   -4.775486714310e+003
